3.200000000000000000e+01
3.400000000000000000e+01
3.400000000000000000e+01
3.600000000000000000e+01
3.600000000000000000e+01
3.800000000000000000e+01
3.800000000000000000e+01
3.800000000000000000e+01
3.800000000000000000e+01
3.800000000000000000e+01
3.800000000000000000e+01
3.800000000000000000e+01
3.800000000000000000e+01
3.800000000000000000e+01
3.800000000000000000e+01
3.800000000000000000e+01
3.800000000000000000e+01
3.800000000000000000e+01
3.800000000000000000e+01
3.800000000000000000e+01
3.800000000000000000e+01
3.800000000000000000e+01
3.800000000000000000e+01
3.800000000000000000e+01
3.800000000000000000e+01
3.800000000000000000e+01
3.800000000000000000e+01
3.800000000000000000e+01
3.800000000000000000e+01
3.800000000000000000e+01
3.800000000000000000e+01
3.800000000000000000e+01
3.800000000000000000e+01
3.800000000000000000e+01
3.800000000000000000e+01
3.800000000000000000e+01
3.800000000000000000e+01
3.800000000000000000e+01
3.800000000000000000e+01
4.100000000000000000e+01
4.500000000000000000e+01
4.500000000000000000e+01
5.000000000000000000e+01
5.200000000000000000e+01
5.700000000000000000e+01
5.700000000000000000e+01
6.000000000000000000e+01
6.100000000000000000e+01
6.300000000000000000e+01
7.300000000000000000e+01
7.300000000000000000e+01
8.400000000000000000e+01
9.500000000000000000e+01
1.070000000000000000e+02
1.070000000000000000e+02
1.080000000000000000e+02
1.090000000000000000e+02
1.090000000000000000e+02
1.090000000000000000e+02
1.090000000000000000e+02
1.090000000000000000e+02
1.090000000000000000e+02
1.090000000000000000e+02
1.090000000000000000e+02
1.020000000000000000e+02
9.700000000000000000e+01
8.900000000000000000e+01
8.500000000000000000e+01
8.000000000000000000e+01
7.300000000000000000e+01
7.100000000000000000e+01
7.100000000000000000e+01
7.100000000000000000e+01
7.100000000000000000e+01
7.100000000000000000e+01
7.100000000000000000e+01
7.100000000000000000e+01
7.100000000000000000e+01
7.100000000000000000e+01
7.100000000000000000e+01
7.100000000000000000e+01
7.100000000000000000e+01
7.100000000000000000e+01
7.100000000000000000e+01
7.100000000000000000e+01
7.100000000000000000e+01
7.100000000000000000e+01
7.100000000000000000e+01
7.100000000000000000e+01
7.100000000000000000e+01
7.100000000000000000e+01
7.100000000000000000e+01
7.100000000000000000e+01
7.100000000000000000e+01
7.100000000000000000e+01
7.100000000000000000e+01
7.100000000000000000e+01
7.100000000000000000e+01
7.100000000000000000e+01
7.100000000000000000e+01
7.100000000000000000e+01
7.100000000000000000e+01
7.100000000000000000e+01
7.100000000000000000e+01
7.000000000000000000e+01
7.000000000000000000e+01
6.800000000000000000e+01
6.600000000000000000e+01
6.600000000000000000e+01
6.200000000000000000e+01
6.100000000000000000e+01
5.800000000000000000e+01
5.600000000000000000e+01
5.500000000000000000e+01
5.100000000000000000e+01
5.000000000000000000e+01
4.800000000000000000e+01
4.500000000000000000e+01
4.000000000000000000e+01
3.800000000000000000e+01
3.800000000000000000e+01
3.500000000000000000e+01
3.400000000000000000e+01
3.200000000000000000e+01
3.200000000000000000e+01
3.000000000000000000e+01
2.600000000000000000e+01
2.500000000000000000e+01
