0.000000000000000000e+00
0.000000000000000000e+00
0.000000000000000000e+00
0.000000000000000000e+00
0.000000000000000000e+00
0.000000000000000000e+00
0.000000000000000000e+00
0.000000000000000000e+00
0.000000000000000000e+00
0.000000000000000000e+00
0.000000000000000000e+00
0.000000000000000000e+00
0.000000000000000000e+00
0.000000000000000000e+00
0.000000000000000000e+00
0.000000000000000000e+00
0.000000000000000000e+00
0.000000000000000000e+00
0.000000000000000000e+00
0.000000000000000000e+00
0.000000000000000000e+00
0.000000000000000000e+00
0.000000000000000000e+00
0.000000000000000000e+00
0.000000000000000000e+00
0.000000000000000000e+00
0.000000000000000000e+00
0.000000000000000000e+00
0.000000000000000000e+00
0.000000000000000000e+00
0.000000000000000000e+00
0.000000000000000000e+00
0.000000000000000000e+00
0.000000000000000000e+00
0.000000000000000000e+00
0.000000000000000000e+00
0.000000000000000000e+00
0.000000000000000000e+00
0.000000000000000000e+00
0.000000000000000000e+00
0.000000000000000000e+00
0.000000000000000000e+00
0.000000000000000000e+00
0.000000000000000000e+00
0.000000000000000000e+00
0.000000000000000000e+00
0.000000000000000000e+00
0.000000000000000000e+00
0.000000000000000000e+00
0.000000000000000000e+00
0.000000000000000000e+00
9.000000000000000000e+00
1.600000000000000000e+01
2.400000000000000000e+01
2.400000000000000000e+01
3.100000000000000000e+01
3.800000000000000000e+01
4.400000000000000000e+01
5.300000000000000000e+01
5.300000000000000000e+01
6.000000000000000000e+01
6.700000000000000000e+01
7.500000000000000000e+01
7.500000000000000000e+01
7.900000000000000000e+01
7.900000000000000000e+01
7.900000000000000000e+01
7.900000000000000000e+01
7.900000000000000000e+01
7.900000000000000000e+01
7.900000000000000000e+01
7.900000000000000000e+01
7.900000000000000000e+01
7.900000000000000000e+01
7.900000000000000000e+01
7.900000000000000000e+01
7.900000000000000000e+01
7.900000000000000000e+01
7.900000000000000000e+01
7.900000000000000000e+01
7.900000000000000000e+01
7.900000000000000000e+01
7.900000000000000000e+01
7.900000000000000000e+01
7.900000000000000000e+01
7.900000000000000000e+01
7.900000000000000000e+01
7.900000000000000000e+01
7.900000000000000000e+01
7.900000000000000000e+01
7.900000000000000000e+01
7.900000000000000000e+01
7.900000000000000000e+01
7.900000000000000000e+01
7.900000000000000000e+01
7.900000000000000000e+01
7.900000000000000000e+01
7.900000000000000000e+01
7.900000000000000000e+01
7.900000000000000000e+01
7.900000000000000000e+01
7.900000000000000000e+01
7.900000000000000000e+01
7.900000000000000000e+01
7.900000000000000000e+01
7.900000000000000000e+01
7.900000000000000000e+01
7.900000000000000000e+01
7.900000000000000000e+01
7.900000000000000000e+01
7.900000000000000000e+01
7.900000000000000000e+01
7.900000000000000000e+01
7.900000000000000000e+01
7.900000000000000000e+01
7.900000000000000000e+01
7.900000000000000000e+01
7.800000000000000000e+01
7.800000000000000000e+01
7.700000000000000000e+01
7.500000000000000000e+01
7.400000000000000000e+01
7.200000000000000000e+01
6.900000000000000000e+01
6.800000000000000000e+01
6.500000000000000000e+01
6.500000000000000000e+01
6.400000000000000000e+01
