1.680000000000000000e+02
1.660000000000000000e+02
1.720000000000000000e+02
1.720000000000000000e+02
1.710000000000000000e+02
1.750000000000000000e+02
1.710000000000000000e+02
1.760000000000000000e+02
1.770000000000000000e+02
1.710000000000000000e+02
1.740000000000000000e+02
1.740000000000000000e+02
1.730000000000000000e+02
1.710000000000000000e+02
1.690000000000000000e+02
1.680000000000000000e+02
1.690000000000000000e+02
1.680000000000000000e+02
1.670000000000000000e+02
1.640000000000000000e+02
1.640000000000000000e+02
1.600000000000000000e+02
1.580000000000000000e+02
1.580000000000000000e+02
1.610000000000000000e+02
1.600000000000000000e+02
1.610000000000000000e+02
1.610000000000000000e+02
1.630000000000000000e+02
1.620000000000000000e+02
1.620000000000000000e+02
1.620000000000000000e+02
1.600000000000000000e+02
1.570000000000000000e+02
1.540000000000000000e+02
1.540000000000000000e+02
1.550000000000000000e+02
1.550000000000000000e+02
1.530000000000000000e+02
1.530000000000000000e+02
1.520000000000000000e+02
1.500000000000000000e+02
1.490000000000000000e+02
1.440000000000000000e+02
1.450000000000000000e+02
1.440000000000000000e+02
1.410000000000000000e+02
1.390000000000000000e+02
1.400000000000000000e+02
1.350000000000000000e+02
1.340000000000000000e+02
1.300000000000000000e+02
1.310000000000000000e+02
1.290000000000000000e+02
1.250000000000000000e+02
1.250000000000000000e+02
1.260000000000000000e+02
1.210000000000000000e+02
1.190000000000000000e+02
1.180000000000000000e+02
1.100000000000000000e+02
1.070000000000000000e+02
1.060000000000000000e+02
1.020000000000000000e+02
9.900000000000000000e+01
9.500000000000000000e+01
9.000000000000000000e+01
8.700000000000000000e+01
8.500000000000000000e+01
8.100000000000000000e+01
7.900000000000000000e+01
7.500000000000000000e+01
7.200000000000000000e+01
7.200000000000000000e+01
6.500000000000000000e+01
6.400000000000000000e+01
6.000000000000000000e+01
5.700000000000000000e+01
5.600000000000000000e+01
5.400000000000000000e+01
5.200000000000000000e+01
4.800000000000000000e+01
4.300000000000000000e+01
4.100000000000000000e+01
3.700000000000000000e+01
3.600000000000000000e+01
3.400000000000000000e+01
3.300000000000000000e+01
3.300000000000000000e+01
3.200000000000000000e+01
3.900000000000000000e+01
4.500000000000000000e+01
4.600000000000000000e+01
4.700000000000000000e+01
4.800000000000000000e+01
5.100000000000000000e+01
