4.200000000000000000e+01
4.400000000000000000e+01
4.400000000000000000e+01
4.600000000000000000e+01
4.800000000000000000e+01
4.800000000000000000e+01
5.300000000000000000e+01
5.300000000000000000e+01
5.300000000000000000e+01
5.600000000000000000e+01
6.000000000000000000e+01
6.000000000000000000e+01
6.500000000000000000e+01
6.800000000000000000e+01
6.800000000000000000e+01
7.000000000000000000e+01
7.600000000000000000e+01
7.600000000000000000e+01
7.700000000000000000e+01
7.800000000000000000e+01
7.800000000000000000e+01
8.000000000000000000e+01
8.100000000000000000e+01
8.100000000000000000e+01
8.600000000000000000e+01
8.800000000000000000e+01
8.800000000000000000e+01
9.200000000000000000e+01
9.400000000000000000e+01
9.400000000000000000e+01
9.900000000000000000e+01
1.000000000000000000e+02
1.000000000000000000e+02
1.070000000000000000e+02
1.110000000000000000e+02
1.110000000000000000e+02
1.150000000000000000e+02
1.220000000000000000e+02
1.220000000000000000e+02
1.240000000000000000e+02
1.280000000000000000e+02
1.280000000000000000e+02
1.330000000000000000e+02
1.380000000000000000e+02
1.380000000000000000e+02
1.380000000000000000e+02
1.390000000000000000e+02
1.380000000000000000e+02
1.390000000000000000e+02
1.440000000000000000e+02
1.410000000000000000e+02
1.440000000000000000e+02
1.500000000000000000e+02
1.490000000000000000e+02
1.480000000000000000e+02
1.450000000000000000e+02
1.430000000000000000e+02
1.460000000000000000e+02
1.510000000000000000e+02
1.490000000000000000e+02
1.500000000000000000e+02
1.500000000000000000e+02
1.480000000000000000e+02
1.470000000000000000e+02
1.470000000000000000e+02
1.460000000000000000e+02
1.470000000000000000e+02
1.480000000000000000e+02
1.460000000000000000e+02
1.460000000000000000e+02
1.470000000000000000e+02
1.470000000000000000e+02
1.480000000000000000e+02
1.490000000000000000e+02
1.480000000000000000e+02
1.460000000000000000e+02
1.520000000000000000e+02
1.460000000000000000e+02
1.460000000000000000e+02
1.490000000000000000e+02
1.480000000000000000e+02
1.480000000000000000e+02
1.510000000000000000e+02
1.480000000000000000e+02
1.510000000000000000e+02
1.510000000000000000e+02
1.490000000000000000e+02
1.570000000000000000e+02
1.620000000000000000e+02
1.610000000000000000e+02
1.640000000000000000e+02
1.640000000000000000e+02
1.630000000000000000e+02
1.640000000000000000e+02
1.680000000000000000e+02
1.680000000000000000e+02
1.680000000000000000e+02
1.710000000000000000e+02
1.690000000000000000e+02
1.710000000000000000e+02
1.710000000000000000e+02
1.690000000000000000e+02
1.680000000000000000e+02
1.670000000000000000e+02
1.650000000000000000e+02
1.670000000000000000e+02
1.640000000000000000e+02
1.640000000000000000e+02
1.650000000000000000e+02
1.630000000000000000e+02
1.600000000000000000e+02
1.550000000000000000e+02
1.550000000000000000e+02
1.540000000000000000e+02
1.510000000000000000e+02
1.490000000000000000e+02
1.450000000000000000e+02
1.370000000000000000e+02
1.360000000000000000e+02
1.320000000000000000e+02
1.290000000000000000e+02
1.240000000000000000e+02
1.190000000000000000e+02
1.150000000000000000e+02
1.140000000000000000e+02
1.110000000000000000e+02
1.100000000000000000e+02
1.070000000000000000e+02
1.040000000000000000e+02
1.010000000000000000e+02
1.000000000000000000e+02
9.700000000000000000e+01
9.700000000000000000e+01
9.400000000000000000e+01
9.200000000000000000e+01
8.800000000000000000e+01
8.800000000000000000e+01
8.400000000000000000e+01
8.200000000000000000e+01
7.600000000000000000e+01
7.500000000000000000e+01
7.300000000000000000e+01
6.600000000000000000e+01
6.400000000000000000e+01
6.300000000000000000e+01
6.300000000000000000e+01
6.000000000000000000e+01
5.900000000000000000e+01
5.700000000000000000e+01
5.400000000000000000e+01
