0.000000000000000000e+00
0.000000000000000000e+00
0.000000000000000000e+00
0.000000000000000000e+00
0.000000000000000000e+00
0.000000000000000000e+00
1.000000000000000000e+00
6.000000000000000000e+00
1.100000000000000000e+01
1.500000000000000000e+01
1.900000000000000000e+01
2.300000000000000000e+01
2.500000000000000000e+01
2.800000000000000000e+01
3.200000000000000000e+01
3.300000000000000000e+01
3.400000000000000000e+01
3.900000000000000000e+01
4.200000000000000000e+01
4.500000000000000000e+01
4.700000000000000000e+01
4.800000000000000000e+01
5.100000000000000000e+01
5.500000000000000000e+01
6.200000000000000000e+01
6.400000000000000000e+01
6.600000000000000000e+01
7.200000000000000000e+01
7.400000000000000000e+01
7.800000000000000000e+01
8.100000000000000000e+01
8.300000000000000000e+01
8.700000000000000000e+01
8.900000000000000000e+01
9.200000000000000000e+01
9.800000000000000000e+01
1.000000000000000000e+02
1.050000000000000000e+02
1.090000000000000000e+02
1.110000000000000000e+02
1.170000000000000000e+02
1.170000000000000000e+02
1.220000000000000000e+02
1.240000000000000000e+02
1.260000000000000000e+02
1.270000000000000000e+02
1.270000000000000000e+02
1.300000000000000000e+02
1.400000000000000000e+02
1.360000000000000000e+02
1.350000000000000000e+02
1.360000000000000000e+02
1.380000000000000000e+02
1.380000000000000000e+02
1.430000000000000000e+02
1.460000000000000000e+02
1.460000000000000000e+02
1.480000000000000000e+02
1.460000000000000000e+02
1.500000000000000000e+02
1.510000000000000000e+02
1.530000000000000000e+02
1.560000000000000000e+02
1.580000000000000000e+02
1.580000000000000000e+02
1.550000000000000000e+02
1.620000000000000000e+02
1.610000000000000000e+02
1.580000000000000000e+02
1.560000000000000000e+02
1.510000000000000000e+02
1.500000000000000000e+02
1.490000000000000000e+02
1.470000000000000000e+02
1.520000000000000000e+02
1.540000000000000000e+02
1.560000000000000000e+02
1.600000000000000000e+02
1.580000000000000000e+02
1.550000000000000000e+02
1.530000000000000000e+02
1.560000000000000000e+02
1.570000000000000000e+02
1.560000000000000000e+02
1.520000000000000000e+02
1.530000000000000000e+02
1.520000000000000000e+02
1.530000000000000000e+02
1.480000000000000000e+02
1.410000000000000000e+02
1.390000000000000000e+02
1.390000000000000000e+02
1.350000000000000000e+02
1.370000000000000000e+02
1.360000000000000000e+02
1.300000000000000000e+02
