0.000000000000000000e+00
5.400000000000000000e+01
5.300000000000000000e+01
5.100000000000000000e+01
5.000000000000000000e+01
4.700000000000000000e+01
4.500000000000000000e+01
4.300000000000000000e+01
4.300000000000000000e+01
5.100000000000000000e+01
4.700000000000000000e+01
4.900000000000000000e+01
5.300000000000000000e+01
5.400000000000000000e+01
5.600000000000000000e+01
5.800000000000000000e+01
5.900000000000000000e+01
6.400000000000000000e+01
6.800000000000000000e+01
7.200000000000000000e+01
7.800000000000000000e+01
8.200000000000000000e+01
8.300000000000000000e+01
8.200000000000000000e+01
8.700000000000000000e+01
9.000000000000000000e+01
9.400000000000000000e+01
9.300000000000000000e+01
9.700000000000000000e+01
1.000000000000000000e+02
1.000000000000000000e+02
1.000000000000000000e+02
1.020000000000000000e+02
1.060000000000000000e+02
1.090000000000000000e+02
1.090000000000000000e+02
1.110000000000000000e+02
1.110000000000000000e+02
1.130000000000000000e+02
1.170000000000000000e+02
1.150000000000000000e+02
1.160000000000000000e+02
1.160000000000000000e+02
1.200000000000000000e+02
1.220000000000000000e+02
1.190000000000000000e+02
1.200000000000000000e+02
1.250000000000000000e+02
1.330000000000000000e+02
1.390000000000000000e+02
1.370000000000000000e+02
1.360000000000000000e+02
1.370000000000000000e+02
1.390000000000000000e+02
1.410000000000000000e+02
1.400000000000000000e+02
1.400000000000000000e+02
1.390000000000000000e+02
1.390000000000000000e+02
1.410000000000000000e+02
1.400000000000000000e+02
1.420000000000000000e+02
1.430000000000000000e+02
1.410000000000000000e+02
1.380000000000000000e+02
1.370000000000000000e+02
1.400000000000000000e+02
1.380000000000000000e+02
1.390000000000000000e+02
1.350000000000000000e+02
1.360000000000000000e+02
1.370000000000000000e+02
1.390000000000000000e+02
1.390000000000000000e+02
1.380000000000000000e+02
1.380000000000000000e+02
1.350000000000000000e+02
1.340000000000000000e+02
1.340000000000000000e+02
1.360000000000000000e+02
1.400000000000000000e+02
1.410000000000000000e+02
1.380000000000000000e+02
1.350000000000000000e+02
1.330000000000000000e+02
1.300000000000000000e+02
1.330000000000000000e+02
1.370000000000000000e+02
1.360000000000000000e+02
1.370000000000000000e+02
1.370000000000000000e+02
1.360000000000000000e+02
1.400000000000000000e+02
1.390000000000000000e+02
1.390000000000000000e+02
1.370000000000000000e+02
