0.000000000000000000e+00
5.600000000000000000e+01
5.000000000000000000e+01
4.900000000000000000e+01
4.700000000000000000e+01
4.600000000000000000e+01
4.200000000000000000e+01
4.200000000000000000e+01
3.700000000000000000e+01
3.500000000000000000e+01
3.400000000000000000e+01
3.000000000000000000e+01
2.600000000000000000e+01
2.300000000000000000e+01
2.300000000000000000e+01
2.300000000000000000e+01
2.300000000000000000e+01
2.300000000000000000e+01
2.300000000000000000e+01
2.100000000000000000e+01
2.100000000000000000e+01
1.900000000000000000e+01
1.700000000000000000e+01
1.700000000000000000e+01
1.900000000000000000e+01
2.200000000000000000e+01
2.100000000000000000e+01
2.100000000000000000e+01
2.100000000000000000e+01
2.100000000000000000e+01
2.000000000000000000e+01
1.900000000000000000e+01
2.000000000000000000e+01
2.000000000000000000e+01
2.200000000000000000e+01
2.200000000000000000e+01
2.300000000000000000e+01
2.100000000000000000e+01
2.200000000000000000e+01
2.200000000000000000e+01
2.300000000000000000e+01
2.300000000000000000e+01
2.600000000000000000e+01
3.000000000000000000e+01
3.100000000000000000e+01
3.200000000000000000e+01
3.300000000000000000e+01
3.300000000000000000e+01
4.300000000000000000e+01
4.800000000000000000e+01
5.100000000000000000e+01
5.400000000000000000e+01
5.900000000000000000e+01
6.100000000000000000e+01
6.100000000000000000e+01
6.200000000000000000e+01
6.300000000000000000e+01
6.400000000000000000e+01
6.600000000000000000e+01
6.800000000000000000e+01
7.100000000000000000e+01
7.700000000000000000e+01
7.700000000000000000e+01
8.000000000000000000e+01
8.100000000000000000e+01
8.400000000000000000e+01
8.700000000000000000e+01
8.800000000000000000e+01
9.000000000000000000e+01
9.200000000000000000e+01
9.300000000000000000e+01
9.600000000000000000e+01
1.050000000000000000e+02
1.060000000000000000e+02
1.070000000000000000e+02
1.100000000000000000e+02
1.120000000000000000e+02
1.130000000000000000e+02
1.160000000000000000e+02
1.150000000000000000e+02
1.140000000000000000e+02
1.140000000000000000e+02
1.130000000000000000e+02
1.160000000000000000e+02
1.150000000000000000e+02
1.150000000000000000e+02
1.150000000000000000e+02
1.170000000000000000e+02
1.180000000000000000e+02
1.150000000000000000e+02
1.160000000000000000e+02
1.160000000000000000e+02
1.170000000000000000e+02
1.150000000000000000e+02
1.110000000000000000e+02
1.140000000000000000e+02
