0.000000000000000000e+00
7.400000000000000000e+01
7.300000000000000000e+01
7.300000000000000000e+01
8.000000000000000000e+01
7.700000000000000000e+01
7.300000000000000000e+01
7.100000000000000000e+01
7.100000000000000000e+01
7.900000000000000000e+01
7.900000000000000000e+01
8.000000000000000000e+01
8.400000000000000000e+01
8.500000000000000000e+01
8.600000000000000000e+01
8.800000000000000000e+01
9.100000000000000000e+01
9.600000000000000000e+01
1.010000000000000000e+02
1.070000000000000000e+02
1.130000000000000000e+02
1.180000000000000000e+02
1.190000000000000000e+02
1.200000000000000000e+02
1.230000000000000000e+02
1.260000000000000000e+02
1.290000000000000000e+02
1.310000000000000000e+02
1.360000000000000000e+02
1.390000000000000000e+02
1.400000000000000000e+02
1.390000000000000000e+02
1.400000000000000000e+02
1.410000000000000000e+02
1.440000000000000000e+02
1.430000000000000000e+02
1.460000000000000000e+02
1.470000000000000000e+02
1.490000000000000000e+02
1.540000000000000000e+02
1.490000000000000000e+02
1.490000000000000000e+02
1.450000000000000000e+02
1.470000000000000000e+02
1.470000000000000000e+02
1.430000000000000000e+02
1.420000000000000000e+02
1.470000000000000000e+02
1.520000000000000000e+02
1.570000000000000000e+02
1.560000000000000000e+02
1.540000000000000000e+02
1.550000000000000000e+02
1.550000000000000000e+02
1.570000000000000000e+02
1.540000000000000000e+02
1.530000000000000000e+02
1.510000000000000000e+02
1.500000000000000000e+02
1.520000000000000000e+02
1.510000000000000000e+02
1.530000000000000000e+02
1.540000000000000000e+02
1.510000000000000000e+02
1.500000000000000000e+02
1.500000000000000000e+02
1.530000000000000000e+02
1.510000000000000000e+02
1.520000000000000000e+02
1.510000000000000000e+02
1.520000000000000000e+02
1.520000000000000000e+02
1.560000000000000000e+02
1.560000000000000000e+02
1.550000000000000000e+02
1.520000000000000000e+02
1.490000000000000000e+02
1.480000000000000000e+02
1.480000000000000000e+02
1.480000000000000000e+02
1.510000000000000000e+02
1.520000000000000000e+02
1.500000000000000000e+02
1.460000000000000000e+02
1.450000000000000000e+02
1.420000000000000000e+02
1.450000000000000000e+02
1.490000000000000000e+02
1.480000000000000000e+02
1.480000000000000000e+02
1.480000000000000000e+02
1.480000000000000000e+02
1.520000000000000000e+02
1.510000000000000000e+02
1.520000000000000000e+02
1.490000000000000000e+02
