0.000000000000000000e+00
0.000000000000000000e+00
0.000000000000000000e+00
0.000000000000000000e+00
0.000000000000000000e+00
0.000000000000000000e+00
0.000000000000000000e+00
3.000000000000000000e+00
7.000000000000000000e+00
1.000000000000000000e+01
1.400000000000000000e+01
1.800000000000000000e+01
2.000000000000000000e+01
2.300000000000000000e+01
2.700000000000000000e+01
2.800000000000000000e+01
2.900000000000000000e+01
3.400000000000000000e+01
3.700000000000000000e+01
4.000000000000000000e+01
4.300000000000000000e+01
4.400000000000000000e+01
4.800000000000000000e+01
5.300000000000000000e+01
6.000000000000000000e+01
6.200000000000000000e+01
6.400000000000000000e+01
7.000000000000000000e+01
7.200000000000000000e+01
7.600000000000000000e+01
7.900000000000000000e+01
8.100000000000000000e+01
8.500000000000000000e+01
8.700000000000000000e+01
9.100000000000000000e+01
9.800000000000000000e+01
1.000000000000000000e+02
1.050000000000000000e+02
1.090000000000000000e+02
1.120000000000000000e+02
1.180000000000000000e+02
1.180000000000000000e+02
1.230000000000000000e+02
1.260000000000000000e+02
1.290000000000000000e+02
1.300000000000000000e+02
1.300000000000000000e+02
1.330000000000000000e+02
1.430000000000000000e+02
1.390000000000000000e+02
1.380000000000000000e+02
1.390000000000000000e+02
1.410000000000000000e+02
1.410000000000000000e+02
1.460000000000000000e+02
1.490000000000000000e+02
1.490000000000000000e+02
1.510000000000000000e+02
1.490000000000000000e+02
1.530000000000000000e+02
1.540000000000000000e+02
1.560000000000000000e+02
1.590000000000000000e+02
1.610000000000000000e+02
1.610000000000000000e+02
1.580000000000000000e+02
1.650000000000000000e+02
1.640000000000000000e+02
1.610000000000000000e+02
1.590000000000000000e+02
1.540000000000000000e+02
1.530000000000000000e+02
1.520000000000000000e+02
1.500000000000000000e+02
1.550000000000000000e+02
1.570000000000000000e+02
1.590000000000000000e+02
1.630000000000000000e+02
1.610000000000000000e+02
1.580000000000000000e+02
1.560000000000000000e+02
1.590000000000000000e+02
1.600000000000000000e+02
1.590000000000000000e+02
1.550000000000000000e+02
1.560000000000000000e+02
1.550000000000000000e+02
1.560000000000000000e+02
1.510000000000000000e+02
1.440000000000000000e+02
1.420000000000000000e+02
1.420000000000000000e+02
1.380000000000000000e+02
1.400000000000000000e+02
1.390000000000000000e+02
1.330000000000000000e+02
