0.000000000000000000e+00
4.400000000000000000e+01
4.400000000000000000e+01
4.000000000000000000e+01
4.000000000000000000e+01
3.900000000000000000e+01
3.700000000000000000e+01
3.100000000000000000e+01
3.200000000000000000e+01
3.200000000000000000e+01
3.000000000000000000e+01
2.600000000000000000e+01
2.700000000000000000e+01
2.700000000000000000e+01
3.000000000000000000e+01
3.100000000000000000e+01
3.200000000000000000e+01
3.200000000000000000e+01
3.300000000000000000e+01
3.400000000000000000e+01
3.700000000000000000e+01
4.000000000000000000e+01
4.300000000000000000e+01
4.500000000000000000e+01
5.000000000000000000e+01
5.200000000000000000e+01
5.700000000000000000e+01
5.900000000000000000e+01
6.100000000000000000e+01
6.300000000000000000e+01
6.600000000000000000e+01
7.200000000000000000e+01
7.400000000000000000e+01
7.900000000000000000e+01
8.300000000000000000e+01
8.500000000000000000e+01
8.900000000000000000e+01
9.000000000000000000e+01
9.700000000000000000e+01
9.900000000000000000e+01
1.040000000000000000e+02
1.060000000000000000e+02
1.060000000000000000e+02
1.050000000000000000e+02
1.110000000000000000e+02
1.120000000000000000e+02
1.120000000000000000e+02
1.130000000000000000e+02
1.160000000000000000e+02
1.190000000000000000e+02
1.210000000000000000e+02
1.210000000000000000e+02
1.200000000000000000e+02
1.210000000000000000e+02
1.200000000000000000e+02
1.190000000000000000e+02
1.210000000000000000e+02
1.250000000000000000e+02
1.260000000000000000e+02
1.270000000000000000e+02
1.290000000000000000e+02
1.290000000000000000e+02
1.300000000000000000e+02
1.300000000000000000e+02
1.290000000000000000e+02
1.280000000000000000e+02
1.280000000000000000e+02
1.270000000000000000e+02
1.310000000000000000e+02
1.280000000000000000e+02
1.280000000000000000e+02
1.240000000000000000e+02
1.320000000000000000e+02
1.310000000000000000e+02
1.310000000000000000e+02
1.300000000000000000e+02
1.310000000000000000e+02
1.310000000000000000e+02
1.290000000000000000e+02
1.280000000000000000e+02
1.280000000000000000e+02
1.270000000000000000e+02
1.270000000000000000e+02
1.270000000000000000e+02
1.260000000000000000e+02
1.240000000000000000e+02
1.200000000000000000e+02
1.210000000000000000e+02
1.210000000000000000e+02
1.210000000000000000e+02
1.240000000000000000e+02
1.220000000000000000e+02
1.210000000000000000e+02
1.220000000000000000e+02
1.240000000000000000e+02
1.270000000000000000e+02
