0.000000000000000000e+00
5.800000000000000000e+01
6.000000000000000000e+01
6.100000000000000000e+01
6.300000000000000000e+01
6.900000000000000000e+01
7.200000000000000000e+01
7.300000000000000000e+01
7.500000000000000000e+01
8.300000000000000000e+01
8.400000000000000000e+01
8.600000000000000000e+01
8.800000000000000000e+01
9.200000000000000000e+01
9.700000000000000000e+01
1.000000000000000000e+02
1.040000000000000000e+02
1.070000000000000000e+02
1.090000000000000000e+02
1.150000000000000000e+02
1.170000000000000000e+02
1.200000000000000000e+02
1.230000000000000000e+02
1.250000000000000000e+02
1.300000000000000000e+02
1.350000000000000000e+02
1.390000000000000000e+02
1.420000000000000000e+02
1.430000000000000000e+02
1.480000000000000000e+02
1.510000000000000000e+02
1.530000000000000000e+02
1.530000000000000000e+02
1.520000000000000000e+02
1.540000000000000000e+02
1.570000000000000000e+02
1.590000000000000000e+02
1.600000000000000000e+02
1.610000000000000000e+02
1.590000000000000000e+02
1.560000000000000000e+02
1.550000000000000000e+02
1.480000000000000000e+02
1.510000000000000000e+02
1.480000000000000000e+02
1.440000000000000000e+02
1.430000000000000000e+02
1.380000000000000000e+02
1.350000000000000000e+02
1.320000000000000000e+02
1.290000000000000000e+02
1.280000000000000000e+02
1.280000000000000000e+02
1.240000000000000000e+02
1.170000000000000000e+02
1.130000000000000000e+02
1.080000000000000000e+02
1.040000000000000000e+02
1.010000000000000000e+02
9.800000000000000000e+01
9.800000000000000000e+01
9.500000000000000000e+01
9.300000000000000000e+01
9.100000000000000000e+01
8.900000000000000000e+01
8.700000000000000000e+01
8.300000000000000000e+01
7.700000000000000000e+01
7.400000000000000000e+01
7.300000000000000000e+01
7.200000000000000000e+01
6.800000000000000000e+01
6.400000000000000000e+01
6.100000000000000000e+01
6.100000000000000000e+01
5.800000000000000000e+01
5.800000000000000000e+01
5.600000000000000000e+01
5.400000000000000000e+01
5.200000000000000000e+01
5.100000000000000000e+01
4.700000000000000000e+01
4.400000000000000000e+01
4.400000000000000000e+01
4.400000000000000000e+01
4.400000000000000000e+01
4.100000000000000000e+01
3.700000000000000000e+01
3.600000000000000000e+01
3.600000000000000000e+01
3.400000000000000000e+01
3.300000000000000000e+01
3.100000000000000000e+01
3.000000000000000000e+01
2.900000000000000000e+01
2.800000000000000000e+01
