9.347595707013604815e-02
6.570302835578639700e-02
6.480852942663964389e-02
6.599485598946430720e-02
7.958863641364069541e-02
7.749483191110771718e-02
7.580178504411802520e-02
7.310288901602077227e-02
6.878464396322919727e-02
6.368555315962970420e-02
6.720593586281202458e-02
7.071307362410308994e-02
7.405442686380055151e-02
7.878424229572786319e-02
8.010765606620344481e-02
8.017829223251696225e-02
8.028416212121042284e-02
8.336969422265942675e-02
8.199193272368447694e-02
8.317103959915703171e-02
7.979631402815128005e-02
7.823468197160830806e-02
7.728749338334828245e-02
8.238913278845298727e-02
8.680629334369732719e-02
9.120307821372460044e-02
9.423543660888887563e-02
9.469376557370726144e-02
9.928728594382631167e-02
9.795482641352386277e-02
1.000067974891257899e-01
1.019366156131487622e-01
1.033208737102139646e-01
1.062011681828655130e-01
1.058628080482925393e-01
1.043663438305150876e-01
1.044060166795849065e-01
1.030677850842096899e-01
1.044657174906983288e-01
1.025583490668279529e-01
1.013781141235172156e-01
9.966744096980673095e-02
9.807500662635536270e-02
9.797544258958922059e-02
9.655467793980043734e-02
9.717000358803130899e-02
9.656193681325693501e-02
9.403931317465706596e-02
9.273731908393356704e-02
9.187818161008566575e-02
9.128942152266851517e-02
9.013654956333244650e-02
8.937492155590642806e-02
8.808494530876900819e-02
8.642597750955081926e-02
8.534900817758586666e-02
8.532721629117261120e-02
8.522052947087395414e-02
8.419464520841178634e-02
8.323491715095752974e-02
8.323653719585225041e-02
8.141473693154752111e-02
8.053977658414143703e-02
8.011411570191082077e-02
7.895311729253075284e-02
7.876540178667691683e-02
7.965938147570994499e-02
7.968104161124450746e-02
7.916039378051886732e-02
7.843995639621190175e-02
7.803099589765108424e-02
7.826464256909387851e-02
7.769997532349098845e-02
7.748130420978023569e-02
7.726117168148083358e-02
7.612200228396867607e-02
7.763123992119068395e-02
7.807277973984144692e-02
7.747789755469318418e-02
7.842531116315583362e-02
7.797013942939341746e-02
7.790715513986536112e-02
7.795970368202434497e-02
7.805259733613587048e-02
7.812081503639942137e-02
7.851931493200255130e-02
7.929857919209548633e-02
7.948723188398355843e-02
7.877645435373804850e-02
8.036586657078778617e-02
7.993265917959263556e-02
7.920113673050682701e-02
7.870577934237803219e-02
7.860580379359545511e-02
7.836851086907707653e-02
7.857482367377148502e-02
7.876331737973336911e-02
7.860007008412382701e-02
7.854915367293670292e-02
7.838473965452029402e-02
7.830449177313306142e-02
7.747800150107900241e-02
7.782468403405065627e-02
7.848997329133647338e-02
7.887398856018233706e-02
7.653372888933752949e-02
7.585267536693310331e-02
7.707530284323411973e-02
7.583592583278241095e-02
7.518475991403278380e-02
7.396022103273740267e-02
7.313069014935492940e-02
7.149093340999022883e-02
7.201861521774746699e-02
7.167576548868064001e-02
7.175933575557512378e-02
7.084202271817965912e-02
7.088201259228089912e-02
6.995205053406920725e-02
6.781747052735870307e-02
6.729719439631408340e-02
6.632885489052500749e-02
6.202787938558512043e-02
5.512321992426154338e-02
5.730178305887854290e-02
5.068826543979338545e-02
4.483085394820450487e-02
3.910855310956475733e-02
