3.700000000000000000e+01
3.900000000000000000e+01
4.100000000000000000e+01
4.200000000000000000e+01
4.200000000000000000e+01
4.200000000000000000e+01
4.200000000000000000e+01
4.400000000000000000e+01
4.700000000000000000e+01
4.700000000000000000e+01
5.100000000000000000e+01
5.700000000000000000e+01
6.100000000000000000e+01
6.100000000000000000e+01
6.500000000000000000e+01
6.700000000000000000e+01
7.400000000000000000e+01
7.900000000000000000e+01
7.900000000000000000e+01
8.600000000000000000e+01
9.000000000000000000e+01
9.200000000000000000e+01
9.200000000000000000e+01
9.500000000000000000e+01
9.800000000000000000e+01
1.060000000000000000e+02
1.110000000000000000e+02
1.110000000000000000e+02
1.160000000000000000e+02
1.250000000000000000e+02
1.290000000000000000e+02
1.290000000000000000e+02
1.320000000000000000e+02
1.380000000000000000e+02
1.400000000000000000e+02
1.420000000000000000e+02
1.420000000000000000e+02
1.440000000000000000e+02
1.480000000000000000e+02
1.510000000000000000e+02
1.550000000000000000e+02
1.550000000000000000e+02
1.580000000000000000e+02
1.600000000000000000e+02
1.630000000000000000e+02
1.630000000000000000e+02
1.660000000000000000e+02
1.670000000000000000e+02
1.670000000000000000e+02
1.670000000000000000e+02
1.670000000000000000e+02
1.670000000000000000e+02
1.670000000000000000e+02
1.670000000000000000e+02
1.670000000000000000e+02
1.670000000000000000e+02
1.670000000000000000e+02
1.670000000000000000e+02
1.670000000000000000e+02
1.670000000000000000e+02
1.670000000000000000e+02
1.670000000000000000e+02
1.670000000000000000e+02
1.670000000000000000e+02
1.600000000000000000e+02
1.570000000000000000e+02
1.500000000000000000e+02
1.410000000000000000e+02
1.330000000000000000e+02
1.290000000000000000e+02
1.250000000000000000e+02
1.250000000000000000e+02
1.250000000000000000e+02
1.250000000000000000e+02
1.250000000000000000e+02
1.220000000000000000e+02
1.200000000000000000e+02
1.200000000000000000e+02
1.200000000000000000e+02
1.190000000000000000e+02
1.150000000000000000e+02
1.140000000000000000e+02
1.090000000000000000e+02
1.070000000000000000e+02
1.060000000000000000e+02
1.010000000000000000e+02
9.800000000000000000e+01
9.800000000000000000e+01
9.300000000000000000e+01
8.800000000000000000e+01
8.400000000000000000e+01
8.200000000000000000e+01
7.400000000000000000e+01
7.100000000000000000e+01
6.900000000000000000e+01
6.600000000000000000e+01
6.400000000000000000e+01
6.100000000000000000e+01
5.900000000000000000e+01
5.800000000000000000e+01
5.400000000000000000e+01
5.000000000000000000e+01
4.500000000000000000e+01
4.300000000000000000e+01
3.900000000000000000e+01
3.100000000000000000e+01
2.700000000000000000e+01
2.500000000000000000e+01
2.100000000000000000e+01
1.800000000000000000e+01
1.800000000000000000e+01
1.300000000000000000e+01
8.000000000000000000e+00
6.000000000000000000e+00
5.000000000000000000e+00
5.000000000000000000e+00
2.000000000000000000e+00
1.000000000000000000e+00
0.000000000000000000e+00
0.000000000000000000e+00
0.000000000000000000e+00
0.000000000000000000e+00
0.000000000000000000e+00
0.000000000000000000e+00
0.000000000000000000e+00
0.000000000000000000e+00
0.000000000000000000e+00
0.000000000000000000e+00
