0.000000000000000000e+00
6.000000000000000000e+01
5.900000000000000000e+01
5.600000000000000000e+01
5.300000000000000000e+01
5.100000000000000000e+01
5.100000000000000000e+01
4.600000000000000000e+01
4.300000000000000000e+01
4.100000000000000000e+01
4.000000000000000000e+01
3.800000000000000000e+01
3.700000000000000000e+01
3.400000000000000000e+01
3.200000000000000000e+01
3.100000000000000000e+01
2.600000000000000000e+01
2.300000000000000000e+01
2.200000000000000000e+01
2.100000000000000000e+01
1.700000000000000000e+01
1.400000000000000000e+01
1.400000000000000000e+01
1.500000000000000000e+01
1.600000000000000000e+01
2.100000000000000000e+01
2.300000000000000000e+01
2.300000000000000000e+01
3.000000000000000000e+01
3.400000000000000000e+01
3.800000000000000000e+01
3.800000000000000000e+01
4.100000000000000000e+01
4.400000000000000000e+01
4.800000000000000000e+01
5.600000000000000000e+01
5.600000000000000000e+01
6.100000000000000000e+01
6.700000000000000000e+01
6.800000000000000000e+01
6.800000000000000000e+01
6.800000000000000000e+01
7.600000000000000000e+01
8.000000000000000000e+01
8.200000000000000000e+01
8.200000000000000000e+01
8.400000000000000000e+01
8.500000000000000000e+01
9.100000000000000000e+01
9.400000000000000000e+01
9.400000000000000000e+01
9.700000000000000000e+01
1.020000000000000000e+02
1.050000000000000000e+02
1.050000000000000000e+02
1.080000000000000000e+02
1.130000000000000000e+02
1.140000000000000000e+02
1.170000000000000000e+02
1.160000000000000000e+02
1.170000000000000000e+02
1.190000000000000000e+02
1.260000000000000000e+02
1.240000000000000000e+02
1.270000000000000000e+02
1.270000000000000000e+02
1.320000000000000000e+02
1.320000000000000000e+02
1.320000000000000000e+02
1.380000000000000000e+02
1.390000000000000000e+02
1.430000000000000000e+02
1.460000000000000000e+02
1.430000000000000000e+02
1.460000000000000000e+02
1.440000000000000000e+02
1.430000000000000000e+02
1.420000000000000000e+02
1.450000000000000000e+02
1.460000000000000000e+02
1.480000000000000000e+02
1.500000000000000000e+02
1.480000000000000000e+02
1.510000000000000000e+02
1.470000000000000000e+02
1.480000000000000000e+02
1.470000000000000000e+02
1.460000000000000000e+02
1.470000000000000000e+02
1.500000000000000000e+02
1.500000000000000000e+02
1.490000000000000000e+02
1.510000000000000000e+02
1.560000000000000000e+02
1.580000000000000000e+02
1.560000000000000000e+02
1.530000000000000000e+02
1.540000000000000000e+02
1.520000000000000000e+02
1.550000000000000000e+02
1.520000000000000000e+02
1.520000000000000000e+02
1.490000000000000000e+02
1.470000000000000000e+02
1.450000000000000000e+02
1.410000000000000000e+02
1.430000000000000000e+02
1.420000000000000000e+02
1.390000000000000000e+02
1.380000000000000000e+02
1.420000000000000000e+02
1.450000000000000000e+02
1.460000000000000000e+02
1.440000000000000000e+02
1.420000000000000000e+02
1.410000000000000000e+02
1.500000000000000000e+02
1.510000000000000000e+02
1.500000000000000000e+02
1.510000000000000000e+02
1.520000000000000000e+02
1.510000000000000000e+02
1.510000000000000000e+02
1.500000000000000000e+02
1.540000000000000000e+02
1.530000000000000000e+02
1.510000000000000000e+02
1.480000000000000000e+02
