0.000000000000000000e+00
6.300000000000000000e+01
6.300000000000000000e+01
6.100000000000000000e+01
6.000000000000000000e+01
6.000000000000000000e+01
5.700000000000000000e+01
5.700000000000000000e+01
5.600000000000000000e+01
5.400000000000000000e+01
5.000000000000000000e+01
4.700000000000000000e+01
4.700000000000000000e+01
4.600000000000000000e+01
4.400000000000000000e+01
4.100000000000000000e+01
4.100000000000000000e+01
3.900000000000000000e+01
3.700000000000000000e+01
3.600000000000000000e+01
3.400000000000000000e+01
3.400000000000000000e+01
3.300000000000000000e+01
3.200000000000000000e+01
3.300000000000000000e+01
3.300000000000000000e+01
3.300000000000000000e+01
3.300000000000000000e+01
3.400000000000000000e+01
3.400000000000000000e+01
3.400000000000000000e+01
3.400000000000000000e+01
3.500000000000000000e+01
3.600000000000000000e+01
3.700000000000000000e+01
3.800000000000000000e+01
3.800000000000000000e+01
3.900000000000000000e+01
4.400000000000000000e+01
4.900000000000000000e+01
5.100000000000000000e+01
5.100000000000000000e+01
5.500000000000000000e+01
5.700000000000000000e+01
6.000000000000000000e+01
6.000000000000000000e+01
6.200000000000000000e+01
6.200000000000000000e+01
6.500000000000000000e+01
6.700000000000000000e+01
6.700000000000000000e+01
7.400000000000000000e+01
7.600000000000000000e+01
7.900000000000000000e+01
7.700000000000000000e+01
7.600000000000000000e+01
7.600000000000000000e+01
8.400000000000000000e+01
8.900000000000000000e+01
8.900000000000000000e+01
9.100000000000000000e+01
9.400000000000000000e+01
9.600000000000000000e+01
9.600000000000000000e+01
1.000000000000000000e+02
1.060000000000000000e+02
1.070000000000000000e+02
1.140000000000000000e+02
1.120000000000000000e+02
1.130000000000000000e+02
1.150000000000000000e+02
1.170000000000000000e+02
1.190000000000000000e+02
1.190000000000000000e+02
1.210000000000000000e+02
1.260000000000000000e+02
1.310000000000000000e+02
1.290000000000000000e+02
1.300000000000000000e+02
1.340000000000000000e+02
1.360000000000000000e+02
1.360000000000000000e+02
1.340000000000000000e+02
1.390000000000000000e+02
1.400000000000000000e+02
1.410000000000000000e+02
1.400000000000000000e+02
1.420000000000000000e+02
1.400000000000000000e+02
1.420000000000000000e+02
1.470000000000000000e+02
1.450000000000000000e+02
1.480000000000000000e+02
1.500000000000000000e+02
1.550000000000000000e+02
1.500000000000000000e+02
1.530000000000000000e+02
1.570000000000000000e+02
1.530000000000000000e+02
1.550000000000000000e+02
1.540000000000000000e+02
1.510000000000000000e+02
1.500000000000000000e+02
1.510000000000000000e+02
1.560000000000000000e+02
1.540000000000000000e+02
1.540000000000000000e+02
1.580000000000000000e+02
1.580000000000000000e+02
1.570000000000000000e+02
1.540000000000000000e+02
1.510000000000000000e+02
1.460000000000000000e+02
1.480000000000000000e+02
1.450000000000000000e+02
1.420000000000000000e+02
1.390000000000000000e+02
1.370000000000000000e+02
1.320000000000000000e+02
1.300000000000000000e+02
1.320000000000000000e+02
1.300000000000000000e+02
1.340000000000000000e+02
1.320000000000000000e+02
1.350000000000000000e+02
1.350000000000000000e+02
1.410000000000000000e+02
1.320000000000000000e+02
