0.000000000000000000e+00
7.600000000000000000e+01
7.700000000000000000e+01
7.600000000000000000e+01
7.200000000000000000e+01
7.500000000000000000e+01
7.600000000000000000e+01
7.600000000000000000e+01
7.700000000000000000e+01
7.400000000000000000e+01
7.400000000000000000e+01
7.500000000000000000e+01
7.400000000000000000e+01
7.200000000000000000e+01
7.100000000000000000e+01
6.900000000000000000e+01
6.700000000000000000e+01
6.300000000000000000e+01
6.200000000000000000e+01
5.600000000000000000e+01
5.400000000000000000e+01
5.300000000000000000e+01
4.800000000000000000e+01
4.400000000000000000e+01
4.400000000000000000e+01
4.100000000000000000e+01
3.900000000000000000e+01
3.800000000000000000e+01
3.600000000000000000e+01
3.600000000000000000e+01
3.800000000000000000e+01
3.800000000000000000e+01
3.900000000000000000e+01
4.200000000000000000e+01
4.500000000000000000e+01
4.700000000000000000e+01
4.700000000000000000e+01
4.800000000000000000e+01
5.100000000000000000e+01
5.400000000000000000e+01
6.000000000000000000e+01
6.000000000000000000e+01
6.200000000000000000e+01
6.400000000000000000e+01
7.000000000000000000e+01
7.000000000000000000e+01
7.300000000000000000e+01
7.600000000000000000e+01
7.700000000000000000e+01
7.700000000000000000e+01
7.700000000000000000e+01
8.200000000000000000e+01
8.600000000000000000e+01
9.200000000000000000e+01
9.200000000000000000e+01
9.700000000000000000e+01
1.010000000000000000e+02
1.050000000000000000e+02
1.110000000000000000e+02
1.110000000000000000e+02
1.110000000000000000e+02
1.160000000000000000e+02
1.170000000000000000e+02
1.160000000000000000e+02
1.190000000000000000e+02
1.210000000000000000e+02
1.230000000000000000e+02
1.280000000000000000e+02
1.260000000000000000e+02
1.280000000000000000e+02
1.250000000000000000e+02
1.290000000000000000e+02
1.290000000000000000e+02
1.290000000000000000e+02
1.270000000000000000e+02
1.320000000000000000e+02
1.270000000000000000e+02
1.270000000000000000e+02
1.320000000000000000e+02
1.320000000000000000e+02
1.310000000000000000e+02
1.330000000000000000e+02
1.320000000000000000e+02
1.350000000000000000e+02
1.350000000000000000e+02
1.380000000000000000e+02
1.370000000000000000e+02
1.370000000000000000e+02
1.360000000000000000e+02
1.380000000000000000e+02
1.400000000000000000e+02
1.380000000000000000e+02
1.360000000000000000e+02
1.370000000000000000e+02
1.400000000000000000e+02
1.370000000000000000e+02
1.380000000000000000e+02
1.380000000000000000e+02
1.350000000000000000e+02
1.430000000000000000e+02
1.410000000000000000e+02
1.400000000000000000e+02
1.360000000000000000e+02
1.330000000000000000e+02
1.340000000000000000e+02
1.330000000000000000e+02
1.360000000000000000e+02
1.350000000000000000e+02
1.320000000000000000e+02
1.300000000000000000e+02
1.320000000000000000e+02
1.320000000000000000e+02
1.370000000000000000e+02
1.360000000000000000e+02
1.340000000000000000e+02
1.360000000000000000e+02
1.370000000000000000e+02
1.360000000000000000e+02
1.340000000000000000e+02
1.310000000000000000e+02
1.350000000000000000e+02
1.370000000000000000e+02
1.360000000000000000e+02
1.340000000000000000e+02
1.350000000000000000e+02
1.310000000000000000e+02
1.360000000000000000e+02
1.310000000000000000e+02
