0.000000000000000000e+00
7.400000000000000000e+01
7.500000000000000000e+01
7.600000000000000000e+01
7.500000000000000000e+01
7.300000000000000000e+01
7.300000000000000000e+01
7.200000000000000000e+01
7.100000000000000000e+01
6.700000000000000000e+01
6.600000000000000000e+01
6.100000000000000000e+01
5.900000000000000000e+01
5.800000000000000000e+01
5.300000000000000000e+01
5.100000000000000000e+01
4.700000000000000000e+01
4.300000000000000000e+01
3.900000000000000000e+01
3.500000000000000000e+01
3.400000000000000000e+01
3.000000000000000000e+01
3.000000000000000000e+01
2.900000000000000000e+01
2.800000000000000000e+01
2.500000000000000000e+01
2.500000000000000000e+01
2.500000000000000000e+01
2.500000000000000000e+01
2.600000000000000000e+01
2.700000000000000000e+01
2.700000000000000000e+01
2.900000000000000000e+01
3.400000000000000000e+01
3.500000000000000000e+01
3.600000000000000000e+01
3.600000000000000000e+01
3.700000000000000000e+01
3.900000000000000000e+01
4.200000000000000000e+01
4.700000000000000000e+01
4.700000000000000000e+01
5.100000000000000000e+01
5.900000000000000000e+01
6.200000000000000000e+01
6.200000000000000000e+01
6.800000000000000000e+01
7.300000000000000000e+01
7.900000000000000000e+01
8.600000000000000000e+01
8.600000000000000000e+01
9.100000000000000000e+01
9.300000000000000000e+01
9.700000000000000000e+01
9.700000000000000000e+01
9.900000000000000000e+01
1.050000000000000000e+02
1.100000000000000000e+02
1.130000000000000000e+02
1.130000000000000000e+02
1.140000000000000000e+02
1.180000000000000000e+02
1.220000000000000000e+02
1.200000000000000000e+02
1.210000000000000000e+02
1.230000000000000000e+02
1.240000000000000000e+02
1.260000000000000000e+02
1.260000000000000000e+02
1.290000000000000000e+02
1.290000000000000000e+02
1.290000000000000000e+02
1.320000000000000000e+02
1.290000000000000000e+02
1.280000000000000000e+02
1.290000000000000000e+02
1.320000000000000000e+02
1.320000000000000000e+02
1.380000000000000000e+02
1.410000000000000000e+02
1.430000000000000000e+02
1.450000000000000000e+02
1.440000000000000000e+02
1.480000000000000000e+02
1.490000000000000000e+02
1.460000000000000000e+02
1.430000000000000000e+02
1.400000000000000000e+02
1.470000000000000000e+02
1.530000000000000000e+02
1.570000000000000000e+02
1.540000000000000000e+02
1.540000000000000000e+02
1.530000000000000000e+02
1.530000000000000000e+02
1.500000000000000000e+02
1.480000000000000000e+02
1.510000000000000000e+02
1.480000000000000000e+02
1.510000000000000000e+02
1.490000000000000000e+02
1.510000000000000000e+02
1.520000000000000000e+02
1.540000000000000000e+02
1.530000000000000000e+02
1.510000000000000000e+02
1.510000000000000000e+02
1.520000000000000000e+02
1.560000000000000000e+02
1.510000000000000000e+02
1.510000000000000000e+02
1.500000000000000000e+02
1.550000000000000000e+02
1.570000000000000000e+02
1.540000000000000000e+02
1.570000000000000000e+02
1.540000000000000000e+02
1.530000000000000000e+02
1.520000000000000000e+02
1.540000000000000000e+02
1.550000000000000000e+02
1.580000000000000000e+02
1.590000000000000000e+02
1.560000000000000000e+02
1.560000000000000000e+02
1.570000000000000000e+02
1.600000000000000000e+02
1.570000000000000000e+02
