7.100000000000000000e+01
7.000000000000000000e+01
6.900000000000000000e+01
6.800000000000000000e+01
6.300000000000000000e+01
6.000000000000000000e+01
5.600000000000000000e+01
5.500000000000000000e+01
5.500000000000000000e+01
5.200000000000000000e+01
5.000000000000000000e+01
5.100000000000000000e+01
5.200000000000000000e+01
4.900000000000000000e+01
4.600000000000000000e+01
4.900000000000000000e+01
4.600000000000000000e+01
4.500000000000000000e+01
4.500000000000000000e+01
4.700000000000000000e+01
5.100000000000000000e+01
5.400000000000000000e+01
5.400000000000000000e+01
6.000000000000000000e+01
6.300000000000000000e+01
6.500000000000000000e+01
7.000000000000000000e+01
7.000000000000000000e+01
7.500000000000000000e+01
8.000000000000000000e+01
8.400000000000000000e+01
8.400000000000000000e+01
8.600000000000000000e+01
8.800000000000000000e+01
9.300000000000000000e+01
9.700000000000000000e+01
9.300000000000000000e+01
9.800000000000000000e+01
9.900000000000000000e+01
1.000000000000000000e+02
1.000000000000000000e+02
9.900000000000000000e+01
1.000000000000000000e+02
1.010000000000000000e+02
1.020000000000000000e+02
1.010000000000000000e+02
1.040000000000000000e+02
1.060000000000000000e+02
1.070000000000000000e+02
1.120000000000000000e+02
1.120000000000000000e+02
1.150000000000000000e+02
1.180000000000000000e+02
1.200000000000000000e+02
1.190000000000000000e+02
1.210000000000000000e+02
1.240000000000000000e+02
1.240000000000000000e+02
1.250000000000000000e+02
1.240000000000000000e+02
1.250000000000000000e+02
1.310000000000000000e+02
1.370000000000000000e+02
1.360000000000000000e+02
1.390000000000000000e+02
1.450000000000000000e+02
1.480000000000000000e+02
1.500000000000000000e+02
1.470000000000000000e+02
1.500000000000000000e+02
1.480000000000000000e+02
1.470000000000000000e+02
1.470000000000000000e+02
1.420000000000000000e+02
1.440000000000000000e+02
1.480000000000000000e+02
1.470000000000000000e+02
1.450000000000000000e+02
1.450000000000000000e+02
1.480000000000000000e+02
1.510000000000000000e+02
1.570000000000000000e+02
1.550000000000000000e+02
1.510000000000000000e+02
1.520000000000000000e+02
1.520000000000000000e+02
1.490000000000000000e+02
1.480000000000000000e+02
1.500000000000000000e+02
1.520000000000000000e+02
1.540000000000000000e+02
1.520000000000000000e+02
1.550000000000000000e+02
1.550000000000000000e+02
1.590000000000000000e+02
1.570000000000000000e+02
1.580000000000000000e+02
1.600000000000000000e+02
1.640000000000000000e+02
1.610000000000000000e+02
1.570000000000000000e+02
1.590000000000000000e+02
1.560000000000000000e+02
1.590000000000000000e+02
1.620000000000000000e+02
1.620000000000000000e+02
1.630000000000000000e+02
1.570000000000000000e+02
1.610000000000000000e+02
1.550000000000000000e+02
1.540000000000000000e+02
1.540000000000000000e+02
1.560000000000000000e+02
1.550000000000000000e+02
1.510000000000000000e+02
1.550000000000000000e+02
1.530000000000000000e+02
1.540000000000000000e+02
1.510000000000000000e+02
1.520000000000000000e+02
1.510000000000000000e+02
1.490000000000000000e+02
1.540000000000000000e+02
1.520000000000000000e+02
1.500000000000000000e+02
1.540000000000000000e+02
1.560000000000000000e+02
1.540000000000000000e+02
