4.400000000000000000e+01
4.900000000000000000e+01
5.400000000000000000e+01
5.700000000000000000e+01
5.700000000000000000e+01
5.700000000000000000e+01
5.700000000000000000e+01
5.700000000000000000e+01
5.700000000000000000e+01
5.700000000000000000e+01
5.700000000000000000e+01
5.700000000000000000e+01
5.700000000000000000e+01
5.700000000000000000e+01
5.700000000000000000e+01
5.700000000000000000e+01
5.700000000000000000e+01
5.700000000000000000e+01
5.700000000000000000e+01
5.700000000000000000e+01
5.700000000000000000e+01
5.700000000000000000e+01
5.700000000000000000e+01
5.700000000000000000e+01
5.700000000000000000e+01
5.700000000000000000e+01
5.700000000000000000e+01
5.700000000000000000e+01
5.700000000000000000e+01
5.700000000000000000e+01
5.700000000000000000e+01
5.700000000000000000e+01
5.700000000000000000e+01
5.700000000000000000e+01
5.700000000000000000e+01
5.700000000000000000e+01
5.700000000000000000e+01
5.700000000000000000e+01
5.700000000000000000e+01
5.700000000000000000e+01
5.700000000000000000e+01
5.700000000000000000e+01
5.700000000000000000e+01
5.700000000000000000e+01
5.700000000000000000e+01
5.700000000000000000e+01
5.700000000000000000e+01
6.600000000000000000e+01
7.000000000000000000e+01
6.400000000000000000e+01
5.300000000000000000e+01
4.600000000000000000e+01
4.000000000000000000e+01
3.200000000000000000e+01
2.900000000000000000e+01
2.100000000000000000e+01
2.100000000000000000e+01
2.100000000000000000e+01
2.100000000000000000e+01
2.100000000000000000e+01
2.100000000000000000e+01
2.100000000000000000e+01
2.100000000000000000e+01
2.100000000000000000e+01
2.100000000000000000e+01
2.100000000000000000e+01
2.100000000000000000e+01
2.100000000000000000e+01
2.100000000000000000e+01
2.100000000000000000e+01
2.100000000000000000e+01
2.100000000000000000e+01
2.100000000000000000e+01
2.100000000000000000e+01
2.100000000000000000e+01
2.100000000000000000e+01
2.100000000000000000e+01
2.100000000000000000e+01
2.100000000000000000e+01
2.100000000000000000e+01
2.100000000000000000e+01
2.100000000000000000e+01
2.100000000000000000e+01
2.100000000000000000e+01
2.100000000000000000e+01
2.100000000000000000e+01
2.100000000000000000e+01
2.100000000000000000e+01
2.100000000000000000e+01
2.100000000000000000e+01
2.100000000000000000e+01
2.100000000000000000e+01
2.100000000000000000e+01
2.100000000000000000e+01
2.100000000000000000e+01
1.900000000000000000e+01
