4.000000000000000000e+00
4.000000000000000000e+00
4.000000000000000000e+00
5.000000000000000000e+00
6.000000000000000000e+00
9.000000000000000000e+00
1.000000000000000000e+01
1.000000000000000000e+01
1.100000000000000000e+01
1.300000000000000000e+01
1.600000000000000000e+01
1.900000000000000000e+01
2.000000000000000000e+01
2.500000000000000000e+01
3.000000000000000000e+01
3.300000000000000000e+01
3.900000000000000000e+01
4.100000000000000000e+01
4.800000000000000000e+01
5.200000000000000000e+01
5.700000000000000000e+01
6.300000000000000000e+01
7.100000000000000000e+01
7.800000000000000000e+01
8.900000000000000000e+01
9.200000000000000000e+01
9.400000000000000000e+01
1.010000000000000000e+02
1.060000000000000000e+02
1.100000000000000000e+02
1.170000000000000000e+02
1.290000000000000000e+02
1.360000000000000000e+02
1.500000000000000000e+02
1.570000000000000000e+02
1.590000000000000000e+02
1.590000000000000000e+02
1.600000000000000000e+02
1.610000000000000000e+02
1.620000000000000000e+02
1.630000000000000000e+02
1.630000000000000000e+02
1.630000000000000000e+02
1.630000000000000000e+02
1.680000000000000000e+02
1.730000000000000000e+02
1.860000000000000000e+02
1.950000000000000000e+02
2.110000000000000000e+02
2.110000000000000000e+02
2.110000000000000000e+02
2.110000000000000000e+02
2.110000000000000000e+02
2.110000000000000000e+02
2.110000000000000000e+02
2.110000000000000000e+02
2.110000000000000000e+02
2.110000000000000000e+02
2.110000000000000000e+02
2.110000000000000000e+02
2.110000000000000000e+02
2.110000000000000000e+02
2.110000000000000000e+02
2.110000000000000000e+02
2.070000000000000000e+02
2.070000000000000000e+02
2.050000000000000000e+02
2.000000000000000000e+02
1.970000000000000000e+02
1.970000000000000000e+02
1.960000000000000000e+02
1.940000000000000000e+02
1.900000000000000000e+02
1.900000000000000000e+02
1.880000000000000000e+02
1.840000000000000000e+02
1.830000000000000000e+02
1.800000000000000000e+02
1.770000000000000000e+02
1.760000000000000000e+02
1.740000000000000000e+02
1.680000000000000000e+02
1.590000000000000000e+02
1.550000000000000000e+02
1.440000000000000000e+02
1.380000000000000000e+02
1.320000000000000000e+02
1.270000000000000000e+02
1.160000000000000000e+02
1.070000000000000000e+02
9.600000000000000000e+01
9.600000000000000000e+01
9.000000000000000000e+01
8.600000000000000000e+01
8.500000000000000000e+01
8.200000000000000000e+01
