5.000000000000000000e+01
5.200000000000000000e+01
5.400000000000000000e+01
5.700000000000000000e+01
6.300000000000000000e+01
6.700000000000000000e+01
7.000000000000000000e+01
7.900000000000000000e+01
8.600000000000000000e+01
9.500000000000000000e+01
9.800000000000000000e+01
1.020000000000000000e+02
1.080000000000000000e+02
1.200000000000000000e+02
1.280000000000000000e+02
1.400000000000000000e+02
1.510000000000000000e+02
1.560000000000000000e+02
1.630000000000000000e+02
1.710000000000000000e+02
1.780000000000000000e+02
1.870000000000000000e+02
1.950000000000000000e+02
2.050000000000000000e+02
2.230000000000000000e+02
2.310000000000000000e+02
2.420000000000000000e+02
2.500000000000000000e+02
2.550000000000000000e+02
2.610000000000000000e+02
2.690000000000000000e+02
2.730000000000000000e+02
2.810000000000000000e+02
2.890000000000000000e+02
2.990000000000000000e+02
3.070000000000000000e+02
3.140000000000000000e+02
3.210000000000000000e+02
3.250000000000000000e+02
3.310000000000000000e+02
3.380000000000000000e+02
3.480000000000000000e+02
3.530000000000000000e+02
3.640000000000000000e+02
3.710000000000000000e+02
3.800000000000000000e+02
3.850000000000000000e+02
3.950000000000000000e+02
4.060000000000000000e+02
4.010000000000000000e+02
3.940000000000000000e+02
3.940000000000000000e+02
3.940000000000000000e+02
3.940000000000000000e+02
3.940000000000000000e+02
3.930000000000000000e+02
3.920000000000000000e+02
3.910000000000000000e+02
3.900000000000000000e+02
3.900000000000000000e+02
3.860000000000000000e+02
3.840000000000000000e+02
3.830000000000000000e+02
3.800000000000000000e+02
3.730000000000000000e+02
3.630000000000000000e+02
3.570000000000000000e+02
3.490000000000000000e+02
3.410000000000000000e+02
3.300000000000000000e+02
3.250000000000000000e+02
3.170000000000000000e+02
3.080000000000000000e+02
3.000000000000000000e+02
2.920000000000000000e+02
2.820000000000000000e+02
2.770000000000000000e+02
2.730000000000000000e+02
2.630000000000000000e+02
2.560000000000000000e+02
2.500000000000000000e+02
2.420000000000000000e+02
2.340000000000000000e+02
2.300000000000000000e+02
2.220000000000000000e+02
2.170000000000000000e+02
2.130000000000000000e+02
2.040000000000000000e+02
1.910000000000000000e+02
1.800000000000000000e+02
1.740000000000000000e+02
1.680000000000000000e+02
1.610000000000000000e+02
1.580000000000000000e+02
1.470000000000000000e+02
1.420000000000000000e+02
