7.500000000000000000e+01
8.500000000000000000e+01
8.800000000000000000e+01
9.000000000000000000e+01
9.700000000000000000e+01
1.090000000000000000e+02
1.180000000000000000e+02
1.240000000000000000e+02
1.310000000000000000e+02
1.400000000000000000e+02
1.480000000000000000e+02
1.570000000000000000e+02
1.610000000000000000e+02
1.720000000000000000e+02
1.810000000000000000e+02
1.850000000000000000e+02
1.920000000000000000e+02
2.020000000000000000e+02
2.100000000000000000e+02
2.180000000000000000e+02
2.260000000000000000e+02
2.340000000000000000e+02
2.430000000000000000e+02
2.460000000000000000e+02
2.610000000000000000e+02
2.710000000000000000e+02
2.820000000000000000e+02
2.890000000000000000e+02
2.960000000000000000e+02
3.040000000000000000e+02
3.100000000000000000e+02
3.180000000000000000e+02
3.250000000000000000e+02
3.330000000000000000e+02
3.400000000000000000e+02
3.460000000000000000e+02
3.600000000000000000e+02
3.660000000000000000e+02
3.720000000000000000e+02
3.780000000000000000e+02
3.860000000000000000e+02
3.920000000000000000e+02
4.000000000000000000e+02
4.070000000000000000e+02
4.160000000000000000e+02
4.210000000000000000e+02
4.320000000000000000e+02
4.370000000000000000e+02
4.460000000000000000e+02
4.460000000000000000e+02
4.460000000000000000e+02
4.460000000000000000e+02
4.460000000000000000e+02
4.460000000000000000e+02
4.460000000000000000e+02
4.400000000000000000e+02
4.310000000000000000e+02
4.210000000000000000e+02
4.150000000000000000e+02
3.980000000000000000e+02
3.920000000000000000e+02
3.830000000000000000e+02
3.750000000000000000e+02
3.690000000000000000e+02
3.590000000000000000e+02
3.530000000000000000e+02
3.390000000000000000e+02
3.360000000000000000e+02
3.310000000000000000e+02
3.190000000000000000e+02
3.110000000000000000e+02
3.010000000000000000e+02
2.970000000000000000e+02
2.870000000000000000e+02
2.810000000000000000e+02
2.760000000000000000e+02
2.640000000000000000e+02
2.580000000000000000e+02
2.490000000000000000e+02
2.460000000000000000e+02
2.410000000000000000e+02
2.340000000000000000e+02
2.210000000000000000e+02
2.110000000000000000e+02
2.010000000000000000e+02
1.910000000000000000e+02
1.820000000000000000e+02
1.760000000000000000e+02
1.720000000000000000e+02
1.670000000000000000e+02
1.580000000000000000e+02
1.530000000000000000e+02
1.470000000000000000e+02
1.370000000000000000e+02
1.300000000000000000e+02
1.210000000000000000e+02
