1.150000000000000000e+02
1.210000000000000000e+02
1.270000000000000000e+02
1.330000000000000000e+02
1.410000000000000000e+02
1.500000000000000000e+02
1.560000000000000000e+02
1.630000000000000000e+02
1.660000000000000000e+02
1.680000000000000000e+02
1.690000000000000000e+02
1.710000000000000000e+02
1.730000000000000000e+02
1.770000000000000000e+02
1.790000000000000000e+02
1.800000000000000000e+02
1.810000000000000000e+02
1.830000000000000000e+02
1.830000000000000000e+02
1.830000000000000000e+02
1.830000000000000000e+02
1.830000000000000000e+02
1.830000000000000000e+02
1.830000000000000000e+02
1.830000000000000000e+02
1.830000000000000000e+02
1.830000000000000000e+02
1.830000000000000000e+02
1.830000000000000000e+02
1.830000000000000000e+02
1.830000000000000000e+02
1.830000000000000000e+02
1.830000000000000000e+02
1.830000000000000000e+02
1.830000000000000000e+02
1.830000000000000000e+02
1.830000000000000000e+02
1.830000000000000000e+02
1.840000000000000000e+02
1.840000000000000000e+02
1.840000000000000000e+02
1.840000000000000000e+02
1.910000000000000000e+02
1.980000000000000000e+02
2.100000000000000000e+02
2.160000000000000000e+02
2.240000000000000000e+02
2.320000000000000000e+02
2.370000000000000000e+02
2.240000000000000000e+02
2.150000000000000000e+02
2.070000000000000000e+02
1.980000000000000000e+02
1.860000000000000000e+02
1.820000000000000000e+02
1.760000000000000000e+02
1.710000000000000000e+02
1.630000000000000000e+02
1.540000000000000000e+02
1.480000000000000000e+02
1.390000000000000000e+02
1.320000000000000000e+02
1.260000000000000000e+02
1.210000000000000000e+02
1.110000000000000000e+02
9.800000000000000000e+01
9.400000000000000000e+01
8.900000000000000000e+01
8.500000000000000000e+01
8.500000000000000000e+01
8.000000000000000000e+01
7.800000000000000000e+01
7.600000000000000000e+01
7.100000000000000000e+01
6.800000000000000000e+01
6.600000000000000000e+01
6.600000000000000000e+01
6.600000000000000000e+01
6.600000000000000000e+01
6.600000000000000000e+01
6.600000000000000000e+01
6.600000000000000000e+01
6.600000000000000000e+01
6.600000000000000000e+01
6.600000000000000000e+01
6.600000000000000000e+01
6.600000000000000000e+01
6.500000000000000000e+01
6.500000000000000000e+01
6.500000000000000000e+01
6.500000000000000000e+01
6.400000000000000000e+01
6.200000000000000000e+01
6.100000000000000000e+01
6.100000000000000000e+01
5.700000000000000000e+01
