5.700000000000000000e+01
6.100000000000000000e+01
6.400000000000000000e+01
6.900000000000000000e+01
7.200000000000000000e+01
7.500000000000000000e+01
8.200000000000000000e+01
8.600000000000000000e+01
9.200000000000000000e+01
9.800000000000000000e+01
1.000000000000000000e+02
1.060000000000000000e+02
1.130000000000000000e+02
1.150000000000000000e+02
1.220000000000000000e+02
1.240000000000000000e+02
1.270000000000000000e+02
1.300000000000000000e+02
1.340000000000000000e+02
1.370000000000000000e+02
1.400000000000000000e+02
1.440000000000000000e+02
1.500000000000000000e+02
1.500000000000000000e+02
1.500000000000000000e+02
1.500000000000000000e+02
1.500000000000000000e+02
1.500000000000000000e+02
1.500000000000000000e+02
1.510000000000000000e+02
1.520000000000000000e+02
1.530000000000000000e+02
1.540000000000000000e+02
1.540000000000000000e+02
1.540000000000000000e+02
1.540000000000000000e+02
1.540000000000000000e+02
1.540000000000000000e+02
1.560000000000000000e+02
1.590000000000000000e+02
1.590000000000000000e+02
1.590000000000000000e+02
1.590000000000000000e+02
1.590000000000000000e+02
1.590000000000000000e+02
1.590000000000000000e+02
1.590000000000000000e+02
1.590000000000000000e+02
1.590000000000000000e+02
1.590000000000000000e+02
1.590000000000000000e+02
1.590000000000000000e+02
1.590000000000000000e+02
1.590000000000000000e+02
1.590000000000000000e+02
1.590000000000000000e+02
1.550000000000000000e+02
1.490000000000000000e+02
1.420000000000000000e+02
1.320000000000000000e+02
1.220000000000000000e+02
1.090000000000000000e+02
1.020000000000000000e+02
9.200000000000000000e+01
8.400000000000000000e+01
7.700000000000000000e+01
7.100000000000000000e+01
6.600000000000000000e+01
5.700000000000000000e+01
4.800000000000000000e+01
4.300000000000000000e+01
4.000000000000000000e+01
3.400000000000000000e+01
2.300000000000000000e+01
1.800000000000000000e+01
1.500000000000000000e+01
1.400000000000000000e+01
1.200000000000000000e+01
1.200000000000000000e+01
1.100000000000000000e+01
9.000000000000000000e+00
7.000000000000000000e+00
7.000000000000000000e+00
7.000000000000000000e+00
7.000000000000000000e+00
7.000000000000000000e+00
7.000000000000000000e+00
5.000000000000000000e+00
4.000000000000000000e+00
2.000000000000000000e+00
2.000000000000000000e+00
0.000000000000000000e+00
0.000000000000000000e+00
0.000000000000000000e+00
0.000000000000000000e+00
0.000000000000000000e+00
