0.000000000000000000e+00
8.900000000000000000e+01
9.000000000000000000e+01
9.200000000000000000e+01
9.500000000000000000e+01
9.600000000000000000e+01
9.800000000000000000e+01
1.010000000000000000e+02
1.040000000000000000e+02
1.070000000000000000e+02
1.100000000000000000e+02
1.120000000000000000e+02
1.160000000000000000e+02
1.200000000000000000e+02
1.220000000000000000e+02
1.260000000000000000e+02
1.290000000000000000e+02
1.320000000000000000e+02
1.350000000000000000e+02
1.400000000000000000e+02
1.380000000000000000e+02
1.390000000000000000e+02
1.350000000000000000e+02
1.350000000000000000e+02
1.360000000000000000e+02
1.390000000000000000e+02
1.400000000000000000e+02
1.350000000000000000e+02
1.340000000000000000e+02
1.350000000000000000e+02
1.340000000000000000e+02
1.340000000000000000e+02
1.330000000000000000e+02
1.340000000000000000e+02
1.380000000000000000e+02
1.360000000000000000e+02
1.340000000000000000e+02
1.280000000000000000e+02
1.310000000000000000e+02
1.320000000000000000e+02
1.260000000000000000e+02
1.240000000000000000e+02
1.220000000000000000e+02
1.170000000000000000e+02
1.150000000000000000e+02
1.130000000000000000e+02
1.080000000000000000e+02
1.060000000000000000e+02
1.060000000000000000e+02
1.030000000000000000e+02
1.000000000000000000e+02
9.800000000000000000e+01
9.700000000000000000e+01
9.400000000000000000e+01
9.100000000000000000e+01
8.600000000000000000e+01
8.100000000000000000e+01
7.800000000000000000e+01
7.300000000000000000e+01
7.200000000000000000e+01
7.000000000000000000e+01
6.600000000000000000e+01
6.300000000000000000e+01
5.800000000000000000e+01
5.600000000000000000e+01
5.300000000000000000e+01
5.300000000000000000e+01
5.100000000000000000e+01
4.600000000000000000e+01
4.500000000000000000e+01
4.100000000000000000e+01
3.700000000000000000e+01
3.400000000000000000e+01
3.000000000000000000e+01
3.000000000000000000e+01
2.700000000000000000e+01
2.600000000000000000e+01
2.600000000000000000e+01
2.600000000000000000e+01
2.500000000000000000e+01
2.400000000000000000e+01
2.100000000000000000e+01
2.000000000000000000e+01
1.800000000000000000e+01
1.800000000000000000e+01
1.700000000000000000e+01
1.600000000000000000e+01
1.500000000000000000e+01
1.300000000000000000e+01
1.200000000000000000e+01
1.200000000000000000e+01
1.200000000000000000e+01
1.200000000000000000e+01
1.200000000000000000e+01
1.100000000000000000e+01
1.000000000000000000e+01
