0.000000000000000000e+00
4.000000000000000000e+01
4.000000000000000000e+01
4.100000000000000000e+01
4.200000000000000000e+01
3.900000000000000000e+01
3.900000000000000000e+01
3.800000000000000000e+01
3.400000000000000000e+01
3.400000000000000000e+01
3.500000000000000000e+01
3.300000000000000000e+01
3.100000000000000000e+01
3.100000000000000000e+01
3.100000000000000000e+01
3.400000000000000000e+01
3.500000000000000000e+01
3.500000000000000000e+01
4.200000000000000000e+01
4.700000000000000000e+01
4.700000000000000000e+01
4.900000000000000000e+01
5.100000000000000000e+01
5.100000000000000000e+01
5.500000000000000000e+01
5.900000000000000000e+01
5.900000000000000000e+01
6.100000000000000000e+01
6.500000000000000000e+01
6.500000000000000000e+01
7.000000000000000000e+01
7.000000000000000000e+01
7.000000000000000000e+01
7.100000000000000000e+01
7.600000000000000000e+01
7.600000000000000000e+01
8.000000000000000000e+01
8.700000000000000000e+01
8.700000000000000000e+01
9.100000000000000000e+01
9.300000000000000000e+01
9.300000000000000000e+01
9.500000000000000000e+01
9.700000000000000000e+01
9.700000000000000000e+01
9.800000000000000000e+01
1.040000000000000000e+02
1.040000000000000000e+02
1.050000000000000000e+02
1.090000000000000000e+02
1.090000000000000000e+02
1.140000000000000000e+02
1.160000000000000000e+02
1.160000000000000000e+02
1.170000000000000000e+02
1.200000000000000000e+02
1.200000000000000000e+02
1.230000000000000000e+02
1.280000000000000000e+02
1.280000000000000000e+02
1.350000000000000000e+02
1.370000000000000000e+02
1.350000000000000000e+02
1.350000000000000000e+02
1.350000000000000000e+02
1.350000000000000000e+02
1.330000000000000000e+02
1.300000000000000000e+02
1.290000000000000000e+02
1.270000000000000000e+02
1.340000000000000000e+02
1.330000000000000000e+02
1.350000000000000000e+02
1.350000000000000000e+02
1.350000000000000000e+02
1.360000000000000000e+02
1.360000000000000000e+02
1.340000000000000000e+02
1.350000000000000000e+02
1.360000000000000000e+02
1.360000000000000000e+02
1.370000000000000000e+02
1.380000000000000000e+02
1.370000000000000000e+02
1.390000000000000000e+02
1.390000000000000000e+02
1.380000000000000000e+02
1.380000000000000000e+02
1.350000000000000000e+02
1.330000000000000000e+02
1.330000000000000000e+02
1.300000000000000000e+02
1.270000000000000000e+02
1.300000000000000000e+02
1.320000000000000000e+02
1.310000000000000000e+02
1.330000000000000000e+02
1.360000000000000000e+02
1.330000000000000000e+02
1.350000000000000000e+02
1.370000000000000000e+02
1.360000000000000000e+02
1.330000000000000000e+02
1.340000000000000000e+02
1.300000000000000000e+02
1.340000000000000000e+02
1.350000000000000000e+02
1.340000000000000000e+02
1.360000000000000000e+02
1.340000000000000000e+02
1.320000000000000000e+02
1.310000000000000000e+02
1.340000000000000000e+02
1.320000000000000000e+02
1.330000000000000000e+02
1.340000000000000000e+02
1.330000000000000000e+02
1.300000000000000000e+02
1.300000000000000000e+02
1.250000000000000000e+02
1.260000000000000000e+02
1.230000000000000000e+02
1.240000000000000000e+02
1.210000000000000000e+02
1.200000000000000000e+02
1.170000000000000000e+02
1.200000000000000000e+02
1.260000000000000000e+02
1.200000000000000000e+02
1.260000000000000000e+02
1.270000000000000000e+02
1.250000000000000000e+02
1.300000000000000000e+02
1.310000000000000000e+02
1.280000000000000000e+02
1.260000000000000000e+02
1.260000000000000000e+02
1.250000000000000000e+02
1.240000000000000000e+02
1.300000000000000000e+02
1.280000000000000000e+02
1.320000000000000000e+02
1.350000000000000000e+02
1.350000000000000000e+02
1.380000000000000000e+02
1.380000000000000000e+02
1.360000000000000000e+02
1.390000000000000000e+02
1.420000000000000000e+02
1.420000000000000000e+02
