0.000000000000000000e+00
1.300000000000000000e+02
1.300000000000000000e+02
1.310000000000000000e+02
1.330000000000000000e+02
1.330000000000000000e+02
1.400000000000000000e+02
1.440000000000000000e+02
1.440000000000000000e+02
1.470000000000000000e+02
1.480000000000000000e+02
1.480000000000000000e+02
1.500000000000000000e+02
1.520000000000000000e+02
1.500000000000000000e+02
1.510000000000000000e+02
1.530000000000000000e+02
1.480000000000000000e+02
1.470000000000000000e+02
1.490000000000000000e+02
1.420000000000000000e+02
1.500000000000000000e+02
1.530000000000000000e+02
1.490000000000000000e+02
1.480000000000000000e+02
1.470000000000000000e+02
1.460000000000000000e+02
1.480000000000000000e+02
1.500000000000000000e+02
1.430000000000000000e+02
1.420000000000000000e+02
1.440000000000000000e+02
1.420000000000000000e+02
1.460000000000000000e+02
1.440000000000000000e+02
1.420000000000000000e+02
1.430000000000000000e+02
1.430000000000000000e+02
1.420000000000000000e+02
1.430000000000000000e+02
1.440000000000000000e+02
1.420000000000000000e+02
1.420000000000000000e+02
1.400000000000000000e+02
1.350000000000000000e+02
1.310000000000000000e+02
1.350000000000000000e+02
1.350000000000000000e+02
1.340000000000000000e+02
1.340000000000000000e+02
1.340000000000000000e+02
1.340000000000000000e+02
1.330000000000000000e+02
1.290000000000000000e+02
1.300000000000000000e+02
1.320000000000000000e+02
1.290000000000000000e+02
1.330000000000000000e+02
1.330000000000000000e+02
1.310000000000000000e+02
1.300000000000000000e+02
1.310000000000000000e+02
1.300000000000000000e+02
1.310000000000000000e+02
1.320000000000000000e+02
1.280000000000000000e+02
1.270000000000000000e+02
1.290000000000000000e+02
1.260000000000000000e+02
1.270000000000000000e+02
1.260000000000000000e+02
1.220000000000000000e+02
1.200000000000000000e+02
1.170000000000000000e+02
1.140000000000000000e+02
1.110000000000000000e+02
1.090000000000000000e+02
1.060000000000000000e+02
1.040000000000000000e+02
1.010000000000000000e+02
9.900000000000000000e+01
9.800000000000000000e+01
9.800000000000000000e+01
9.500000000000000000e+01
9.300000000000000000e+01
9.100000000000000000e+01
8.700000000000000000e+01
8.300000000000000000e+01
8.300000000000000000e+01
8.100000000000000000e+01
8.000000000000000000e+01
7.700000000000000000e+01
7.700000000000000000e+01
7.500000000000000000e+01
7.400000000000000000e+01
6.900000000000000000e+01
6.800000000000000000e+01
6.500000000000000000e+01
6.500000000000000000e+01
6.300000000000000000e+01
6.200000000000000000e+01
5.800000000000000000e+01
5.500000000000000000e+01
5.500000000000000000e+01
5.400000000000000000e+01
5.400000000000000000e+01
5.400000000000000000e+01
5.100000000000000000e+01
4.900000000000000000e+01
4.700000000000000000e+01
4.600000000000000000e+01
4.400000000000000000e+01
4.000000000000000000e+01
3.900000000000000000e+01
3.800000000000000000e+01
3.600000000000000000e+01
3.300000000000000000e+01
3.100000000000000000e+01
3.000000000000000000e+01
3.000000000000000000e+01
2.800000000000000000e+01
2.700000000000000000e+01
2.700000000000000000e+01
2.600000000000000000e+01
2.200000000000000000e+01
2.200000000000000000e+01
2.000000000000000000e+01
1.800000000000000000e+01
1.600000000000000000e+01
1.400000000000000000e+01
1.200000000000000000e+01
1.000000000000000000e+01
8.000000000000000000e+00
6.000000000000000000e+00
5.000000000000000000e+00
4.000000000000000000e+00
3.000000000000000000e+00
2.000000000000000000e+00
2.000000000000000000e+00
0.000000000000000000e+00
0.000000000000000000e+00
0.000000000000000000e+00
0.000000000000000000e+00
0.000000000000000000e+00
0.000000000000000000e+00
0.000000000000000000e+00
0.000000000000000000e+00
0.000000000000000000e+00
0.000000000000000000e+00
0.000000000000000000e+00
