0.000000000000000000e+00
3.200000000000000000e+01
2.900000000000000000e+01
3.000000000000000000e+01
3.100000000000000000e+01
3.100000000000000000e+01
3.100000000000000000e+01
3.400000000000000000e+01
3.400000000000000000e+01
3.600000000000000000e+01
3.900000000000000000e+01
3.900000000000000000e+01
4.000000000000000000e+01
4.100000000000000000e+01
4.100000000000000000e+01
4.800000000000000000e+01
5.400000000000000000e+01
5.400000000000000000e+01
6.100000000000000000e+01
6.600000000000000000e+01
6.600000000000000000e+01
6.800000000000000000e+01
7.100000000000000000e+01
7.100000000000000000e+01
7.400000000000000000e+01
7.700000000000000000e+01
7.700000000000000000e+01
7.700000000000000000e+01
7.900000000000000000e+01
7.900000000000000000e+01
8.600000000000000000e+01
8.800000000000000000e+01
8.800000000000000000e+01
9.200000000000000000e+01
9.600000000000000000e+01
9.600000000000000000e+01
9.600000000000000000e+01
1.000000000000000000e+02
1.000000000000000000e+02
1.040000000000000000e+02
1.050000000000000000e+02
1.050000000000000000e+02
1.100000000000000000e+02
1.110000000000000000e+02
1.110000000000000000e+02
1.120000000000000000e+02
1.160000000000000000e+02
1.160000000000000000e+02
1.200000000000000000e+02
1.260000000000000000e+02
1.260000000000000000e+02
1.300000000000000000e+02
1.340000000000000000e+02
1.340000000000000000e+02
1.350000000000000000e+02
1.360000000000000000e+02
1.340000000000000000e+02
1.350000000000000000e+02
1.360000000000000000e+02
1.330000000000000000e+02
1.370000000000000000e+02
1.360000000000000000e+02
1.340000000000000000e+02
1.390000000000000000e+02
1.400000000000000000e+02
1.360000000000000000e+02
1.350000000000000000e+02
1.350000000000000000e+02
1.350000000000000000e+02
1.380000000000000000e+02
1.380000000000000000e+02
1.380000000000000000e+02
1.400000000000000000e+02
1.410000000000000000e+02
1.390000000000000000e+02
1.410000000000000000e+02
1.430000000000000000e+02
1.430000000000000000e+02
1.430000000000000000e+02
1.440000000000000000e+02
1.410000000000000000e+02
1.460000000000000000e+02
1.480000000000000000e+02
1.470000000000000000e+02
1.480000000000000000e+02
1.480000000000000000e+02
1.480000000000000000e+02
1.500000000000000000e+02
1.470000000000000000e+02
1.430000000000000000e+02
1.440000000000000000e+02
1.410000000000000000e+02
1.400000000000000000e+02
1.440000000000000000e+02
1.480000000000000000e+02
1.430000000000000000e+02
1.420000000000000000e+02
1.460000000000000000e+02
1.450000000000000000e+02
1.490000000000000000e+02
1.520000000000000000e+02
1.460000000000000000e+02
1.450000000000000000e+02
1.440000000000000000e+02
1.390000000000000000e+02
1.430000000000000000e+02
1.390000000000000000e+02
1.370000000000000000e+02
1.390000000000000000e+02
1.360000000000000000e+02
1.340000000000000000e+02
1.320000000000000000e+02
1.380000000000000000e+02
1.360000000000000000e+02
1.400000000000000000e+02
1.410000000000000000e+02
1.400000000000000000e+02
1.430000000000000000e+02
1.450000000000000000e+02
1.410000000000000000e+02
1.420000000000000000e+02
1.480000000000000000e+02
1.530000000000000000e+02
1.520000000000000000e+02
1.540000000000000000e+02
1.520000000000000000e+02
1.530000000000000000e+02
1.540000000000000000e+02
1.540000000000000000e+02
1.580000000000000000e+02
1.590000000000000000e+02
1.580000000000000000e+02
1.560000000000000000e+02
1.550000000000000000e+02
1.510000000000000000e+02
1.540000000000000000e+02
1.560000000000000000e+02
1.530000000000000000e+02
1.540000000000000000e+02
1.550000000000000000e+02
1.550000000000000000e+02
1.550000000000000000e+02
1.520000000000000000e+02
1.500000000000000000e+02
1.500000000000000000e+02
1.530000000000000000e+02
1.490000000000000000e+02
1.470000000000000000e+02
1.480000000000000000e+02
1.470000000000000000e+02
