0.000000000000000000e+00
1.340000000000000000e+02
1.340000000000000000e+02
1.420000000000000000e+02
1.480000000000000000e+02
1.480000000000000000e+02
1.530000000000000000e+02
1.550000000000000000e+02
1.550000000000000000e+02
1.530000000000000000e+02
1.530000000000000000e+02
1.510000000000000000e+02
1.530000000000000000e+02
1.550000000000000000e+02
1.540000000000000000e+02
1.530000000000000000e+02
1.540000000000000000e+02
1.490000000000000000e+02
1.500000000000000000e+02
1.500000000000000000e+02
1.460000000000000000e+02
1.490000000000000000e+02
1.510000000000000000e+02
1.490000000000000000e+02
1.560000000000000000e+02
1.570000000000000000e+02
1.550000000000000000e+02
1.590000000000000000e+02
1.520000000000000000e+02
1.510000000000000000e+02
1.520000000000000000e+02
1.530000000000000000e+02
1.500000000000000000e+02
1.540000000000000000e+02
1.560000000000000000e+02
1.540000000000000000e+02
1.560000000000000000e+02
1.600000000000000000e+02
1.600000000000000000e+02
1.610000000000000000e+02
1.620000000000000000e+02
1.590000000000000000e+02
1.610000000000000000e+02
1.610000000000000000e+02
1.590000000000000000e+02
1.590000000000000000e+02
1.570000000000000000e+02
1.550000000000000000e+02
1.530000000000000000e+02
1.550000000000000000e+02
1.540000000000000000e+02
1.570000000000000000e+02
1.630000000000000000e+02
1.630000000000000000e+02
1.640000000000000000e+02
1.640000000000000000e+02
1.610000000000000000e+02
1.640000000000000000e+02
1.620000000000000000e+02
1.610000000000000000e+02
1.630000000000000000e+02
1.620000000000000000e+02
1.580000000000000000e+02
1.590000000000000000e+02
1.580000000000000000e+02
1.550000000000000000e+02
1.550000000000000000e+02
1.540000000000000000e+02
1.510000000000000000e+02
1.480000000000000000e+02
1.480000000000000000e+02
1.450000000000000000e+02
1.450000000000000000e+02
1.420000000000000000e+02
1.380000000000000000e+02
1.370000000000000000e+02
1.380000000000000000e+02
1.360000000000000000e+02
1.370000000000000000e+02
1.360000000000000000e+02
1.330000000000000000e+02
1.310000000000000000e+02
1.290000000000000000e+02
1.260000000000000000e+02
1.240000000000000000e+02
1.230000000000000000e+02
1.190000000000000000e+02
1.150000000000000000e+02
1.150000000000000000e+02
1.130000000000000000e+02
1.120000000000000000e+02
1.120000000000000000e+02
1.090000000000000000e+02
1.090000000000000000e+02
1.090000000000000000e+02
1.070000000000000000e+02
1.090000000000000000e+02
1.090000000000000000e+02
1.080000000000000000e+02
1.070000000000000000e+02
1.060000000000000000e+02
1.020000000000000000e+02
9.900000000000000000e+01
9.800000000000000000e+01
9.600000000000000000e+01
9.300000000000000000e+01
9.100000000000000000e+01
8.800000000000000000e+01
8.500000000000000000e+01
7.800000000000000000e+01
7.400000000000000000e+01
7.000000000000000000e+01
6.900000000000000000e+01
6.900000000000000000e+01
6.700000000000000000e+01
6.500000000000000000e+01
6.200000000000000000e+01
6.100000000000000000e+01
5.900000000000000000e+01
5.400000000000000000e+01
5.200000000000000000e+01
4.900000000000000000e+01
4.900000000000000000e+01
4.800000000000000000e+01
4.700000000000000000e+01
4.300000000000000000e+01
4.000000000000000000e+01
3.300000000000000000e+01
3.100000000000000000e+01
3.000000000000000000e+01
2.900000000000000000e+01
2.700000000000000000e+01
2.500000000000000000e+01
2.200000000000000000e+01
2.000000000000000000e+01
1.700000000000000000e+01
1.500000000000000000e+01
1.300000000000000000e+01
1.000000000000000000e+01
9.000000000000000000e+00
7.000000000000000000e+00
6.000000000000000000e+00
6.000000000000000000e+00
4.000000000000000000e+00
0.000000000000000000e+00
0.000000000000000000e+00
0.000000000000000000e+00
0.000000000000000000e+00
0.000000000000000000e+00
0.000000000000000000e+00
