1.700000000000000000e+01
2.000000000000000000e+01
2.000000000000000000e+01
2.300000000000000000e+01
2.300000000000000000e+01
2.300000000000000000e+01
2.400000000000000000e+01
2.700000000000000000e+01
2.700000000000000000e+01
2.900000000000000000e+01
3.800000000000000000e+01
3.800000000000000000e+01
4.300000000000000000e+01
4.600000000000000000e+01
4.600000000000000000e+01
5.200000000000000000e+01
5.800000000000000000e+01
5.800000000000000000e+01
6.400000000000000000e+01
7.300000000000000000e+01
7.300000000000000000e+01
8.100000000000000000e+01
8.700000000000000000e+01
8.700000000000000000e+01
9.400000000000000000e+01
9.800000000000000000e+01
9.800000000000000000e+01
1.060000000000000000e+02
1.130000000000000000e+02
1.130000000000000000e+02
1.210000000000000000e+02
1.280000000000000000e+02
1.280000000000000000e+02
1.360000000000000000e+02
1.460000000000000000e+02
1.460000000000000000e+02
1.510000000000000000e+02
1.510000000000000000e+02
1.510000000000000000e+02
1.510000000000000000e+02
1.510000000000000000e+02
1.510000000000000000e+02
1.510000000000000000e+02
1.510000000000000000e+02
1.510000000000000000e+02
1.510000000000000000e+02
1.510000000000000000e+02
1.510000000000000000e+02
1.510000000000000000e+02
1.510000000000000000e+02
1.510000000000000000e+02
1.510000000000000000e+02
1.510000000000000000e+02
1.510000000000000000e+02
1.510000000000000000e+02
1.510000000000000000e+02
1.510000000000000000e+02
1.510000000000000000e+02
1.510000000000000000e+02
1.510000000000000000e+02
1.510000000000000000e+02
1.510000000000000000e+02
1.510000000000000000e+02
1.510000000000000000e+02
1.510000000000000000e+02
1.510000000000000000e+02
1.510000000000000000e+02
1.510000000000000000e+02
1.510000000000000000e+02
1.510000000000000000e+02
1.510000000000000000e+02
1.510000000000000000e+02
1.510000000000000000e+02
1.510000000000000000e+02
1.510000000000000000e+02
1.510000000000000000e+02
1.510000000000000000e+02
1.510000000000000000e+02
1.510000000000000000e+02
1.510000000000000000e+02
1.510000000000000000e+02
1.510000000000000000e+02
1.510000000000000000e+02
1.510000000000000000e+02
1.510000000000000000e+02
1.510000000000000000e+02
1.510000000000000000e+02
1.510000000000000000e+02
1.510000000000000000e+02
1.510000000000000000e+02
1.510000000000000000e+02
1.510000000000000000e+02
1.510000000000000000e+02
1.510000000000000000e+02
1.510000000000000000e+02
1.510000000000000000e+02
1.480000000000000000e+02
1.430000000000000000e+02
1.380000000000000000e+02
1.330000000000000000e+02
1.260000000000000000e+02
1.190000000000000000e+02
1.100000000000000000e+02
1.070000000000000000e+02
1.010000000000000000e+02
1.000000000000000000e+02
9.900000000000000000e+01
9.600000000000000000e+01
9.200000000000000000e+01
8.800000000000000000e+01
8.200000000000000000e+01
7.800000000000000000e+01
7.600000000000000000e+01
7.100000000000000000e+01
6.800000000000000000e+01
6.700000000000000000e+01
6.500000000000000000e+01
6.300000000000000000e+01
6.000000000000000000e+01
5.800000000000000000e+01
5.800000000000000000e+01
5.300000000000000000e+01
5.200000000000000000e+01
4.900000000000000000e+01
4.700000000000000000e+01
4.600000000000000000e+01
4.500000000000000000e+01
4.500000000000000000e+01
4.100000000000000000e+01
3.900000000000000000e+01
3.700000000000000000e+01
3.700000000000000000e+01
3.700000000000000000e+01
3.400000000000000000e+01
3.400000000000000000e+01
3.400000000000000000e+01
3.300000000000000000e+01
3.200000000000000000e+01
3.000000000000000000e+01
2.900000000000000000e+01
2.800000000000000000e+01
2.800000000000000000e+01
2.700000000000000000e+01
2.600000000000000000e+01
2.500000000000000000e+01
2.300000000000000000e+01
2.200000000000000000e+01
2.200000000000000000e+01
2.000000000000000000e+01
1.900000000000000000e+01
