3.600000000000000000e+01
4.100000000000000000e+01
4.100000000000000000e+01
4.200000000000000000e+01
4.300000000000000000e+01
4.300000000000000000e+01
4.400000000000000000e+01
4.400000000000000000e+01
4.400000000000000000e+01
4.400000000000000000e+01
4.400000000000000000e+01
4.400000000000000000e+01
4.400000000000000000e+01
4.400000000000000000e+01
4.400000000000000000e+01
4.400000000000000000e+01
4.400000000000000000e+01
4.400000000000000000e+01
4.400000000000000000e+01
4.400000000000000000e+01
4.400000000000000000e+01
4.400000000000000000e+01
4.400000000000000000e+01
4.400000000000000000e+01
4.400000000000000000e+01
4.400000000000000000e+01
4.400000000000000000e+01
4.400000000000000000e+01
4.500000000000000000e+01
4.500000000000000000e+01
4.600000000000000000e+01
4.700000000000000000e+01
4.700000000000000000e+01
5.100000000000000000e+01
5.100000000000000000e+01
5.100000000000000000e+01
5.500000000000000000e+01
6.300000000000000000e+01
6.300000000000000000e+01
6.800000000000000000e+01
6.900000000000000000e+01
6.900000000000000000e+01
7.300000000000000000e+01
8.000000000000000000e+01
8.000000000000000000e+01
8.200000000000000000e+01
9.200000000000000000e+01
9.200000000000000000e+01
9.700000000000000000e+01
1.060000000000000000e+02
1.060000000000000000e+02
1.110000000000000000e+02
1.210000000000000000e+02
1.210000000000000000e+02
1.330000000000000000e+02
1.420000000000000000e+02
1.420000000000000000e+02
1.490000000000000000e+02
1.530000000000000000e+02
1.530000000000000000e+02
1.620000000000000000e+02
1.770000000000000000e+02
1.770000000000000000e+02
1.830000000000000000e+02
1.940000000000000000e+02
1.940000000000000000e+02
2.020000000000000000e+02
2.090000000000000000e+02
2.090000000000000000e+02
2.190000000000000000e+02
2.270000000000000000e+02
2.270000000000000000e+02
2.320000000000000000e+02
2.380000000000000000e+02
2.380000000000000000e+02
2.430000000000000000e+02
2.360000000000000000e+02
2.310000000000000000e+02
2.270000000000000000e+02
2.220000000000000000e+02
2.150000000000000000e+02
2.140000000000000000e+02
2.100000000000000000e+02
2.050000000000000000e+02
2.010000000000000000e+02
2.010000000000000000e+02
2.010000000000000000e+02
2.010000000000000000e+02
2.010000000000000000e+02
2.010000000000000000e+02
2.010000000000000000e+02
2.010000000000000000e+02
2.010000000000000000e+02
2.010000000000000000e+02
2.010000000000000000e+02
2.010000000000000000e+02
2.010000000000000000e+02
2.010000000000000000e+02
2.010000000000000000e+02
2.010000000000000000e+02
2.010000000000000000e+02
2.010000000000000000e+02
2.010000000000000000e+02
2.010000000000000000e+02
2.010000000000000000e+02
2.010000000000000000e+02
2.010000000000000000e+02
2.010000000000000000e+02
2.010000000000000000e+02
2.010000000000000000e+02
2.010000000000000000e+02
2.010000000000000000e+02
2.010000000000000000e+02
2.010000000000000000e+02
2.010000000000000000e+02
2.010000000000000000e+02
2.010000000000000000e+02
2.010000000000000000e+02
2.010000000000000000e+02
2.010000000000000000e+02
2.000000000000000000e+02
1.990000000000000000e+02
1.990000000000000000e+02
1.980000000000000000e+02
1.960000000000000000e+02
1.930000000000000000e+02
1.930000000000000000e+02
1.910000000000000000e+02
1.910000000000000000e+02
1.900000000000000000e+02
1.870000000000000000e+02
1.850000000000000000e+02
1.830000000000000000e+02
1.820000000000000000e+02
1.770000000000000000e+02
1.720000000000000000e+02
1.680000000000000000e+02
1.640000000000000000e+02
1.590000000000000000e+02
1.550000000000000000e+02
1.520000000000000000e+02
1.480000000000000000e+02
1.420000000000000000e+02
1.400000000000000000e+02
1.360000000000000000e+02
1.310000000000000000e+02
1.260000000000000000e+02
1.160000000000000000e+02
1.120000000000000000e+02
1.080000000000000000e+02
