8.600000000000000000e+01
9.000000000000000000e+01
9.000000000000000000e+01
9.300000000000000000e+01
1.020000000000000000e+02
1.020000000000000000e+02
1.020000000000000000e+02
1.050000000000000000e+02
1.050000000000000000e+02
1.100000000000000000e+02
1.130000000000000000e+02
1.130000000000000000e+02
1.150000000000000000e+02
1.170000000000000000e+02
1.170000000000000000e+02
1.210000000000000000e+02
1.220000000000000000e+02
1.220000000000000000e+02
1.230000000000000000e+02
1.230000000000000000e+02
1.230000000000000000e+02
1.240000000000000000e+02
1.240000000000000000e+02
1.240000000000000000e+02
1.240000000000000000e+02
1.280000000000000000e+02
1.280000000000000000e+02
1.280000000000000000e+02
1.280000000000000000e+02
1.280000000000000000e+02
1.280000000000000000e+02
1.280000000000000000e+02
1.280000000000000000e+02
1.280000000000000000e+02
1.280000000000000000e+02
1.280000000000000000e+02
1.280000000000000000e+02
1.280000000000000000e+02
1.280000000000000000e+02
1.280000000000000000e+02
1.280000000000000000e+02
1.280000000000000000e+02
1.370000000000000000e+02
1.430000000000000000e+02
1.430000000000000000e+02
1.510000000000000000e+02
1.570000000000000000e+02
1.570000000000000000e+02
1.680000000000000000e+02
1.760000000000000000e+02
1.760000000000000000e+02
1.900000000000000000e+02
1.980000000000000000e+02
1.980000000000000000e+02
2.040000000000000000e+02
2.090000000000000000e+02
2.090000000000000000e+02
2.190000000000000000e+02
2.280000000000000000e+02
2.280000000000000000e+02
2.380000000000000000e+02
2.430000000000000000e+02
2.430000000000000000e+02
2.510000000000000000e+02
2.600000000000000000e+02
2.600000000000000000e+02
2.680000000000000000e+02
2.750000000000000000e+02
2.750000000000000000e+02
2.800000000000000000e+02
2.920000000000000000e+02
2.920000000000000000e+02
2.990000000000000000e+02
3.100000000000000000e+02
3.100000000000000000e+02
3.170000000000000000e+02
3.090000000000000000e+02
3.030000000000000000e+02
2.990000000000000000e+02
2.960000000000000000e+02
2.860000000000000000e+02
2.810000000000000000e+02
2.760000000000000000e+02
2.720000000000000000e+02
2.670000000000000000e+02
2.640000000000000000e+02
2.560000000000000000e+02
2.490000000000000000e+02
2.430000000000000000e+02
2.380000000000000000e+02
2.320000000000000000e+02
2.280000000000000000e+02
2.210000000000000000e+02
2.180000000000000000e+02
2.150000000000000000e+02
2.100000000000000000e+02
2.050000000000000000e+02
2.050000000000000000e+02
2.050000000000000000e+02
2.050000000000000000e+02
2.050000000000000000e+02
2.050000000000000000e+02
2.050000000000000000e+02
2.050000000000000000e+02
2.050000000000000000e+02
2.050000000000000000e+02
2.050000000000000000e+02
2.050000000000000000e+02
2.050000000000000000e+02
2.050000000000000000e+02
2.050000000000000000e+02
2.050000000000000000e+02
2.050000000000000000e+02
2.050000000000000000e+02
2.050000000000000000e+02
2.050000000000000000e+02
2.050000000000000000e+02
2.040000000000000000e+02
2.040000000000000000e+02
2.030000000000000000e+02
1.990000000000000000e+02
1.970000000000000000e+02
1.960000000000000000e+02
1.930000000000000000e+02
1.910000000000000000e+02
1.900000000000000000e+02
1.850000000000000000e+02
1.820000000000000000e+02
1.820000000000000000e+02
1.780000000000000000e+02
1.770000000000000000e+02
1.760000000000000000e+02
1.730000000000000000e+02
1.690000000000000000e+02
1.660000000000000000e+02
1.640000000000000000e+02
1.590000000000000000e+02
1.560000000000000000e+02
1.520000000000000000e+02
1.470000000000000000e+02
1.460000000000000000e+02
1.450000000000000000e+02
1.360000000000000000e+02
1.320000000000000000e+02
1.270000000000000000e+02
1.250000000000000000e+02
1.230000000000000000e+02
1.180000000000000000e+02
1.170000000000000000e+02
1.160000000000000000e+02
