7.900000000000000000e+01
8.300000000000000000e+01
8.300000000000000000e+01
8.500000000000000000e+01
8.800000000000000000e+01
8.800000000000000000e+01
9.100000000000000000e+01
9.400000000000000000e+01
9.400000000000000000e+01
9.900000000000000000e+01
1.030000000000000000e+02
1.030000000000000000e+02
1.060000000000000000e+02
1.090000000000000000e+02
1.090000000000000000e+02
1.110000000000000000e+02
1.120000000000000000e+02
1.120000000000000000e+02
1.140000000000000000e+02
1.170000000000000000e+02
1.170000000000000000e+02
1.170000000000000000e+02
1.170000000000000000e+02
1.170000000000000000e+02
1.170000000000000000e+02
1.170000000000000000e+02
1.170000000000000000e+02
1.170000000000000000e+02
1.170000000000000000e+02
1.170000000000000000e+02
1.170000000000000000e+02
1.170000000000000000e+02
1.170000000000000000e+02
1.170000000000000000e+02
1.170000000000000000e+02
1.170000000000000000e+02
1.170000000000000000e+02
1.170000000000000000e+02
1.170000000000000000e+02
1.170000000000000000e+02
1.170000000000000000e+02
1.170000000000000000e+02
1.170000000000000000e+02
1.170000000000000000e+02
1.170000000000000000e+02
1.170000000000000000e+02
1.170000000000000000e+02
1.170000000000000000e+02
1.170000000000000000e+02
1.170000000000000000e+02
1.170000000000000000e+02
1.170000000000000000e+02
1.170000000000000000e+02
1.170000000000000000e+02
1.170000000000000000e+02
1.170000000000000000e+02
1.170000000000000000e+02
1.200000000000000000e+02
1.290000000000000000e+02
1.290000000000000000e+02
1.330000000000000000e+02
1.430000000000000000e+02
1.430000000000000000e+02
1.550000000000000000e+02
1.590000000000000000e+02
1.590000000000000000e+02
1.640000000000000000e+02
1.720000000000000000e+02
1.720000000000000000e+02
1.770000000000000000e+02
1.840000000000000000e+02
1.840000000000000000e+02
1.920000000000000000e+02
2.020000000000000000e+02
2.020000000000000000e+02
2.060000000000000000e+02
1.990000000000000000e+02
1.950000000000000000e+02
1.900000000000000000e+02
1.810000000000000000e+02
1.760000000000000000e+02
1.730000000000000000e+02
1.710000000000000000e+02
1.700000000000000000e+02
1.680000000000000000e+02
1.620000000000000000e+02
1.560000000000000000e+02
1.530000000000000000e+02
1.460000000000000000e+02
1.400000000000000000e+02
1.340000000000000000e+02
1.280000000000000000e+02
1.210000000000000000e+02
1.130000000000000000e+02
1.060000000000000000e+02
9.600000000000000000e+01
9.600000000000000000e+01
9.500000000000000000e+01
9.500000000000000000e+01
9.400000000000000000e+01
9.400000000000000000e+01
9.400000000000000000e+01
9.400000000000000000e+01
9.400000000000000000e+01
9.400000000000000000e+01
9.400000000000000000e+01
9.400000000000000000e+01
9.400000000000000000e+01
9.400000000000000000e+01
9.400000000000000000e+01
9.400000000000000000e+01
9.400000000000000000e+01
9.400000000000000000e+01
9.400000000000000000e+01
9.400000000000000000e+01
9.400000000000000000e+01
9.400000000000000000e+01
9.400000000000000000e+01
9.400000000000000000e+01
9.400000000000000000e+01
9.400000000000000000e+01
9.400000000000000000e+01
9.400000000000000000e+01
9.400000000000000000e+01
9.400000000000000000e+01
9.400000000000000000e+01
9.400000000000000000e+01
9.400000000000000000e+01
9.400000000000000000e+01
9.400000000000000000e+01
9.400000000000000000e+01
9.400000000000000000e+01
9.400000000000000000e+01
9.300000000000000000e+01
9.300000000000000000e+01
9.200000000000000000e+01
9.200000000000000000e+01
9.000000000000000000e+01
8.700000000000000000e+01
8.600000000000000000e+01
8.500000000000000000e+01
8.500000000000000000e+01
8.300000000000000000e+01
8.100000000000000000e+01
8.000000000000000000e+01
7.900000000000000000e+01
7.500000000000000000e+01
7.300000000000000000e+01
7.000000000000000000e+01
6.700000000000000000e+01
