2.600000000000000000e+01
2.600000000000000000e+01
2.600000000000000000e+01
2.600000000000000000e+01
2.800000000000000000e+01
2.800000000000000000e+01
2.900000000000000000e+01
2.900000000000000000e+01
2.900000000000000000e+01
3.000000000000000000e+01
3.100000000000000000e+01
3.100000000000000000e+01
3.100000000000000000e+01
3.400000000000000000e+01
3.400000000000000000e+01
3.400000000000000000e+01
3.500000000000000000e+01
3.500000000000000000e+01
3.700000000000000000e+01
3.900000000000000000e+01
3.900000000000000000e+01
4.100000000000000000e+01
4.600000000000000000e+01
4.600000000000000000e+01
4.800000000000000000e+01
5.100000000000000000e+01
5.100000000000000000e+01
5.200000000000000000e+01
5.700000000000000000e+01
5.700000000000000000e+01
6.000000000000000000e+01
6.700000000000000000e+01
6.700000000000000000e+01
7.500000000000000000e+01
8.300000000000000000e+01
8.300000000000000000e+01
8.800000000000000000e+01
9.200000000000000000e+01
9.200000000000000000e+01
1.000000000000000000e+02
1.060000000000000000e+02
1.060000000000000000e+02
1.150000000000000000e+02
1.220000000000000000e+02
1.220000000000000000e+02
1.290000000000000000e+02
1.380000000000000000e+02
1.380000000000000000e+02
1.480000000000000000e+02
1.520000000000000000e+02
1.520000000000000000e+02
1.650000000000000000e+02
1.780000000000000000e+02
1.780000000000000000e+02
1.840000000000000000e+02
1.910000000000000000e+02
1.910000000000000000e+02
2.000000000000000000e+02
2.100000000000000000e+02
2.100000000000000000e+02
2.130000000000000000e+02
2.180000000000000000e+02
2.180000000000000000e+02
2.230000000000000000e+02
2.300000000000000000e+02
2.300000000000000000e+02
2.370000000000000000e+02
2.470000000000000000e+02
2.470000000000000000e+02
2.530000000000000000e+02
2.600000000000000000e+02
2.600000000000000000e+02
2.660000000000000000e+02
2.720000000000000000e+02
2.720000000000000000e+02
2.760000000000000000e+02
2.690000000000000000e+02
2.690000000000000000e+02
2.690000000000000000e+02
2.690000000000000000e+02
2.690000000000000000e+02
2.690000000000000000e+02
2.690000000000000000e+02
2.690000000000000000e+02
2.690000000000000000e+02
2.690000000000000000e+02
2.690000000000000000e+02
2.690000000000000000e+02
2.690000000000000000e+02
2.690000000000000000e+02
2.690000000000000000e+02
2.690000000000000000e+02
2.690000000000000000e+02
2.690000000000000000e+02
2.690000000000000000e+02
2.690000000000000000e+02
2.690000000000000000e+02
2.690000000000000000e+02
2.690000000000000000e+02
2.690000000000000000e+02
2.690000000000000000e+02
2.690000000000000000e+02
2.690000000000000000e+02
2.690000000000000000e+02
2.690000000000000000e+02
2.690000000000000000e+02
2.690000000000000000e+02
2.690000000000000000e+02
2.690000000000000000e+02
2.690000000000000000e+02
2.690000000000000000e+02
2.690000000000000000e+02
2.690000000000000000e+02
2.690000000000000000e+02
2.690000000000000000e+02
2.690000000000000000e+02
2.690000000000000000e+02
2.690000000000000000e+02
2.690000000000000000e+02
2.690000000000000000e+02
2.690000000000000000e+02
2.680000000000000000e+02
2.650000000000000000e+02
2.620000000000000000e+02
2.530000000000000000e+02
2.470000000000000000e+02
2.370000000000000000e+02
2.340000000000000000e+02
2.280000000000000000e+02
2.250000000000000000e+02
2.200000000000000000e+02
2.160000000000000000e+02
2.080000000000000000e+02
2.010000000000000000e+02
1.960000000000000000e+02
1.930000000000000000e+02
1.880000000000000000e+02
1.800000000000000000e+02
1.760000000000000000e+02
1.720000000000000000e+02
1.690000000000000000e+02
1.610000000000000000e+02
1.530000000000000000e+02
1.500000000000000000e+02
1.440000000000000000e+02
1.420000000000000000e+02
1.360000000000000000e+02
1.290000000000000000e+02
1.250000000000000000e+02
1.140000000000000000e+02
