8.200000000000000000e+01
8.500000000000000000e+01
8.500000000000000000e+01
8.600000000000000000e+01
8.800000000000000000e+01
8.800000000000000000e+01
9.100000000000000000e+01
9.300000000000000000e+01
9.300000000000000000e+01
9.600000000000000000e+01
1.000000000000000000e+02
1.000000000000000000e+02
1.030000000000000000e+02
1.100000000000000000e+02
1.100000000000000000e+02
1.130000000000000000e+02
1.140000000000000000e+02
1.140000000000000000e+02
1.150000000000000000e+02
1.150000000000000000e+02
1.150000000000000000e+02
1.160000000000000000e+02
1.170000000000000000e+02
1.170000000000000000e+02
1.170000000000000000e+02
1.170000000000000000e+02
1.170000000000000000e+02
1.170000000000000000e+02
1.170000000000000000e+02
1.170000000000000000e+02
1.170000000000000000e+02
1.170000000000000000e+02
1.170000000000000000e+02
1.170000000000000000e+02
1.170000000000000000e+02
1.170000000000000000e+02
1.170000000000000000e+02
1.170000000000000000e+02
1.170000000000000000e+02
1.170000000000000000e+02
1.170000000000000000e+02
1.170000000000000000e+02
1.170000000000000000e+02
1.230000000000000000e+02
1.230000000000000000e+02
1.290000000000000000e+02
1.340000000000000000e+02
1.340000000000000000e+02
1.470000000000000000e+02
1.560000000000000000e+02
1.560000000000000000e+02
1.640000000000000000e+02
1.720000000000000000e+02
1.720000000000000000e+02
1.800000000000000000e+02
1.880000000000000000e+02
1.880000000000000000e+02
1.950000000000000000e+02
2.070000000000000000e+02
2.070000000000000000e+02
2.170000000000000000e+02
2.250000000000000000e+02
2.250000000000000000e+02
2.350000000000000000e+02
2.390000000000000000e+02
2.390000000000000000e+02
2.430000000000000000e+02
2.550000000000000000e+02
2.550000000000000000e+02
2.600000000000000000e+02
2.640000000000000000e+02
2.640000000000000000e+02
2.720000000000000000e+02
2.860000000000000000e+02
2.860000000000000000e+02
2.870000000000000000e+02
2.840000000000000000e+02
2.810000000000000000e+02
2.740000000000000000e+02
2.700000000000000000e+02
2.670000000000000000e+02
2.630000000000000000e+02
2.570000000000000000e+02
2.520000000000000000e+02
2.510000000000000000e+02
2.460000000000000000e+02
2.410000000000000000e+02
2.380000000000000000e+02
2.310000000000000000e+02
2.190000000000000000e+02
2.140000000000000000e+02
2.060000000000000000e+02
2.040000000000000000e+02
1.950000000000000000e+02
1.950000000000000000e+02
1.930000000000000000e+02
1.930000000000000000e+02
1.930000000000000000e+02
1.930000000000000000e+02
1.930000000000000000e+02
1.930000000000000000e+02
1.930000000000000000e+02
1.930000000000000000e+02
1.930000000000000000e+02
1.930000000000000000e+02
1.930000000000000000e+02
1.930000000000000000e+02
1.930000000000000000e+02
1.930000000000000000e+02
1.930000000000000000e+02
1.930000000000000000e+02
1.930000000000000000e+02
1.930000000000000000e+02
1.930000000000000000e+02
1.930000000000000000e+02
1.930000000000000000e+02
1.930000000000000000e+02
1.930000000000000000e+02
1.930000000000000000e+02
1.920000000000000000e+02
1.900000000000000000e+02
1.860000000000000000e+02
1.840000000000000000e+02
1.790000000000000000e+02
1.760000000000000000e+02
1.750000000000000000e+02
1.720000000000000000e+02
1.610000000000000000e+02
1.600000000000000000e+02
1.580000000000000000e+02
1.560000000000000000e+02
1.560000000000000000e+02
1.550000000000000000e+02
1.540000000000000000e+02
1.510000000000000000e+02
1.480000000000000000e+02
1.430000000000000000e+02
1.400000000000000000e+02
1.380000000000000000e+02
1.330000000000000000e+02
1.280000000000000000e+02
1.240000000000000000e+02
1.170000000000000000e+02
1.170000000000000000e+02
1.170000000000000000e+02
1.160000000000000000e+02
1.160000000000000000e+02
1.110000000000000000e+02
1.110000000000000000e+02
1.080000000000000000e+02
