6.500000000000000000e+01
7.200000000000000000e+01
7.200000000000000000e+01
8.000000000000000000e+01
8.300000000000000000e+01
8.300000000000000000e+01
9.000000000000000000e+01
9.100000000000000000e+01
9.100000000000000000e+01
9.400000000000000000e+01
9.600000000000000000e+01
9.600000000000000000e+01
9.600000000000000000e+01
9.600000000000000000e+01
9.600000000000000000e+01
9.600000000000000000e+01
9.600000000000000000e+01
9.600000000000000000e+01
9.600000000000000000e+01
9.600000000000000000e+01
9.600000000000000000e+01
9.600000000000000000e+01
9.600000000000000000e+01
9.600000000000000000e+01
9.600000000000000000e+01
9.600000000000000000e+01
9.600000000000000000e+01
9.600000000000000000e+01
9.600000000000000000e+01
9.600000000000000000e+01
9.600000000000000000e+01
9.600000000000000000e+01
9.600000000000000000e+01
9.600000000000000000e+01
9.600000000000000000e+01
9.600000000000000000e+01
9.600000000000000000e+01
9.600000000000000000e+01
9.600000000000000000e+01
9.600000000000000000e+01
9.600000000000000000e+01
9.600000000000000000e+01
9.600000000000000000e+01
9.600000000000000000e+01
9.600000000000000000e+01
9.600000000000000000e+01
9.600000000000000000e+01
9.600000000000000000e+01
9.600000000000000000e+01
1.040000000000000000e+02
1.040000000000000000e+02
1.140000000000000000e+02
1.230000000000000000e+02
1.230000000000000000e+02
1.290000000000000000e+02
1.360000000000000000e+02
1.360000000000000000e+02
1.440000000000000000e+02
1.510000000000000000e+02
1.510000000000000000e+02
1.580000000000000000e+02
1.650000000000000000e+02
1.650000000000000000e+02
1.710000000000000000e+02
1.770000000000000000e+02
1.770000000000000000e+02
1.850000000000000000e+02
1.940000000000000000e+02
1.940000000000000000e+02
2.000000000000000000e+02
2.100000000000000000e+02
2.100000000000000000e+02
2.160000000000000000e+02
2.220000000000000000e+02
2.220000000000000000e+02
2.300000000000000000e+02
2.280000000000000000e+02
2.200000000000000000e+02
2.140000000000000000e+02
2.100000000000000000e+02
2.050000000000000000e+02
1.980000000000000000e+02
1.920000000000000000e+02
1.850000000000000000e+02
1.780000000000000000e+02
1.740000000000000000e+02
1.690000000000000000e+02
1.630000000000000000e+02
1.540000000000000000e+02
1.520000000000000000e+02
1.440000000000000000e+02
1.380000000000000000e+02
1.380000000000000000e+02
1.380000000000000000e+02
1.380000000000000000e+02
1.380000000000000000e+02
1.380000000000000000e+02
1.380000000000000000e+02
1.380000000000000000e+02
1.380000000000000000e+02
1.380000000000000000e+02
1.380000000000000000e+02
1.380000000000000000e+02
1.380000000000000000e+02
1.380000000000000000e+02
1.380000000000000000e+02
1.380000000000000000e+02
1.380000000000000000e+02
1.380000000000000000e+02
1.380000000000000000e+02
1.380000000000000000e+02
1.380000000000000000e+02
1.380000000000000000e+02
1.380000000000000000e+02
1.380000000000000000e+02
1.380000000000000000e+02
1.380000000000000000e+02
1.380000000000000000e+02
1.380000000000000000e+02
1.380000000000000000e+02
1.380000000000000000e+02
1.380000000000000000e+02
1.380000000000000000e+02
1.380000000000000000e+02
1.380000000000000000e+02
1.380000000000000000e+02
1.370000000000000000e+02
1.330000000000000000e+02
1.330000000000000000e+02
1.330000000000000000e+02
1.320000000000000000e+02
1.310000000000000000e+02
1.280000000000000000e+02
1.260000000000000000e+02
1.240000000000000000e+02
1.240000000000000000e+02
1.210000000000000000e+02
1.190000000000000000e+02
1.180000000000000000e+02
1.160000000000000000e+02
1.130000000000000000e+02
1.120000000000000000e+02
1.090000000000000000e+02
1.060000000000000000e+02
1.020000000000000000e+02
1.000000000000000000e+02
9.800000000000000000e+01
9.500000000000000000e+01
9.200000000000000000e+01
8.600000000000000000e+01
