5.500000000000000000e+01
5.700000000000000000e+01
5.700000000000000000e+01
6.200000000000000000e+01
6.500000000000000000e+01
6.500000000000000000e+01
6.600000000000000000e+01
6.800000000000000000e+01
6.800000000000000000e+01
6.800000000000000000e+01
6.800000000000000000e+01
6.800000000000000000e+01
6.800000000000000000e+01
6.800000000000000000e+01
6.800000000000000000e+01
6.800000000000000000e+01
6.800000000000000000e+01
6.800000000000000000e+01
6.800000000000000000e+01
6.800000000000000000e+01
6.800000000000000000e+01
6.800000000000000000e+01
6.800000000000000000e+01
6.800000000000000000e+01
6.800000000000000000e+01
6.800000000000000000e+01
6.800000000000000000e+01
6.800000000000000000e+01
6.800000000000000000e+01
6.800000000000000000e+01
6.800000000000000000e+01
6.800000000000000000e+01
6.800000000000000000e+01
6.800000000000000000e+01
6.800000000000000000e+01
6.800000000000000000e+01
6.800000000000000000e+01
6.800000000000000000e+01
6.800000000000000000e+01
6.800000000000000000e+01
6.800000000000000000e+01
6.800000000000000000e+01
6.800000000000000000e+01
6.800000000000000000e+01
6.800000000000000000e+01
6.800000000000000000e+01
6.800000000000000000e+01
6.800000000000000000e+01
7.400000000000000000e+01
8.200000000000000000e+01
8.200000000000000000e+01
8.700000000000000000e+01
9.100000000000000000e+01
9.100000000000000000e+01
9.800000000000000000e+01
1.060000000000000000e+02
1.060000000000000000e+02
1.120000000000000000e+02
1.210000000000000000e+02
1.210000000000000000e+02
1.290000000000000000e+02
1.390000000000000000e+02
1.390000000000000000e+02
1.460000000000000000e+02
1.530000000000000000e+02
1.530000000000000000e+02
1.620000000000000000e+02
1.670000000000000000e+02
1.670000000000000000e+02
1.720000000000000000e+02
1.830000000000000000e+02
1.830000000000000000e+02
1.920000000000000000e+02
1.970000000000000000e+02
1.970000000000000000e+02
1.920000000000000000e+02
1.880000000000000000e+02
1.820000000000000000e+02
1.770000000000000000e+02
1.700000000000000000e+02
1.610000000000000000e+02
1.590000000000000000e+02
1.550000000000000000e+02
1.480000000000000000e+02
1.420000000000000000e+02
1.390000000000000000e+02
1.340000000000000000e+02
1.340000000000000000e+02
1.340000000000000000e+02
1.340000000000000000e+02
1.340000000000000000e+02
1.340000000000000000e+02
1.340000000000000000e+02
1.340000000000000000e+02
1.340000000000000000e+02
1.340000000000000000e+02
1.340000000000000000e+02
1.340000000000000000e+02
1.340000000000000000e+02
1.340000000000000000e+02
1.340000000000000000e+02
1.340000000000000000e+02
1.340000000000000000e+02
1.340000000000000000e+02
1.340000000000000000e+02
1.340000000000000000e+02
1.340000000000000000e+02
1.340000000000000000e+02
1.340000000000000000e+02
1.340000000000000000e+02
1.340000000000000000e+02
1.340000000000000000e+02
1.340000000000000000e+02
1.340000000000000000e+02
1.340000000000000000e+02
1.340000000000000000e+02
1.340000000000000000e+02
1.340000000000000000e+02
1.340000000000000000e+02
1.340000000000000000e+02
1.340000000000000000e+02
1.340000000000000000e+02
1.340000000000000000e+02
1.340000000000000000e+02
1.340000000000000000e+02
1.340000000000000000e+02
1.330000000000000000e+02
1.320000000000000000e+02
1.310000000000000000e+02
1.290000000000000000e+02
1.280000000000000000e+02
1.270000000000000000e+02
1.250000000000000000e+02
1.200000000000000000e+02
1.190000000000000000e+02
1.180000000000000000e+02
1.150000000000000000e+02
1.110000000000000000e+02
1.090000000000000000e+02
1.060000000000000000e+02
1.030000000000000000e+02
1.010000000000000000e+02
9.800000000000000000e+01
9.700000000000000000e+01
9.500000000000000000e+01
9.100000000000000000e+01
8.700000000000000000e+01
8.500000000000000000e+01
8.400000000000000000e+01
7.900000000000000000e+01
