9.100000000000000000e+01
9.700000000000000000e+01
9.700000000000000000e+01
1.010000000000000000e+02
1.110000000000000000e+02
1.110000000000000000e+02
1.180000000000000000e+02
1.220000000000000000e+02
1.220000000000000000e+02
1.280000000000000000e+02
1.330000000000000000e+02
1.330000000000000000e+02
1.360000000000000000e+02
1.400000000000000000e+02
1.400000000000000000e+02
1.480000000000000000e+02
1.520000000000000000e+02
1.520000000000000000e+02
1.540000000000000000e+02
1.590000000000000000e+02
1.590000000000000000e+02
1.650000000000000000e+02
1.660000000000000000e+02
1.660000000000000000e+02
1.700000000000000000e+02
1.710000000000000000e+02
1.710000000000000000e+02
1.720000000000000000e+02
1.720000000000000000e+02
1.720000000000000000e+02
1.730000000000000000e+02
1.750000000000000000e+02
1.750000000000000000e+02
1.750000000000000000e+02
1.750000000000000000e+02
1.750000000000000000e+02
1.750000000000000000e+02
1.750000000000000000e+02
1.750000000000000000e+02
1.750000000000000000e+02
1.750000000000000000e+02
1.750000000000000000e+02
1.750000000000000000e+02
1.750000000000000000e+02
1.750000000000000000e+02
1.750000000000000000e+02
1.750000000000000000e+02
1.750000000000000000e+02
1.750000000000000000e+02
1.750000000000000000e+02
1.750000000000000000e+02
1.750000000000000000e+02
1.750000000000000000e+02
1.750000000000000000e+02
1.750000000000000000e+02
1.750000000000000000e+02
1.750000000000000000e+02
1.780000000000000000e+02
1.890000000000000000e+02
1.890000000000000000e+02
1.930000000000000000e+02
2.010000000000000000e+02
2.010000000000000000e+02
2.100000000000000000e+02
2.190000000000000000e+02
2.190000000000000000e+02
2.220000000000000000e+02
2.300000000000000000e+02
2.300000000000000000e+02
2.330000000000000000e+02
2.380000000000000000e+02
2.380000000000000000e+02
2.450000000000000000e+02
2.510000000000000000e+02
2.510000000000000000e+02
2.590000000000000000e+02
2.550000000000000000e+02
2.490000000000000000e+02
2.460000000000000000e+02
2.360000000000000000e+02
2.320000000000000000e+02
2.240000000000000000e+02
2.170000000000000000e+02
2.130000000000000000e+02
2.100000000000000000e+02
2.050000000000000000e+02
2.000000000000000000e+02
1.980000000000000000e+02
1.920000000000000000e+02
1.840000000000000000e+02
1.770000000000000000e+02
1.710000000000000000e+02
1.650000000000000000e+02
1.600000000000000000e+02
1.540000000000000000e+02
1.490000000000000000e+02
1.450000000000000000e+02
1.400000000000000000e+02
1.330000000000000000e+02
1.280000000000000000e+02
1.220000000000000000e+02
1.170000000000000000e+02
1.120000000000000000e+02
1.100000000000000000e+02
1.080000000000000000e+02
9.900000000000000000e+01
9.100000000000000000e+01
9.100000000000000000e+01
9.100000000000000000e+01
9.100000000000000000e+01
9.100000000000000000e+01
9.100000000000000000e+01
9.100000000000000000e+01
9.100000000000000000e+01
9.100000000000000000e+01
9.100000000000000000e+01
9.100000000000000000e+01
9.100000000000000000e+01
9.100000000000000000e+01
9.100000000000000000e+01
9.100000000000000000e+01
9.100000000000000000e+01
9.100000000000000000e+01
9.100000000000000000e+01
9.100000000000000000e+01
9.100000000000000000e+01
9.100000000000000000e+01
9.100000000000000000e+01
9.100000000000000000e+01
9.100000000000000000e+01
9.100000000000000000e+01
9.100000000000000000e+01
8.900000000000000000e+01
8.400000000000000000e+01
8.100000000000000000e+01
8.100000000000000000e+01
8.000000000000000000e+01
7.900000000000000000e+01
7.900000000000000000e+01
7.800000000000000000e+01
7.600000000000000000e+01
7.400000000000000000e+01
7.200000000000000000e+01
7.100000000000000000e+01
7.000000000000000000e+01
6.800000000000000000e+01
6.600000000000000000e+01
6.500000000000000000e+01
6.200000000000000000e+01
6.000000000000000000e+01
