5.500000000000000000e+01
5.900000000000000000e+01
5.900000000000000000e+01
6.100000000000000000e+01
6.300000000000000000e+01
6.300000000000000000e+01
6.400000000000000000e+01
6.400000000000000000e+01
6.400000000000000000e+01
6.400000000000000000e+01
6.400000000000000000e+01
6.400000000000000000e+01
6.400000000000000000e+01
6.400000000000000000e+01
6.400000000000000000e+01
6.400000000000000000e+01
6.400000000000000000e+01
6.400000000000000000e+01
6.400000000000000000e+01
6.400000000000000000e+01
6.400000000000000000e+01
6.400000000000000000e+01
6.400000000000000000e+01
6.400000000000000000e+01
6.400000000000000000e+01
6.400000000000000000e+01
6.400000000000000000e+01
6.400000000000000000e+01
6.400000000000000000e+01
6.400000000000000000e+01
6.400000000000000000e+01
6.400000000000000000e+01
6.400000000000000000e+01
6.400000000000000000e+01
6.400000000000000000e+01
6.400000000000000000e+01
6.400000000000000000e+01
6.400000000000000000e+01
6.400000000000000000e+01
6.400000000000000000e+01
6.400000000000000000e+01
6.400000000000000000e+01
6.400000000000000000e+01
6.400000000000000000e+01
6.400000000000000000e+01
6.400000000000000000e+01
6.400000000000000000e+01
6.400000000000000000e+01
6.400000000000000000e+01
6.400000000000000000e+01
6.400000000000000000e+01
6.400000000000000000e+01
7.800000000000000000e+01
7.800000000000000000e+01
8.000000000000000000e+01
8.800000000000000000e+01
8.800000000000000000e+01
9.900000000000000000e+01
1.120000000000000000e+02
1.120000000000000000e+02
1.180000000000000000e+02
1.330000000000000000e+02
1.330000000000000000e+02
1.360000000000000000e+02
1.440000000000000000e+02
1.440000000000000000e+02
1.510000000000000000e+02
1.550000000000000000e+02
1.550000000000000000e+02
1.590000000000000000e+02
1.680000000000000000e+02
1.680000000000000000e+02
1.750000000000000000e+02
1.780000000000000000e+02
1.780000000000000000e+02
1.840000000000000000e+02
1.740000000000000000e+02
1.650000000000000000e+02
1.590000000000000000e+02
1.550000000000000000e+02
1.490000000000000000e+02
1.390000000000000000e+02
1.340000000000000000e+02
1.280000000000000000e+02
1.220000000000000000e+02
1.220000000000000000e+02
1.220000000000000000e+02
1.220000000000000000e+02
1.220000000000000000e+02
1.220000000000000000e+02
1.220000000000000000e+02
1.220000000000000000e+02
1.220000000000000000e+02
1.220000000000000000e+02
1.220000000000000000e+02
1.220000000000000000e+02
1.220000000000000000e+02
1.220000000000000000e+02
1.220000000000000000e+02
1.220000000000000000e+02
1.220000000000000000e+02
1.220000000000000000e+02
1.220000000000000000e+02
1.220000000000000000e+02
1.220000000000000000e+02
1.220000000000000000e+02
1.220000000000000000e+02
1.220000000000000000e+02
1.220000000000000000e+02
1.220000000000000000e+02
1.220000000000000000e+02
1.220000000000000000e+02
1.220000000000000000e+02
1.220000000000000000e+02
1.220000000000000000e+02
1.220000000000000000e+02
1.220000000000000000e+02
1.220000000000000000e+02
1.220000000000000000e+02
1.220000000000000000e+02
1.220000000000000000e+02
1.220000000000000000e+02
1.220000000000000000e+02
1.220000000000000000e+02
1.220000000000000000e+02
1.220000000000000000e+02
1.220000000000000000e+02
1.200000000000000000e+02
1.200000000000000000e+02
1.200000000000000000e+02
1.180000000000000000e+02
1.170000000000000000e+02
1.160000000000000000e+02
1.160000000000000000e+02
1.160000000000000000e+02
1.150000000000000000e+02
1.130000000000000000e+02
1.090000000000000000e+02
1.040000000000000000e+02
1.000000000000000000e+02
9.900000000000000000e+01
9.900000000000000000e+01
9.800000000000000000e+01
9.300000000000000000e+01
9.100000000000000000e+01
8.900000000000000000e+01
8.800000000000000000e+01
8.600000000000000000e+01
8.200000000000000000e+01
7.900000000000000000e+01
