5.000000000000000000e+01
5.300000000000000000e+01
5.300000000000000000e+01
5.400000000000000000e+01
5.700000000000000000e+01
5.700000000000000000e+01
5.700000000000000000e+01
6.000000000000000000e+01
6.000000000000000000e+01
6.200000000000000000e+01
6.200000000000000000e+01
6.200000000000000000e+01
6.300000000000000000e+01
6.300000000000000000e+01
6.300000000000000000e+01
6.300000000000000000e+01
6.300000000000000000e+01
6.300000000000000000e+01
6.300000000000000000e+01
6.300000000000000000e+01
6.300000000000000000e+01
6.300000000000000000e+01
6.300000000000000000e+01
6.300000000000000000e+01
6.300000000000000000e+01
6.300000000000000000e+01
6.300000000000000000e+01
6.300000000000000000e+01
6.300000000000000000e+01
6.300000000000000000e+01
6.300000000000000000e+01
6.300000000000000000e+01
6.300000000000000000e+01
6.300000000000000000e+01
6.300000000000000000e+01
6.300000000000000000e+01
6.300000000000000000e+01
6.300000000000000000e+01
6.300000000000000000e+01
6.300000000000000000e+01
6.300000000000000000e+01
6.300000000000000000e+01
6.300000000000000000e+01
6.300000000000000000e+01
6.300000000000000000e+01
6.300000000000000000e+01
6.300000000000000000e+01
6.300000000000000000e+01
6.300000000000000000e+01
6.300000000000000000e+01
6.300000000000000000e+01
6.300000000000000000e+01
6.300000000000000000e+01
6.300000000000000000e+01
6.300000000000000000e+01
6.300000000000000000e+01
6.300000000000000000e+01
6.300000000000000000e+01
6.300000000000000000e+01
6.300000000000000000e+01
6.300000000000000000e+01
6.300000000000000000e+01
6.300000000000000000e+01
7.500000000000000000e+01
8.400000000000000000e+01
8.400000000000000000e+01
9.300000000000000000e+01
1.010000000000000000e+02
1.010000000000000000e+02
1.110000000000000000e+02
1.160000000000000000e+02
1.160000000000000000e+02
1.230000000000000000e+02
1.320000000000000000e+02
1.320000000000000000e+02
1.370000000000000000e+02
1.360000000000000000e+02
1.320000000000000000e+02
1.240000000000000000e+02
1.180000000000000000e+02
1.150000000000000000e+02
1.130000000000000000e+02
1.080000000000000000e+02
1.050000000000000000e+02
9.900000000000000000e+01
9.700000000000000000e+01
9.200000000000000000e+01
8.700000000000000000e+01
8.300000000000000000e+01
7.700000000000000000e+01
7.700000000000000000e+01
7.700000000000000000e+01
7.700000000000000000e+01
7.700000000000000000e+01
7.700000000000000000e+01
7.700000000000000000e+01
7.700000000000000000e+01
7.700000000000000000e+01
7.700000000000000000e+01
7.700000000000000000e+01
7.700000000000000000e+01
7.700000000000000000e+01
7.700000000000000000e+01
7.700000000000000000e+01
7.700000000000000000e+01
7.700000000000000000e+01
7.700000000000000000e+01
7.700000000000000000e+01
7.700000000000000000e+01
7.700000000000000000e+01
7.700000000000000000e+01
7.700000000000000000e+01
7.700000000000000000e+01
7.700000000000000000e+01
7.700000000000000000e+01
7.700000000000000000e+01
7.700000000000000000e+01
7.700000000000000000e+01
7.700000000000000000e+01
7.700000000000000000e+01
7.700000000000000000e+01
7.700000000000000000e+01
7.700000000000000000e+01
7.700000000000000000e+01
7.700000000000000000e+01
7.700000000000000000e+01
7.700000000000000000e+01
7.700000000000000000e+01
7.700000000000000000e+01
7.700000000000000000e+01
7.700000000000000000e+01
7.700000000000000000e+01
7.700000000000000000e+01
7.700000000000000000e+01
7.700000000000000000e+01
7.700000000000000000e+01
7.700000000000000000e+01
7.700000000000000000e+01
7.700000000000000000e+01
7.600000000000000000e+01
7.500000000000000000e+01
7.200000000000000000e+01
7.200000000000000000e+01
7.200000000000000000e+01
7.000000000000000000e+01
6.900000000000000000e+01
6.600000000000000000e+01
6.500000000000000000e+01
6.400000000000000000e+01
6.300000000000000000e+01
