5.500000000000000000e+01
5.800000000000000000e+01
5.800000000000000000e+01
5.900000000000000000e+01
6.000000000000000000e+01
6.000000000000000000e+01
6.200000000000000000e+01
6.300000000000000000e+01
6.300000000000000000e+01
6.400000000000000000e+01
7.000000000000000000e+01
7.000000000000000000e+01
7.500000000000000000e+01
8.000000000000000000e+01
8.000000000000000000e+01
8.600000000000000000e+01
9.100000000000000000e+01
9.100000000000000000e+01
9.500000000000000000e+01
1.000000000000000000e+02
1.000000000000000000e+02
1.040000000000000000e+02
1.090000000000000000e+02
1.090000000000000000e+02
1.140000000000000000e+02
1.220000000000000000e+02
1.220000000000000000e+02
1.330000000000000000e+02
1.420000000000000000e+02
1.420000000000000000e+02
1.490000000000000000e+02
1.580000000000000000e+02
1.580000000000000000e+02
1.720000000000000000e+02
1.780000000000000000e+02
1.780000000000000000e+02
1.810000000000000000e+02
1.880000000000000000e+02
1.880000000000000000e+02
1.990000000000000000e+02
2.050000000000000000e+02
2.050000000000000000e+02
2.150000000000000000e+02
2.230000000000000000e+02
2.230000000000000000e+02
2.270000000000000000e+02
2.380000000000000000e+02
2.380000000000000000e+02
2.500000000000000000e+02
2.570000000000000000e+02
2.570000000000000000e+02
2.680000000000000000e+02
2.770000000000000000e+02
2.770000000000000000e+02
2.850000000000000000e+02
2.890000000000000000e+02
2.890000000000000000e+02
2.960000000000000000e+02
3.040000000000000000e+02
3.040000000000000000e+02
3.110000000000000000e+02
3.180000000000000000e+02
3.180000000000000000e+02
3.250000000000000000e+02
3.370000000000000000e+02
3.370000000000000000e+02
3.480000000000000000e+02
3.530000000000000000e+02
3.530000000000000000e+02
3.570000000000000000e+02
3.620000000000000000e+02
3.620000000000000000e+02
3.670000000000000000e+02
3.760000000000000000e+02
3.760000000000000000e+02
3.760000000000000000e+02
3.740000000000000000e+02
3.710000000000000000e+02
3.690000000000000000e+02
3.620000000000000000e+02
3.620000000000000000e+02
3.620000000000000000e+02
3.620000000000000000e+02
3.620000000000000000e+02
3.620000000000000000e+02
3.620000000000000000e+02
3.620000000000000000e+02
3.620000000000000000e+02
3.620000000000000000e+02
3.620000000000000000e+02
3.620000000000000000e+02
3.620000000000000000e+02
3.620000000000000000e+02
3.620000000000000000e+02
3.620000000000000000e+02
3.620000000000000000e+02
3.620000000000000000e+02
3.620000000000000000e+02
3.620000000000000000e+02
3.620000000000000000e+02
3.600000000000000000e+02
3.550000000000000000e+02
3.500000000000000000e+02
3.440000000000000000e+02
3.400000000000000000e+02
3.360000000000000000e+02
3.300000000000000000e+02
3.250000000000000000e+02
3.200000000000000000e+02
3.180000000000000000e+02
3.090000000000000000e+02
3.050000000000000000e+02
3.000000000000000000e+02
2.940000000000000000e+02
2.860000000000000000e+02
2.790000000000000000e+02
2.700000000000000000e+02
2.630000000000000000e+02
2.580000000000000000e+02
2.550000000000000000e+02
2.480000000000000000e+02
2.410000000000000000e+02
2.360000000000000000e+02
2.310000000000000000e+02
2.240000000000000000e+02
2.180000000000000000e+02
2.130000000000000000e+02
2.100000000000000000e+02
2.040000000000000000e+02
1.960000000000000000e+02
1.940000000000000000e+02
1.910000000000000000e+02
1.870000000000000000e+02
1.840000000000000000e+02
1.800000000000000000e+02
1.720000000000000000e+02
1.620000000000000000e+02
1.570000000000000000e+02
1.500000000000000000e+02
1.470000000000000000e+02
1.460000000000000000e+02
1.410000000000000000e+02
1.350000000000000000e+02
1.320000000000000000e+02
1.270000000000000000e+02
1.190000000000000000e+02
1.130000000000000000e+02
1.090000000000000000e+02
1.060000000000000000e+02
1.040000000000000000e+02
