7.000000000000000000e+01
7.800000000000000000e+01
7.800000000000000000e+01
8.200000000000000000e+01
9.000000000000000000e+01
9.000000000000000000e+01
9.100000000000000000e+01
9.400000000000000000e+01
9.400000000000000000e+01
1.000000000000000000e+02
1.010000000000000000e+02
1.010000000000000000e+02
1.020000000000000000e+02
1.050000000000000000e+02
1.050000000000000000e+02
1.060000000000000000e+02
1.100000000000000000e+02
1.100000000000000000e+02
1.110000000000000000e+02
1.110000000000000000e+02
1.110000000000000000e+02
1.110000000000000000e+02
1.110000000000000000e+02
1.110000000000000000e+02
1.110000000000000000e+02
1.110000000000000000e+02
1.110000000000000000e+02
1.110000000000000000e+02
1.110000000000000000e+02
1.110000000000000000e+02
1.110000000000000000e+02
1.110000000000000000e+02
1.110000000000000000e+02
1.110000000000000000e+02
1.110000000000000000e+02
1.110000000000000000e+02
1.110000000000000000e+02
1.110000000000000000e+02
1.110000000000000000e+02
1.110000000000000000e+02
1.110000000000000000e+02
1.110000000000000000e+02
1.110000000000000000e+02
1.110000000000000000e+02
1.110000000000000000e+02
1.110000000000000000e+02
1.110000000000000000e+02
1.110000000000000000e+02
1.110000000000000000e+02
1.110000000000000000e+02
1.110000000000000000e+02
1.230000000000000000e+02
1.330000000000000000e+02
1.330000000000000000e+02
1.350000000000000000e+02
1.420000000000000000e+02
1.420000000000000000e+02
1.480000000000000000e+02
1.610000000000000000e+02
1.610000000000000000e+02
1.680000000000000000e+02
1.790000000000000000e+02
1.790000000000000000e+02
1.860000000000000000e+02
1.890000000000000000e+02
1.890000000000000000e+02
1.940000000000000000e+02
2.000000000000000000e+02
2.000000000000000000e+02
2.030000000000000000e+02
2.110000000000000000e+02
2.110000000000000000e+02
2.170000000000000000e+02
2.230000000000000000e+02
2.230000000000000000e+02
2.320000000000000000e+02
2.260000000000000000e+02
2.220000000000000000e+02
2.190000000000000000e+02
2.120000000000000000e+02
2.080000000000000000e+02
2.000000000000000000e+02
1.940000000000000000e+02
1.870000000000000000e+02
1.820000000000000000e+02
1.760000000000000000e+02
1.690000000000000000e+02
1.660000000000000000e+02
1.630000000000000000e+02
1.590000000000000000e+02
1.540000000000000000e+02
1.460000000000000000e+02
1.390000000000000000e+02
1.360000000000000000e+02
1.300000000000000000e+02
1.260000000000000000e+02
1.250000000000000000e+02
1.250000000000000000e+02
1.250000000000000000e+02
1.250000000000000000e+02
1.250000000000000000e+02
1.250000000000000000e+02
1.250000000000000000e+02
1.250000000000000000e+02
1.250000000000000000e+02
1.250000000000000000e+02
1.250000000000000000e+02
1.250000000000000000e+02
1.250000000000000000e+02
1.250000000000000000e+02
1.250000000000000000e+02
1.250000000000000000e+02
1.250000000000000000e+02
1.250000000000000000e+02
1.250000000000000000e+02
1.250000000000000000e+02
1.250000000000000000e+02
1.250000000000000000e+02
1.250000000000000000e+02
1.250000000000000000e+02
1.250000000000000000e+02
1.250000000000000000e+02
1.250000000000000000e+02
1.250000000000000000e+02
1.250000000000000000e+02
1.250000000000000000e+02
1.250000000000000000e+02
1.240000000000000000e+02
1.230000000000000000e+02
1.220000000000000000e+02
1.210000000000000000e+02
1.200000000000000000e+02
1.200000000000000000e+02
1.200000000000000000e+02
1.170000000000000000e+02
1.140000000000000000e+02
1.120000000000000000e+02
1.110000000000000000e+02
1.070000000000000000e+02
1.030000000000000000e+02
1.020000000000000000e+02
1.000000000000000000e+02
9.800000000000000000e+01
9.500000000000000000e+01
9.300000000000000000e+01
9.100000000000000000e+01
9.000000000000000000e+01
8.500000000000000000e+01
8.200000000000000000e+01
8.000000000000000000e+01
