5.900000000000000000e+01
6.100000000000000000e+01
6.100000000000000000e+01
6.600000000000000000e+01
7.100000000000000000e+01
7.100000000000000000e+01
7.200000000000000000e+01
7.700000000000000000e+01
7.700000000000000000e+01
8.000000000000000000e+01
8.400000000000000000e+01
8.400000000000000000e+01
8.600000000000000000e+01
9.200000000000000000e+01
9.200000000000000000e+01
9.300000000000000000e+01
9.500000000000000000e+01
9.500000000000000000e+01
9.500000000000000000e+01
9.500000000000000000e+01
9.500000000000000000e+01
9.500000000000000000e+01
9.500000000000000000e+01
9.500000000000000000e+01
9.500000000000000000e+01
9.500000000000000000e+01
9.500000000000000000e+01
9.500000000000000000e+01
9.500000000000000000e+01
9.500000000000000000e+01
9.500000000000000000e+01
9.500000000000000000e+01
9.500000000000000000e+01
9.500000000000000000e+01
9.500000000000000000e+01
9.500000000000000000e+01
9.500000000000000000e+01
9.500000000000000000e+01
9.500000000000000000e+01
9.500000000000000000e+01
9.500000000000000000e+01
9.500000000000000000e+01
9.500000000000000000e+01
9.500000000000000000e+01
9.500000000000000000e+01
9.500000000000000000e+01
9.500000000000000000e+01
9.500000000000000000e+01
9.500000000000000000e+01
9.500000000000000000e+01
9.500000000000000000e+01
9.500000000000000000e+01
9.500000000000000000e+01
9.500000000000000000e+01
9.500000000000000000e+01
9.500000000000000000e+01
9.500000000000000000e+01
1.040000000000000000e+02
1.050000000000000000e+02
1.050000000000000000e+02
1.130000000000000000e+02
1.220000000000000000e+02
1.220000000000000000e+02
1.360000000000000000e+02
1.510000000000000000e+02
1.510000000000000000e+02
1.620000000000000000e+02
1.750000000000000000e+02
1.750000000000000000e+02
1.840000000000000000e+02
1.900000000000000000e+02
1.900000000000000000e+02
2.000000000000000000e+02
2.040000000000000000e+02
2.040000000000000000e+02
2.090000000000000000e+02
2.030000000000000000e+02
2.000000000000000000e+02
1.950000000000000000e+02
1.920000000000000000e+02
1.840000000000000000e+02
1.800000000000000000e+02
1.740000000000000000e+02
1.700000000000000000e+02
1.690000000000000000e+02
1.640000000000000000e+02
1.640000000000000000e+02
1.640000000000000000e+02
1.640000000000000000e+02
1.640000000000000000e+02
1.640000000000000000e+02
1.640000000000000000e+02
1.640000000000000000e+02
1.640000000000000000e+02
1.640000000000000000e+02
1.640000000000000000e+02
1.640000000000000000e+02
1.640000000000000000e+02
1.640000000000000000e+02
1.640000000000000000e+02
1.640000000000000000e+02
1.640000000000000000e+02
1.640000000000000000e+02
1.640000000000000000e+02
1.640000000000000000e+02
1.640000000000000000e+02
1.640000000000000000e+02
1.640000000000000000e+02
1.640000000000000000e+02
1.640000000000000000e+02
1.640000000000000000e+02
1.640000000000000000e+02
1.610000000000000000e+02
1.560000000000000000e+02
1.530000000000000000e+02
1.510000000000000000e+02
1.500000000000000000e+02
1.470000000000000000e+02
1.470000000000000000e+02
1.450000000000000000e+02
1.440000000000000000e+02
1.440000000000000000e+02
1.430000000000000000e+02
1.410000000000000000e+02
1.390000000000000000e+02
1.380000000000000000e+02
1.370000000000000000e+02
1.370000000000000000e+02
1.350000000000000000e+02
1.340000000000000000e+02
1.340000000000000000e+02
1.300000000000000000e+02
1.280000000000000000e+02
1.280000000000000000e+02
1.250000000000000000e+02
1.250000000000000000e+02
1.220000000000000000e+02
1.220000000000000000e+02
1.170000000000000000e+02
1.150000000000000000e+02
1.130000000000000000e+02
1.120000000000000000e+02
1.110000000000000000e+02
1.070000000000000000e+02
1.050000000000000000e+02
1.020000000000000000e+02
9.900000000000000000e+01
9.500000000000000000e+01
9.400000000000000000e+01
9.200000000000000000e+01
