4.300000000000000000e+01
4.700000000000000000e+01
4.700000000000000000e+01
5.000000000000000000e+01
5.200000000000000000e+01
5.200000000000000000e+01
5.300000000000000000e+01
5.400000000000000000e+01
5.400000000000000000e+01
5.400000000000000000e+01
5.400000000000000000e+01
5.400000000000000000e+01
5.400000000000000000e+01
5.400000000000000000e+01
5.400000000000000000e+01
5.400000000000000000e+01
5.400000000000000000e+01
5.400000000000000000e+01
5.400000000000000000e+01
5.400000000000000000e+01
5.400000000000000000e+01
5.400000000000000000e+01
5.400000000000000000e+01
5.400000000000000000e+01
5.400000000000000000e+01
5.400000000000000000e+01
5.400000000000000000e+01
5.500000000000000000e+01
5.500000000000000000e+01
5.500000000000000000e+01
5.500000000000000000e+01
5.500000000000000000e+01
5.500000000000000000e+01
5.500000000000000000e+01
5.500000000000000000e+01
5.500000000000000000e+01
5.500000000000000000e+01
5.500000000000000000e+01
5.500000000000000000e+01
5.500000000000000000e+01
5.500000000000000000e+01
5.500000000000000000e+01
5.500000000000000000e+01
5.500000000000000000e+01
5.500000000000000000e+01
5.500000000000000000e+01
5.500000000000000000e+01
5.500000000000000000e+01
5.500000000000000000e+01
5.500000000000000000e+01
5.500000000000000000e+01
5.500000000000000000e+01
5.500000000000000000e+01
5.500000000000000000e+01
6.200000000000000000e+01
6.500000000000000000e+01
6.500000000000000000e+01
7.200000000000000000e+01
7.700000000000000000e+01
7.700000000000000000e+01
8.500000000000000000e+01
9.000000000000000000e+01
9.000000000000000000e+01
9.500000000000000000e+01
1.020000000000000000e+02
1.020000000000000000e+02
1.080000000000000000e+02
1.160000000000000000e+02
1.160000000000000000e+02
1.240000000000000000e+02
1.270000000000000000e+02
1.270000000000000000e+02
1.340000000000000000e+02
1.430000000000000000e+02
1.430000000000000000e+02
1.500000000000000000e+02
1.460000000000000000e+02
1.410000000000000000e+02
1.350000000000000000e+02
1.310000000000000000e+02
1.270000000000000000e+02
1.180000000000000000e+02
1.150000000000000000e+02
1.010000000000000000e+02
1.010000000000000000e+02
1.010000000000000000e+02
1.010000000000000000e+02
1.010000000000000000e+02
1.010000000000000000e+02
1.010000000000000000e+02
1.010000000000000000e+02
1.010000000000000000e+02
1.010000000000000000e+02
1.010000000000000000e+02
1.010000000000000000e+02
1.010000000000000000e+02
1.010000000000000000e+02
1.010000000000000000e+02
1.010000000000000000e+02
1.010000000000000000e+02
1.010000000000000000e+02
1.010000000000000000e+02
1.010000000000000000e+02
1.010000000000000000e+02
1.010000000000000000e+02
1.010000000000000000e+02
1.010000000000000000e+02
1.010000000000000000e+02
1.010000000000000000e+02
1.010000000000000000e+02
1.010000000000000000e+02
1.000000000000000000e+02
1.000000000000000000e+02
1.000000000000000000e+02
1.000000000000000000e+02
1.000000000000000000e+02
1.000000000000000000e+02
1.000000000000000000e+02
1.000000000000000000e+02
1.000000000000000000e+02
1.000000000000000000e+02
1.000000000000000000e+02
1.000000000000000000e+02
1.000000000000000000e+02
1.000000000000000000e+02
1.000000000000000000e+02
1.000000000000000000e+02
1.000000000000000000e+02
1.000000000000000000e+02
1.000000000000000000e+02
1.000000000000000000e+02
1.000000000000000000e+02
1.000000000000000000e+02
1.000000000000000000e+02
1.000000000000000000e+02
1.000000000000000000e+02
1.000000000000000000e+02
1.000000000000000000e+02
9.800000000000000000e+01
9.700000000000000000e+01
9.600000000000000000e+01
9.500000000000000000e+01
9.500000000000000000e+01
9.400000000000000000e+01
9.400000000000000000e+01
9.400000000000000000e+01
9.400000000000000000e+01
9.100000000000000000e+01
8.800000000000000000e+01
8.500000000000000000e+01
