7.700000000000000000e+01
8.300000000000000000e+01
8.300000000000000000e+01
8.500000000000000000e+01
9.000000000000000000e+01
9.000000000000000000e+01
9.300000000000000000e+01
9.600000000000000000e+01
9.600000000000000000e+01
1.020000000000000000e+02
1.030000000000000000e+02
1.030000000000000000e+02
1.080000000000000000e+02
1.090000000000000000e+02
1.090000000000000000e+02
1.100000000000000000e+02
1.130000000000000000e+02
1.130000000000000000e+02
1.130000000000000000e+02
1.150000000000000000e+02
1.150000000000000000e+02
1.170000000000000000e+02
1.180000000000000000e+02
1.180000000000000000e+02
1.190000000000000000e+02
1.200000000000000000e+02
1.200000000000000000e+02
1.200000000000000000e+02
1.200000000000000000e+02
1.200000000000000000e+02
1.220000000000000000e+02
1.230000000000000000e+02
1.230000000000000000e+02
1.230000000000000000e+02
1.230000000000000000e+02
1.230000000000000000e+02
1.230000000000000000e+02
1.230000000000000000e+02
1.230000000000000000e+02
1.230000000000000000e+02
1.230000000000000000e+02
1.230000000000000000e+02
1.230000000000000000e+02
1.230000000000000000e+02
1.230000000000000000e+02
1.230000000000000000e+02
1.230000000000000000e+02
1.230000000000000000e+02
1.230000000000000000e+02
1.230000000000000000e+02
1.230000000000000000e+02
1.230000000000000000e+02
1.230000000000000000e+02
1.230000000000000000e+02
1.230000000000000000e+02
1.230000000000000000e+02
1.230000000000000000e+02
1.230000000000000000e+02
1.230000000000000000e+02
1.230000000000000000e+02
1.260000000000000000e+02
1.350000000000000000e+02
1.350000000000000000e+02
1.450000000000000000e+02
1.610000000000000000e+02
1.610000000000000000e+02
1.670000000000000000e+02
1.700000000000000000e+02
1.700000000000000000e+02
1.780000000000000000e+02
1.910000000000000000e+02
1.910000000000000000e+02
1.970000000000000000e+02
2.050000000000000000e+02
2.050000000000000000e+02
2.040000000000000000e+02
1.970000000000000000e+02
1.920000000000000000e+02
1.850000000000000000e+02
1.770000000000000000e+02
1.740000000000000000e+02
1.720000000000000000e+02
1.680000000000000000e+02
1.610000000000000000e+02
1.540000000000000000e+02
1.520000000000000000e+02
1.490000000000000000e+02
1.430000000000000000e+02
1.390000000000000000e+02
1.330000000000000000e+02
1.280000000000000000e+02
1.210000000000000000e+02
1.150000000000000000e+02
1.100000000000000000e+02
1.100000000000000000e+02
1.100000000000000000e+02
1.100000000000000000e+02
1.100000000000000000e+02
1.100000000000000000e+02
1.100000000000000000e+02
1.100000000000000000e+02
1.100000000000000000e+02
1.100000000000000000e+02
1.100000000000000000e+02
1.100000000000000000e+02
1.100000000000000000e+02
1.100000000000000000e+02
1.100000000000000000e+02
1.100000000000000000e+02
1.100000000000000000e+02
1.100000000000000000e+02
1.100000000000000000e+02
1.100000000000000000e+02
1.100000000000000000e+02
1.100000000000000000e+02
1.100000000000000000e+02
1.100000000000000000e+02
1.100000000000000000e+02
1.100000000000000000e+02
1.100000000000000000e+02
1.100000000000000000e+02
1.100000000000000000e+02
1.100000000000000000e+02
1.100000000000000000e+02
1.100000000000000000e+02
1.100000000000000000e+02
1.100000000000000000e+02
1.100000000000000000e+02
1.100000000000000000e+02
1.100000000000000000e+02
1.100000000000000000e+02
1.100000000000000000e+02
1.100000000000000000e+02
1.100000000000000000e+02
1.100000000000000000e+02
1.100000000000000000e+02
1.100000000000000000e+02
1.100000000000000000e+02
1.090000000000000000e+02
1.090000000000000000e+02
1.080000000000000000e+02
1.070000000000000000e+02
1.070000000000000000e+02
1.060000000000000000e+02
1.050000000000000000e+02
1.030000000000000000e+02
1.010000000000000000e+02
9.300000000000000000e+01
8.900000000000000000e+01
8.400000000000000000e+01
