5.600000000000000000e+01
6.600000000000000000e+01
6.600000000000000000e+01
6.800000000000000000e+01
6.900000000000000000e+01
6.900000000000000000e+01
7.300000000000000000e+01
7.500000000000000000e+01
7.500000000000000000e+01
7.800000000000000000e+01
7.800000000000000000e+01
7.800000000000000000e+01
7.900000000000000000e+01
7.900000000000000000e+01
7.900000000000000000e+01
7.900000000000000000e+01
7.900000000000000000e+01
7.900000000000000000e+01
7.900000000000000000e+01
7.900000000000000000e+01
7.900000000000000000e+01
7.900000000000000000e+01
7.900000000000000000e+01
7.900000000000000000e+01
7.900000000000000000e+01
7.900000000000000000e+01
7.900000000000000000e+01
7.900000000000000000e+01
7.900000000000000000e+01
7.900000000000000000e+01
7.900000000000000000e+01
7.900000000000000000e+01
7.900000000000000000e+01
8.000000000000000000e+01
8.000000000000000000e+01
8.000000000000000000e+01
8.100000000000000000e+01
8.500000000000000000e+01
8.500000000000000000e+01
8.600000000000000000e+01
9.400000000000000000e+01
9.400000000000000000e+01
1.000000000000000000e+02
1.020000000000000000e+02
1.020000000000000000e+02
1.110000000000000000e+02
1.170000000000000000e+02
1.170000000000000000e+02
1.240000000000000000e+02
1.260000000000000000e+02
1.260000000000000000e+02
1.350000000000000000e+02
1.420000000000000000e+02
1.420000000000000000e+02
1.540000000000000000e+02
1.610000000000000000e+02
1.610000000000000000e+02
1.620000000000000000e+02
1.660000000000000000e+02
1.660000000000000000e+02
1.710000000000000000e+02
1.760000000000000000e+02
1.760000000000000000e+02
1.860000000000000000e+02
1.940000000000000000e+02
1.940000000000000000e+02
2.030000000000000000e+02
2.070000000000000000e+02
2.070000000000000000e+02
2.150000000000000000e+02
2.210000000000000000e+02
2.210000000000000000e+02
2.270000000000000000e+02
2.360000000000000000e+02
2.360000000000000000e+02
2.430000000000000000e+02
2.380000000000000000e+02
2.340000000000000000e+02
2.250000000000000000e+02
2.200000000000000000e+02
2.130000000000000000e+02
2.060000000000000000e+02
2.000000000000000000e+02
1.940000000000000000e+02
1.900000000000000000e+02
1.870000000000000000e+02
1.810000000000000000e+02
1.760000000000000000e+02
1.680000000000000000e+02
1.680000000000000000e+02
1.680000000000000000e+02
1.680000000000000000e+02
1.680000000000000000e+02
1.680000000000000000e+02
1.680000000000000000e+02
1.680000000000000000e+02
1.680000000000000000e+02
1.680000000000000000e+02
1.680000000000000000e+02
1.680000000000000000e+02
1.680000000000000000e+02
1.680000000000000000e+02
1.680000000000000000e+02
1.680000000000000000e+02
1.680000000000000000e+02
1.680000000000000000e+02
1.680000000000000000e+02
1.680000000000000000e+02
1.680000000000000000e+02
1.680000000000000000e+02
1.680000000000000000e+02
1.680000000000000000e+02
1.680000000000000000e+02
1.680000000000000000e+02
1.680000000000000000e+02
1.680000000000000000e+02
1.680000000000000000e+02
1.680000000000000000e+02
1.680000000000000000e+02
1.680000000000000000e+02
1.680000000000000000e+02
1.680000000000000000e+02
1.680000000000000000e+02
1.680000000000000000e+02
1.680000000000000000e+02
1.680000000000000000e+02
1.680000000000000000e+02
1.670000000000000000e+02
1.670000000000000000e+02
1.670000000000000000e+02
1.650000000000000000e+02
1.600000000000000000e+02
1.590000000000000000e+02
1.560000000000000000e+02
1.540000000000000000e+02
1.510000000000000000e+02
1.500000000000000000e+02
1.490000000000000000e+02
1.450000000000000000e+02
1.410000000000000000e+02
1.400000000000000000e+02
1.340000000000000000e+02
1.320000000000000000e+02
1.300000000000000000e+02
1.270000000000000000e+02
1.240000000000000000e+02
1.170000000000000000e+02
1.130000000000000000e+02
1.050000000000000000e+02
1.020000000000000000e+02
