1.060000000000000000e+02
1.170000000000000000e+02
1.170000000000000000e+02
1.230000000000000000e+02
1.320000000000000000e+02
1.320000000000000000e+02
1.400000000000000000e+02
1.450000000000000000e+02
1.450000000000000000e+02
1.490000000000000000e+02
1.570000000000000000e+02
1.570000000000000000e+02
1.610000000000000000e+02
1.670000000000000000e+02
1.670000000000000000e+02
1.760000000000000000e+02
1.820000000000000000e+02
1.820000000000000000e+02
1.850000000000000000e+02
1.880000000000000000e+02
1.880000000000000000e+02
1.910000000000000000e+02
1.980000000000000000e+02
1.980000000000000000e+02
2.030000000000000000e+02
2.080000000000000000e+02
2.080000000000000000e+02
2.120000000000000000e+02
2.180000000000000000e+02
2.180000000000000000e+02
2.240000000000000000e+02
2.310000000000000000e+02
2.310000000000000000e+02
2.360000000000000000e+02
2.440000000000000000e+02
2.440000000000000000e+02
2.470000000000000000e+02
2.520000000000000000e+02
2.520000000000000000e+02
2.540000000000000000e+02
2.560000000000000000e+02
2.560000000000000000e+02
2.580000000000000000e+02
2.660000000000000000e+02
2.660000000000000000e+02
2.680000000000000000e+02
2.710000000000000000e+02
2.710000000000000000e+02
2.750000000000000000e+02
2.770000000000000000e+02
2.770000000000000000e+02
2.850000000000000000e+02
2.920000000000000000e+02
2.920000000000000000e+02
3.000000000000000000e+02
3.070000000000000000e+02
3.070000000000000000e+02
3.190000000000000000e+02
3.260000000000000000e+02
3.260000000000000000e+02
3.290000000000000000e+02
3.350000000000000000e+02
3.350000000000000000e+02
3.420000000000000000e+02
3.530000000000000000e+02
3.530000000000000000e+02
3.590000000000000000e+02
3.670000000000000000e+02
3.670000000000000000e+02
3.720000000000000000e+02
3.790000000000000000e+02
3.790000000000000000e+02
3.880000000000000000e+02
3.920000000000000000e+02
3.920000000000000000e+02
3.920000000000000000e+02
3.890000000000000000e+02
3.880000000000000000e+02
3.860000000000000000e+02
3.790000000000000000e+02
3.760000000000000000e+02
3.720000000000000000e+02
3.610000000000000000e+02
3.540000000000000000e+02
3.520000000000000000e+02
3.470000000000000000e+02
3.420000000000000000e+02
3.380000000000000000e+02
3.330000000000000000e+02
3.300000000000000000e+02
3.230000000000000000e+02
3.170000000000000000e+02
3.080000000000000000e+02
3.000000000000000000e+02
2.960000000000000000e+02
2.900000000000000000e+02
2.850000000000000000e+02
2.790000000000000000e+02
2.750000000000000000e+02
2.720000000000000000e+02
2.710000000000000000e+02
2.640000000000000000e+02
2.620000000000000000e+02
2.540000000000000000e+02
2.490000000000000000e+02
2.430000000000000000e+02
2.340000000000000000e+02
2.290000000000000000e+02
2.250000000000000000e+02
2.170000000000000000e+02
2.110000000000000000e+02
2.070000000000000000e+02
2.000000000000000000e+02
1.930000000000000000e+02
1.860000000000000000e+02
1.830000000000000000e+02
1.770000000000000000e+02
1.750000000000000000e+02
1.730000000000000000e+02
1.690000000000000000e+02
1.680000000000000000e+02
1.670000000000000000e+02
1.660000000000000000e+02
1.640000000000000000e+02
1.640000000000000000e+02
1.640000000000000000e+02
1.640000000000000000e+02
1.630000000000000000e+02
1.630000000000000000e+02
1.620000000000000000e+02
1.600000000000000000e+02
1.600000000000000000e+02
1.600000000000000000e+02
1.580000000000000000e+02
1.570000000000000000e+02
1.530000000000000000e+02
1.490000000000000000e+02
1.490000000000000000e+02
1.440000000000000000e+02
1.410000000000000000e+02
1.360000000000000000e+02
1.310000000000000000e+02
1.250000000000000000e+02
1.210000000000000000e+02
1.180000000000000000e+02
1.160000000000000000e+02
1.110000000000000000e+02
1.030000000000000000e+02
1.030000000000000000e+02
1.010000000000000000e+02
