8.800000000000000000e+01
9.400000000000000000e+01
9.400000000000000000e+01
9.800000000000000000e+01
1.020000000000000000e+02
1.020000000000000000e+02
1.090000000000000000e+02
1.130000000000000000e+02
1.130000000000000000e+02
1.180000000000000000e+02
1.210000000000000000e+02
1.210000000000000000e+02
1.240000000000000000e+02
1.260000000000000000e+02
1.260000000000000000e+02
1.310000000000000000e+02
1.350000000000000000e+02
1.350000000000000000e+02
1.370000000000000000e+02
1.390000000000000000e+02
1.390000000000000000e+02
1.410000000000000000e+02
1.430000000000000000e+02
1.430000000000000000e+02
1.460000000000000000e+02
1.500000000000000000e+02
1.500000000000000000e+02
1.550000000000000000e+02
1.550000000000000000e+02
1.550000000000000000e+02
1.550000000000000000e+02
1.550000000000000000e+02
1.550000000000000000e+02
1.550000000000000000e+02
1.550000000000000000e+02
1.550000000000000000e+02
1.550000000000000000e+02
1.550000000000000000e+02
1.550000000000000000e+02
1.550000000000000000e+02
1.550000000000000000e+02
1.550000000000000000e+02
1.550000000000000000e+02
1.550000000000000000e+02
1.550000000000000000e+02
1.550000000000000000e+02
1.580000000000000000e+02
1.580000000000000000e+02
1.650000000000000000e+02
1.750000000000000000e+02
1.750000000000000000e+02
1.840000000000000000e+02
1.890000000000000000e+02
1.890000000000000000e+02
1.920000000000000000e+02
2.050000000000000000e+02
2.050000000000000000e+02
2.100000000000000000e+02
2.240000000000000000e+02
2.240000000000000000e+02
2.320000000000000000e+02
2.410000000000000000e+02
2.410000000000000000e+02
2.480000000000000000e+02
2.560000000000000000e+02
2.560000000000000000e+02
2.600000000000000000e+02
2.660000000000000000e+02
2.660000000000000000e+02
2.690000000000000000e+02
2.760000000000000000e+02
2.760000000000000000e+02
2.850000000000000000e+02
2.950000000000000000e+02
2.950000000000000000e+02
3.050000000000000000e+02
3.000000000000000000e+02
2.960000000000000000e+02
2.920000000000000000e+02
2.850000000000000000e+02
2.810000000000000000e+02
2.740000000000000000e+02
2.670000000000000000e+02
2.600000000000000000e+02
2.540000000000000000e+02
2.500000000000000000e+02
2.430000000000000000e+02
2.370000000000000000e+02
2.320000000000000000e+02
2.240000000000000000e+02
2.130000000000000000e+02
2.090000000000000000e+02
2.030000000000000000e+02
1.990000000000000000e+02
1.880000000000000000e+02
1.830000000000000000e+02
1.810000000000000000e+02
1.760000000000000000e+02
1.730000000000000000e+02
1.700000000000000000e+02
1.700000000000000000e+02
1.700000000000000000e+02
1.700000000000000000e+02
1.700000000000000000e+02
1.700000000000000000e+02
1.700000000000000000e+02
1.700000000000000000e+02
1.700000000000000000e+02
1.700000000000000000e+02
1.700000000000000000e+02
1.700000000000000000e+02
1.700000000000000000e+02
1.700000000000000000e+02
1.700000000000000000e+02
1.700000000000000000e+02
1.700000000000000000e+02
1.700000000000000000e+02
1.700000000000000000e+02
1.700000000000000000e+02
1.700000000000000000e+02
1.700000000000000000e+02
1.700000000000000000e+02
1.700000000000000000e+02
1.700000000000000000e+02
1.690000000000000000e+02
1.640000000000000000e+02
1.620000000000000000e+02
1.590000000000000000e+02
1.590000000000000000e+02
1.570000000000000000e+02
1.570000000000000000e+02
1.550000000000000000e+02
1.530000000000000000e+02
1.520000000000000000e+02
1.490000000000000000e+02
1.490000000000000000e+02
1.460000000000000000e+02
1.400000000000000000e+02
1.370000000000000000e+02
1.330000000000000000e+02
1.290000000000000000e+02
1.260000000000000000e+02
1.220000000000000000e+02
1.150000000000000000e+02
1.150000000000000000e+02
1.110000000000000000e+02
1.080000000000000000e+02
1.030000000000000000e+02
1.020000000000000000e+02
1.000000000000000000e+02
