4.800000000000000000e+01
5.100000000000000000e+01
5.100000000000000000e+01
5.300000000000000000e+01
5.600000000000000000e+01
5.600000000000000000e+01
5.800000000000000000e+01
6.100000000000000000e+01
6.100000000000000000e+01
6.300000000000000000e+01
6.300000000000000000e+01
6.300000000000000000e+01
6.300000000000000000e+01
6.300000000000000000e+01
6.300000000000000000e+01
6.300000000000000000e+01
6.300000000000000000e+01
6.300000000000000000e+01
6.300000000000000000e+01
6.300000000000000000e+01
6.300000000000000000e+01
6.300000000000000000e+01
6.300000000000000000e+01
6.300000000000000000e+01
6.300000000000000000e+01
6.300000000000000000e+01
6.300000000000000000e+01
6.300000000000000000e+01
6.300000000000000000e+01
6.300000000000000000e+01
6.300000000000000000e+01
6.300000000000000000e+01
6.300000000000000000e+01
6.300000000000000000e+01
6.300000000000000000e+01
6.300000000000000000e+01
6.300000000000000000e+01
6.300000000000000000e+01
6.300000000000000000e+01
6.300000000000000000e+01
6.300000000000000000e+01
6.300000000000000000e+01
6.300000000000000000e+01
6.300000000000000000e+01
6.300000000000000000e+01
6.300000000000000000e+01
6.300000000000000000e+01
6.300000000000000000e+01
6.500000000000000000e+01
7.000000000000000000e+01
7.000000000000000000e+01
7.600000000000000000e+01
8.200000000000000000e+01
8.200000000000000000e+01
9.200000000000000000e+01
1.020000000000000000e+02
1.020000000000000000e+02
1.110000000000000000e+02
1.240000000000000000e+02
1.240000000000000000e+02
1.290000000000000000e+02
1.370000000000000000e+02
1.370000000000000000e+02
1.520000000000000000e+02
1.590000000000000000e+02
1.590000000000000000e+02
1.670000000000000000e+02
1.740000000000000000e+02
1.740000000000000000e+02
1.810000000000000000e+02
1.910000000000000000e+02
1.910000000000000000e+02
2.030000000000000000e+02
2.090000000000000000e+02
2.090000000000000000e+02
2.160000000000000000e+02
2.140000000000000000e+02
2.060000000000000000e+02
2.020000000000000000e+02
1.980000000000000000e+02
1.930000000000000000e+02
1.910000000000000000e+02
1.870000000000000000e+02
1.800000000000000000e+02
1.750000000000000000e+02
1.680000000000000000e+02
1.620000000000000000e+02
1.550000000000000000e+02
1.550000000000000000e+02
1.550000000000000000e+02
1.550000000000000000e+02
1.550000000000000000e+02
1.550000000000000000e+02
1.550000000000000000e+02
1.550000000000000000e+02
1.550000000000000000e+02
1.550000000000000000e+02
1.550000000000000000e+02
1.550000000000000000e+02
1.550000000000000000e+02
1.550000000000000000e+02
1.550000000000000000e+02
1.550000000000000000e+02
1.550000000000000000e+02
1.550000000000000000e+02
1.550000000000000000e+02
1.550000000000000000e+02
1.550000000000000000e+02
1.550000000000000000e+02
1.550000000000000000e+02
1.550000000000000000e+02
1.550000000000000000e+02
1.550000000000000000e+02
1.550000000000000000e+02
1.550000000000000000e+02
1.550000000000000000e+02
1.550000000000000000e+02
1.550000000000000000e+02
1.550000000000000000e+02
1.550000000000000000e+02
1.550000000000000000e+02
1.550000000000000000e+02
1.550000000000000000e+02
1.550000000000000000e+02
1.550000000000000000e+02
1.550000000000000000e+02
1.550000000000000000e+02
1.550000000000000000e+02
1.550000000000000000e+02
1.530000000000000000e+02
1.520000000000000000e+02
1.510000000000000000e+02
1.490000000000000000e+02
1.470000000000000000e+02
1.440000000000000000e+02
1.410000000000000000e+02
1.360000000000000000e+02
1.320000000000000000e+02
1.290000000000000000e+02
1.230000000000000000e+02
1.170000000000000000e+02
1.160000000000000000e+02
1.130000000000000000e+02
1.100000000000000000e+02
1.070000000000000000e+02
1.040000000000000000e+02
1.040000000000000000e+02
1.030000000000000000e+02
9.700000000000000000e+01
9.100000000000000000e+01
