1.100000000000000000e+02
1.140000000000000000e+02
1.140000000000000000e+02
1.160000000000000000e+02
1.190000000000000000e+02
1.190000000000000000e+02
1.240000000000000000e+02
1.290000000000000000e+02
1.290000000000000000e+02
1.340000000000000000e+02
1.420000000000000000e+02
1.420000000000000000e+02
1.430000000000000000e+02
1.450000000000000000e+02
1.450000000000000000e+02
1.460000000000000000e+02
1.500000000000000000e+02
1.500000000000000000e+02
1.530000000000000000e+02
1.530000000000000000e+02
1.530000000000000000e+02
1.580000000000000000e+02
1.590000000000000000e+02
1.590000000000000000e+02
1.590000000000000000e+02
1.590000000000000000e+02
1.590000000000000000e+02
1.590000000000000000e+02
1.590000000000000000e+02
1.590000000000000000e+02
1.590000000000000000e+02
1.590000000000000000e+02
1.590000000000000000e+02
1.590000000000000000e+02
1.590000000000000000e+02
1.590000000000000000e+02
1.590000000000000000e+02
1.590000000000000000e+02
1.590000000000000000e+02
1.590000000000000000e+02
1.590000000000000000e+02
1.590000000000000000e+02
1.590000000000000000e+02
1.590000000000000000e+02
1.590000000000000000e+02
1.590000000000000000e+02
1.590000000000000000e+02
1.590000000000000000e+02
1.590000000000000000e+02
1.590000000000000000e+02
1.590000000000000000e+02
1.590000000000000000e+02
1.590000000000000000e+02
1.590000000000000000e+02
1.590000000000000000e+02
1.640000000000000000e+02
1.640000000000000000e+02
1.710000000000000000e+02
1.870000000000000000e+02
1.870000000000000000e+02
1.980000000000000000e+02
2.020000000000000000e+02
2.020000000000000000e+02
2.090000000000000000e+02
2.170000000000000000e+02
2.170000000000000000e+02
2.200000000000000000e+02
2.230000000000000000e+02
2.230000000000000000e+02
2.280000000000000000e+02
2.330000000000000000e+02
2.330000000000000000e+02
2.390000000000000000e+02
2.480000000000000000e+02
2.480000000000000000e+02
2.530000000000000000e+02
2.450000000000000000e+02
2.390000000000000000e+02
2.330000000000000000e+02
2.320000000000000000e+02
2.250000000000000000e+02
2.200000000000000000e+02
2.150000000000000000e+02
2.090000000000000000e+02
2.020000000000000000e+02
1.990000000000000000e+02
1.870000000000000000e+02
1.860000000000000000e+02
1.790000000000000000e+02
1.770000000000000000e+02
1.720000000000000000e+02
1.680000000000000000e+02
1.610000000000000000e+02
1.540000000000000000e+02
1.470000000000000000e+02
1.410000000000000000e+02
1.340000000000000000e+02
1.290000000000000000e+02
1.230000000000000000e+02
1.180000000000000000e+02
1.160000000000000000e+02
1.140000000000000000e+02
1.080000000000000000e+02
1.080000000000000000e+02
1.080000000000000000e+02
1.080000000000000000e+02
1.080000000000000000e+02
1.080000000000000000e+02
1.080000000000000000e+02
1.080000000000000000e+02
1.080000000000000000e+02
1.080000000000000000e+02
1.080000000000000000e+02
1.080000000000000000e+02
1.080000000000000000e+02
1.080000000000000000e+02
1.080000000000000000e+02
1.080000000000000000e+02
1.080000000000000000e+02
1.080000000000000000e+02
1.080000000000000000e+02
1.080000000000000000e+02
1.080000000000000000e+02
1.080000000000000000e+02
1.080000000000000000e+02
1.080000000000000000e+02
1.080000000000000000e+02
1.060000000000000000e+02
1.040000000000000000e+02
1.040000000000000000e+02
1.010000000000000000e+02
1.000000000000000000e+02
9.700000000000000000e+01
9.600000000000000000e+01
9.600000000000000000e+01
9.600000000000000000e+01
9.300000000000000000e+01
9.200000000000000000e+01
9.100000000000000000e+01
8.900000000000000000e+01
8.600000000000000000e+01
8.500000000000000000e+01
8.500000000000000000e+01
8.400000000000000000e+01
8.200000000000000000e+01
7.900000000000000000e+01
7.800000000000000000e+01
7.500000000000000000e+01
7.400000000000000000e+01
7.400000000000000000e+01
