7.300000000000000000e+01
7.700000000000000000e+01
7.700000000000000000e+01
8.500000000000000000e+01
9.100000000000000000e+01
9.100000000000000000e+01
9.300000000000000000e+01
9.400000000000000000e+01
9.400000000000000000e+01
9.800000000000000000e+01
1.000000000000000000e+02
1.000000000000000000e+02
1.000000000000000000e+02
1.040000000000000000e+02
1.040000000000000000e+02
1.040000000000000000e+02
1.050000000000000000e+02
1.050000000000000000e+02
1.070000000000000000e+02
1.100000000000000000e+02
1.100000000000000000e+02
1.110000000000000000e+02
1.110000000000000000e+02
1.110000000000000000e+02
1.120000000000000000e+02
1.130000000000000000e+02
1.130000000000000000e+02
1.130000000000000000e+02
1.130000000000000000e+02
1.130000000000000000e+02
1.130000000000000000e+02
1.130000000000000000e+02
1.130000000000000000e+02
1.130000000000000000e+02
1.130000000000000000e+02
1.130000000000000000e+02
1.130000000000000000e+02
1.130000000000000000e+02
1.130000000000000000e+02
1.130000000000000000e+02
1.130000000000000000e+02
1.130000000000000000e+02
1.130000000000000000e+02
1.130000000000000000e+02
1.130000000000000000e+02
1.130000000000000000e+02
1.130000000000000000e+02
1.130000000000000000e+02
1.160000000000000000e+02
1.200000000000000000e+02
1.200000000000000000e+02
1.270000000000000000e+02
1.390000000000000000e+02
1.390000000000000000e+02
1.470000000000000000e+02
1.570000000000000000e+02
1.570000000000000000e+02
1.680000000000000000e+02
1.770000000000000000e+02
1.770000000000000000e+02
1.830000000000000000e+02
1.900000000000000000e+02
1.900000000000000000e+02
1.930000000000000000e+02
2.030000000000000000e+02
2.030000000000000000e+02
2.160000000000000000e+02
2.200000000000000000e+02
2.200000000000000000e+02
2.260000000000000000e+02
2.370000000000000000e+02
2.370000000000000000e+02
2.450000000000000000e+02
2.540000000000000000e+02
2.540000000000000000e+02
2.540000000000000000e+02
2.510000000000000000e+02
2.490000000000000000e+02
2.420000000000000000e+02
2.370000000000000000e+02
2.310000000000000000e+02
2.260000000000000000e+02
2.210000000000000000e+02
2.180000000000000000e+02
2.150000000000000000e+02
2.100000000000000000e+02
2.010000000000000000e+02
1.940000000000000000e+02
1.860000000000000000e+02
1.790000000000000000e+02
1.730000000000000000e+02
1.690000000000000000e+02
1.660000000000000000e+02
1.610000000000000000e+02
1.560000000000000000e+02
1.560000000000000000e+02
1.560000000000000000e+02
1.560000000000000000e+02
1.560000000000000000e+02
1.560000000000000000e+02
1.560000000000000000e+02
1.560000000000000000e+02
1.560000000000000000e+02
1.560000000000000000e+02
1.560000000000000000e+02
1.560000000000000000e+02
1.560000000000000000e+02
1.560000000000000000e+02
1.560000000000000000e+02
1.560000000000000000e+02
1.560000000000000000e+02
1.560000000000000000e+02
1.560000000000000000e+02
1.560000000000000000e+02
1.560000000000000000e+02
1.560000000000000000e+02
1.560000000000000000e+02
1.560000000000000000e+02
1.560000000000000000e+02
1.560000000000000000e+02
1.560000000000000000e+02
1.560000000000000000e+02
1.560000000000000000e+02
1.550000000000000000e+02
1.540000000000000000e+02
1.520000000000000000e+02
1.500000000000000000e+02
1.460000000000000000e+02
1.430000000000000000e+02
1.390000000000000000e+02
1.370000000000000000e+02
1.350000000000000000e+02
1.340000000000000000e+02
1.320000000000000000e+02
1.310000000000000000e+02
1.300000000000000000e+02
1.260000000000000000e+02
1.240000000000000000e+02
1.220000000000000000e+02
1.190000000000000000e+02
1.180000000000000000e+02
1.180000000000000000e+02
1.180000000000000000e+02
1.170000000000000000e+02
1.140000000000000000e+02
1.100000000000000000e+02
1.090000000000000000e+02
1.020000000000000000e+02
9.600000000000000000e+01
9.200000000000000000e+01
