3.800000000000000000e+01
4.000000000000000000e+01
4.000000000000000000e+01
4.100000000000000000e+01
4.200000000000000000e+01
4.200000000000000000e+01
4.300000000000000000e+01
4.300000000000000000e+01
4.300000000000000000e+01
4.300000000000000000e+01
4.600000000000000000e+01
4.600000000000000000e+01
4.700000000000000000e+01
4.700000000000000000e+01
4.700000000000000000e+01
4.700000000000000000e+01
4.700000000000000000e+01
4.700000000000000000e+01
4.700000000000000000e+01
5.000000000000000000e+01
5.000000000000000000e+01
5.600000000000000000e+01
5.600000000000000000e+01
5.600000000000000000e+01
5.600000000000000000e+01
5.700000000000000000e+01
5.700000000000000000e+01
5.800000000000000000e+01
5.900000000000000000e+01
5.900000000000000000e+01
6.500000000000000000e+01
6.700000000000000000e+01
6.700000000000000000e+01
6.800000000000000000e+01
6.900000000000000000e+01
6.900000000000000000e+01
7.000000000000000000e+01
7.000000000000000000e+01
7.000000000000000000e+01
7.400000000000000000e+01
7.600000000000000000e+01
7.600000000000000000e+01
8.000000000000000000e+01
8.300000000000000000e+01
8.300000000000000000e+01
9.300000000000000000e+01
9.900000000000000000e+01
9.900000000000000000e+01
1.060000000000000000e+02
1.170000000000000000e+02
1.170000000000000000e+02
1.230000000000000000e+02
1.270000000000000000e+02
1.270000000000000000e+02
1.390000000000000000e+02
1.460000000000000000e+02
1.460000000000000000e+02
1.590000000000000000e+02
1.660000000000000000e+02
1.660000000000000000e+02
1.750000000000000000e+02
1.890000000000000000e+02
1.890000000000000000e+02
1.970000000000000000e+02
2.050000000000000000e+02
2.050000000000000000e+02
2.160000000000000000e+02
2.230000000000000000e+02
2.230000000000000000e+02
2.260000000000000000e+02
2.420000000000000000e+02
2.420000000000000000e+02
2.490000000000000000e+02
2.550000000000000000e+02
2.550000000000000000e+02
2.560000000000000000e+02
2.520000000000000000e+02
2.460000000000000000e+02
2.400000000000000000e+02
2.350000000000000000e+02
2.290000000000000000e+02
2.270000000000000000e+02
2.270000000000000000e+02
2.270000000000000000e+02
2.270000000000000000e+02
2.270000000000000000e+02
2.270000000000000000e+02
2.270000000000000000e+02
2.270000000000000000e+02
2.270000000000000000e+02
2.270000000000000000e+02
2.270000000000000000e+02
2.270000000000000000e+02
2.270000000000000000e+02
2.270000000000000000e+02
2.270000000000000000e+02
2.270000000000000000e+02
2.270000000000000000e+02
2.270000000000000000e+02
2.270000000000000000e+02
2.270000000000000000e+02
2.270000000000000000e+02
2.270000000000000000e+02
2.270000000000000000e+02
2.270000000000000000e+02
2.270000000000000000e+02
2.270000000000000000e+02
2.270000000000000000e+02
2.270000000000000000e+02
2.270000000000000000e+02
2.270000000000000000e+02
2.270000000000000000e+02
2.270000000000000000e+02
2.270000000000000000e+02
2.270000000000000000e+02
2.270000000000000000e+02
2.270000000000000000e+02
2.270000000000000000e+02
2.270000000000000000e+02
2.270000000000000000e+02
2.270000000000000000e+02
2.260000000000000000e+02
2.260000000000000000e+02
2.260000000000000000e+02
2.240000000000000000e+02
2.230000000000000000e+02
2.220000000000000000e+02
2.200000000000000000e+02
2.200000000000000000e+02
2.180000000000000000e+02
2.150000000000000000e+02
2.150000000000000000e+02
2.120000000000000000e+02
2.080000000000000000e+02
2.070000000000000000e+02
2.060000000000000000e+02
1.990000000000000000e+02
1.970000000000000000e+02
1.920000000000000000e+02
1.840000000000000000e+02
1.780000000000000000e+02
1.730000000000000000e+02
1.670000000000000000e+02
1.620000000000000000e+02
1.570000000000000000e+02
1.530000000000000000e+02
1.460000000000000000e+02
1.410000000000000000e+02
1.360000000000000000e+02
1.300000000000000000e+02
