0.000000000000000000e+00
7.300000000000000000e+01
7.100000000000000000e+01
7.100000000000000000e+01
6.800000000000000000e+01
6.600000000000000000e+01
6.400000000000000000e+01
6.200000000000000000e+01
6.200000000000000000e+01
5.900000000000000000e+01
6.100000000000000000e+01
5.800000000000000000e+01
5.600000000000000000e+01
5.300000000000000000e+01
5.100000000000000000e+01
4.900000000000000000e+01
4.600000000000000000e+01
4.300000000000000000e+01
3.900000000000000000e+01
3.700000000000000000e+01
3.500000000000000000e+01
3.200000000000000000e+01
3.100000000000000000e+01
3.000000000000000000e+01
2.900000000000000000e+01
2.800000000000000000e+01
2.800000000000000000e+01
2.600000000000000000e+01
2.600000000000000000e+01
2.600000000000000000e+01
2.600000000000000000e+01
2.600000000000000000e+01
2.700000000000000000e+01
2.800000000000000000e+01
2.900000000000000000e+01
3.100000000000000000e+01
3.100000000000000000e+01
3.100000000000000000e+01
3.100000000000000000e+01
3.200000000000000000e+01
3.400000000000000000e+01
3.400000000000000000e+01
3.600000000000000000e+01
4.000000000000000000e+01
4.000000000000000000e+01
4.000000000000000000e+01
4.300000000000000000e+01
4.700000000000000000e+01
5.400000000000000000e+01
5.500000000000000000e+01
5.500000000000000000e+01
5.800000000000000000e+01
6.000000000000000000e+01
6.200000000000000000e+01
6.200000000000000000e+01
6.400000000000000000e+01
6.600000000000000000e+01
7.400000000000000000e+01
7.600000000000000000e+01
7.600000000000000000e+01
7.900000000000000000e+01
8.300000000000000000e+01
8.600000000000000000e+01
8.600000000000000000e+01
8.700000000000000000e+01
9.200000000000000000e+01
9.900000000000000000e+01
1.010000000000000000e+02
9.900000000000000000e+01
1.020000000000000000e+02
1.070000000000000000e+02
1.100000000000000000e+02
1.120000000000000000e+02
1.120000000000000000e+02
1.120000000000000000e+02
1.100000000000000000e+02
1.120000000000000000e+02
1.120000000000000000e+02
1.140000000000000000e+02
1.160000000000000000e+02
1.240000000000000000e+02
1.240000000000000000e+02
1.230000000000000000e+02
1.250000000000000000e+02
1.240000000000000000e+02
1.260000000000000000e+02
1.260000000000000000e+02
1.290000000000000000e+02
1.300000000000000000e+02
1.320000000000000000e+02
1.350000000000000000e+02
1.350000000000000000e+02
1.350000000000000000e+02
1.390000000000000000e+02
1.380000000000000000e+02
1.360000000000000000e+02
1.370000000000000000e+02
1.380000000000000000e+02
1.400000000000000000e+02
1.400000000000000000e+02
1.350000000000000000e+02
1.380000000000000000e+02
1.370000000000000000e+02
1.430000000000000000e+02
1.420000000000000000e+02
1.390000000000000000e+02
1.420000000000000000e+02
1.420000000000000000e+02
1.430000000000000000e+02
1.420000000000000000e+02
1.430000000000000000e+02
1.420000000000000000e+02
1.420000000000000000e+02
1.430000000000000000e+02
1.410000000000000000e+02
1.430000000000000000e+02
1.440000000000000000e+02
1.470000000000000000e+02
1.440000000000000000e+02
1.400000000000000000e+02
1.380000000000000000e+02
1.390000000000000000e+02
1.420000000000000000e+02
1.420000000000000000e+02
1.420000000000000000e+02
1.460000000000000000e+02
1.450000000000000000e+02
1.420000000000000000e+02
