0.000000000000000000e+00
1.100000000000000000e+01
1.000000000000000000e+01
1.300000000000000000e+01
1.300000000000000000e+01
1.400000000000000000e+01
2.100000000000000000e+01
2.800000000000000000e+01
3.300000000000000000e+01
3.700000000000000000e+01
3.900000000000000000e+01
3.900000000000000000e+01
4.000000000000000000e+01
4.000000000000000000e+01
4.600000000000000000e+01
4.700000000000000000e+01
5.200000000000000000e+01
5.400000000000000000e+01
6.000000000000000000e+01
6.200000000000000000e+01
6.600000000000000000e+01
7.000000000000000000e+01
7.600000000000000000e+01
7.700000000000000000e+01
8.400000000000000000e+01
8.600000000000000000e+01
9.000000000000000000e+01
9.400000000000000000e+01
9.400000000000000000e+01
9.500000000000000000e+01
9.700000000000000000e+01
9.800000000000000000e+01
9.600000000000000000e+01
9.600000000000000000e+01
1.030000000000000000e+02
1.040000000000000000e+02
1.050000000000000000e+02
1.070000000000000000e+02
1.100000000000000000e+02
1.110000000000000000e+02
1.120000000000000000e+02
1.150000000000000000e+02
1.160000000000000000e+02
1.160000000000000000e+02
1.200000000000000000e+02
1.230000000000000000e+02
1.260000000000000000e+02
1.260000000000000000e+02
1.240000000000000000e+02
1.250000000000000000e+02
1.300000000000000000e+02
1.360000000000000000e+02
1.360000000000000000e+02
1.350000000000000000e+02
1.330000000000000000e+02
1.350000000000000000e+02
1.370000000000000000e+02
1.380000000000000000e+02
1.390000000000000000e+02
1.370000000000000000e+02
1.330000000000000000e+02
1.340000000000000000e+02
1.390000000000000000e+02
1.420000000000000000e+02
1.410000000000000000e+02
1.440000000000000000e+02
1.400000000000000000e+02
1.430000000000000000e+02
1.440000000000000000e+02
1.460000000000000000e+02
1.480000000000000000e+02
1.480000000000000000e+02
1.510000000000000000e+02
1.540000000000000000e+02
1.550000000000000000e+02
1.580000000000000000e+02
1.610000000000000000e+02
1.630000000000000000e+02
1.620000000000000000e+02
1.600000000000000000e+02
1.620000000000000000e+02
1.670000000000000000e+02
1.690000000000000000e+02
1.670000000000000000e+02
1.680000000000000000e+02
1.660000000000000000e+02
1.690000000000000000e+02
1.700000000000000000e+02
1.730000000000000000e+02
1.690000000000000000e+02
1.650000000000000000e+02
1.610000000000000000e+02
1.590000000000000000e+02
1.530000000000000000e+02
1.510000000000000000e+02
1.550000000000000000e+02
