0.000000000000000000e+00
1.100000000000000000e+01
1.100000000000000000e+01
1.400000000000000000e+01
1.400000000000000000e+01
1.300000000000000000e+01
1.400000000000000000e+01
1.800000000000000000e+01
2.000000000000000000e+01
2.300000000000000000e+01
2.400000000000000000e+01
2.600000000000000000e+01
3.100000000000000000e+01
3.500000000000000000e+01
3.800000000000000000e+01
4.000000000000000000e+01
4.200000000000000000e+01
4.400000000000000000e+01
4.800000000000000000e+01
5.100000000000000000e+01
5.500000000000000000e+01
6.100000000000000000e+01
6.500000000000000000e+01
6.600000000000000000e+01
7.000000000000000000e+01
7.200000000000000000e+01
7.400000000000000000e+01
7.700000000000000000e+01
7.900000000000000000e+01
8.200000000000000000e+01
8.800000000000000000e+01
8.800000000000000000e+01
9.000000000000000000e+01
9.200000000000000000e+01
9.300000000000000000e+01
9.500000000000000000e+01
9.900000000000000000e+01
9.900000000000000000e+01
1.000000000000000000e+02
1.010000000000000000e+02
1.040000000000000000e+02
1.080000000000000000e+02
1.090000000000000000e+02
1.120000000000000000e+02
1.140000000000000000e+02
1.140000000000000000e+02
1.170000000000000000e+02
1.200000000000000000e+02
1.240000000000000000e+02
1.280000000000000000e+02
1.310000000000000000e+02
1.300000000000000000e+02
1.320000000000000000e+02
1.350000000000000000e+02
1.370000000000000000e+02
1.400000000000000000e+02
1.390000000000000000e+02
1.390000000000000000e+02
1.370000000000000000e+02
1.380000000000000000e+02
1.390000000000000000e+02
1.400000000000000000e+02
1.390000000000000000e+02
1.340000000000000000e+02
1.360000000000000000e+02
1.330000000000000000e+02
1.290000000000000000e+02
1.320000000000000000e+02
1.310000000000000000e+02
1.330000000000000000e+02
1.330000000000000000e+02
1.330000000000000000e+02
1.370000000000000000e+02
1.360000000000000000e+02
1.360000000000000000e+02
1.350000000000000000e+02
1.340000000000000000e+02
1.340000000000000000e+02
1.320000000000000000e+02
1.310000000000000000e+02
1.330000000000000000e+02
1.350000000000000000e+02
1.320000000000000000e+02
1.340000000000000000e+02
1.310000000000000000e+02
1.340000000000000000e+02
1.340000000000000000e+02
1.290000000000000000e+02
1.310000000000000000e+02
1.330000000000000000e+02
1.340000000000000000e+02
1.340000000000000000e+02
1.330000000000000000e+02
1.330000000000000000e+02
1.370000000000000000e+02
1.380000000000000000e+02
