0.000000000000000000e+00
8.600000000000000000e+01
8.300000000000000000e+01
8.200000000000000000e+01
7.900000000000000000e+01
7.600000000000000000e+01
6.900000000000000000e+01
6.500000000000000000e+01
6.500000000000000000e+01
6.000000000000000000e+01
5.700000000000000000e+01
5.400000000000000000e+01
5.400000000000000000e+01
4.700000000000000000e+01
4.200000000000000000e+01
4.000000000000000000e+01
3.900000000000000000e+01
3.700000000000000000e+01
4.000000000000000000e+01
3.900000000000000000e+01
3.800000000000000000e+01
4.000000000000000000e+01
4.200000000000000000e+01
4.600000000000000000e+01
4.700000000000000000e+01
4.500000000000000000e+01
4.700000000000000000e+01
5.100000000000000000e+01
5.200000000000000000e+01
5.600000000000000000e+01
6.000000000000000000e+01
6.000000000000000000e+01
6.400000000000000000e+01
7.000000000000000000e+01
7.300000000000000000e+01
7.400000000000000000e+01
7.700000000000000000e+01
8.000000000000000000e+01
8.600000000000000000e+01
8.900000000000000000e+01
9.500000000000000000e+01
9.900000000000000000e+01
1.000000000000000000e+02
1.020000000000000000e+02
1.020000000000000000e+02
1.070000000000000000e+02
1.100000000000000000e+02
1.090000000000000000e+02
1.160000000000000000e+02
1.150000000000000000e+02
1.150000000000000000e+02
1.160000000000000000e+02
1.200000000000000000e+02
1.210000000000000000e+02
1.240000000000000000e+02
1.280000000000000000e+02
1.270000000000000000e+02
1.290000000000000000e+02
1.330000000000000000e+02
1.320000000000000000e+02
1.390000000000000000e+02
1.420000000000000000e+02
1.480000000000000000e+02
1.450000000000000000e+02
1.470000000000000000e+02
1.490000000000000000e+02
1.490000000000000000e+02
1.500000000000000000e+02
1.520000000000000000e+02
1.540000000000000000e+02
1.540000000000000000e+02
1.550000000000000000e+02
1.590000000000000000e+02
1.570000000000000000e+02
1.570000000000000000e+02
1.530000000000000000e+02
1.530000000000000000e+02
1.520000000000000000e+02
1.540000000000000000e+02
1.530000000000000000e+02
1.530000000000000000e+02
1.510000000000000000e+02
1.530000000000000000e+02
1.560000000000000000e+02
1.540000000000000000e+02
1.500000000000000000e+02
1.550000000000000000e+02
1.540000000000000000e+02
1.550000000000000000e+02
1.500000000000000000e+02
1.540000000000000000e+02
1.540000000000000000e+02
1.500000000000000000e+02
1.490000000000000000e+02
1.500000000000000000e+02
1.510000000000000000e+02
