0.000000000000000000e+00
5.000000000000000000e+00
5.000000000000000000e+00
5.000000000000000000e+00
6.000000000000000000e+00
8.000000000000000000e+00
8.000000000000000000e+00
8.000000000000000000e+00
9.000000000000000000e+00
1.200000000000000000e+01
1.400000000000000000e+01
1.600000000000000000e+01
1.900000000000000000e+01
2.200000000000000000e+01
2.500000000000000000e+01
2.800000000000000000e+01
2.900000000000000000e+01
3.300000000000000000e+01
3.800000000000000000e+01
3.800000000000000000e+01
3.800000000000000000e+01
4.200000000000000000e+01
4.500000000000000000e+01
4.900000000000000000e+01
5.400000000000000000e+01
5.600000000000000000e+01
5.800000000000000000e+01
5.800000000000000000e+01
6.300000000000000000e+01
6.500000000000000000e+01
6.600000000000000000e+01
6.700000000000000000e+01
6.900000000000000000e+01
7.400000000000000000e+01
7.600000000000000000e+01
8.100000000000000000e+01
8.200000000000000000e+01
8.300000000000000000e+01
8.600000000000000000e+01
9.200000000000000000e+01
9.700000000000000000e+01
1.000000000000000000e+02
1.020000000000000000e+02
1.040000000000000000e+02
1.070000000000000000e+02
1.120000000000000000e+02
1.130000000000000000e+02
1.150000000000000000e+02
1.250000000000000000e+02
1.280000000000000000e+02
1.280000000000000000e+02
1.260000000000000000e+02
1.250000000000000000e+02
1.250000000000000000e+02
1.260000000000000000e+02
1.280000000000000000e+02
1.280000000000000000e+02
1.260000000000000000e+02
1.290000000000000000e+02
1.330000000000000000e+02
1.360000000000000000e+02
1.370000000000000000e+02
1.360000000000000000e+02
1.390000000000000000e+02
1.410000000000000000e+02
1.420000000000000000e+02
1.420000000000000000e+02
1.460000000000000000e+02
1.460000000000000000e+02
1.460000000000000000e+02
1.430000000000000000e+02
1.440000000000000000e+02
1.470000000000000000e+02
1.470000000000000000e+02
1.490000000000000000e+02
1.460000000000000000e+02
1.490000000000000000e+02
1.480000000000000000e+02
1.450000000000000000e+02
1.430000000000000000e+02
1.470000000000000000e+02
1.460000000000000000e+02
1.470000000000000000e+02
1.450000000000000000e+02
1.430000000000000000e+02
1.380000000000000000e+02
1.390000000000000000e+02
1.410000000000000000e+02
1.410000000000000000e+02
1.410000000000000000e+02
1.380000000000000000e+02
1.370000000000000000e+02
1.340000000000000000e+02
1.330000000000000000e+02
1.320000000000000000e+02
1.330000000000000000e+02
