0.000000000000000000e+00
5.800000000000000000e+01
6.100000000000000000e+01
6.100000000000000000e+01
5.800000000000000000e+01
5.400000000000000000e+01
5.000000000000000000e+01
4.900000000000000000e+01
4.800000000000000000e+01
4.600000000000000000e+01
4.500000000000000000e+01
4.200000000000000000e+01
4.000000000000000000e+01
4.100000000000000000e+01
4.100000000000000000e+01
4.400000000000000000e+01
4.600000000000000000e+01
4.600000000000000000e+01
4.800000000000000000e+01
4.900000000000000000e+01
5.400000000000000000e+01
5.900000000000000000e+01
6.200000000000000000e+01
6.600000000000000000e+01
7.200000000000000000e+01
7.300000000000000000e+01
7.400000000000000000e+01
7.700000000000000000e+01
8.000000000000000000e+01
8.000000000000000000e+01
8.000000000000000000e+01
8.500000000000000000e+01
8.400000000000000000e+01
8.400000000000000000e+01
8.600000000000000000e+01
9.000000000000000000e+01
9.300000000000000000e+01
9.900000000000000000e+01
9.700000000000000000e+01
9.600000000000000000e+01
1.000000000000000000e+02
1.000000000000000000e+02
9.900000000000000000e+01
1.000000000000000000e+02
9.900000000000000000e+01
9.800000000000000000e+01
1.010000000000000000e+02
1.000000000000000000e+02
1.010000000000000000e+02
1.010000000000000000e+02
1.020000000000000000e+02
1.070000000000000000e+02
1.030000000000000000e+02
1.020000000000000000e+02
1.010000000000000000e+02
1.030000000000000000e+02
1.040000000000000000e+02
1.010000000000000000e+02
1.010000000000000000e+02
1.000000000000000000e+02
1.000000000000000000e+02
1.000000000000000000e+02
1.020000000000000000e+02
1.050000000000000000e+02
1.030000000000000000e+02
1.010000000000000000e+02
1.030000000000000000e+02
1.070000000000000000e+02
1.050000000000000000e+02
1.070000000000000000e+02
1.040000000000000000e+02
1.030000000000000000e+02
1.040000000000000000e+02
1.010000000000000000e+02
1.010000000000000000e+02
1.020000000000000000e+02
1.020000000000000000e+02
1.000000000000000000e+02
1.020000000000000000e+02
1.020000000000000000e+02
1.030000000000000000e+02
1.020000000000000000e+02
1.050000000000000000e+02
1.040000000000000000e+02
1.030000000000000000e+02
1.030000000000000000e+02
1.040000000000000000e+02
1.020000000000000000e+02
1.020000000000000000e+02
1.000000000000000000e+02
1.000000000000000000e+02
9.800000000000000000e+01
1.020000000000000000e+02
1.030000000000000000e+02
1.030000000000000000e+02
1.030000000000000000e+02
