0.000000000000000000e+00
0.000000000000000000e+00
0.000000000000000000e+00
0.000000000000000000e+00
0.000000000000000000e+00
0.000000000000000000e+00
0.000000000000000000e+00
0.000000000000000000e+00
0.000000000000000000e+00
0.000000000000000000e+00
0.000000000000000000e+00
0.000000000000000000e+00
0.000000000000000000e+00
0.000000000000000000e+00
0.000000000000000000e+00
0.000000000000000000e+00
0.000000000000000000e+00
0.000000000000000000e+00
0.000000000000000000e+00
0.000000000000000000e+00
0.000000000000000000e+00
0.000000000000000000e+00
6.000000000000000000e+00
6.000000000000000000e+00
9.000000000000000000e+00
1.300000000000000000e+01
1.300000000000000000e+01
2.000000000000000000e+01
2.700000000000000000e+01
2.700000000000000000e+01
3.100000000000000000e+01
3.700000000000000000e+01
3.700000000000000000e+01
4.000000000000000000e+01
5.000000000000000000e+01
5.000000000000000000e+01
5.300000000000000000e+01
5.700000000000000000e+01
5.700000000000000000e+01
6.300000000000000000e+01
7.600000000000000000e+01
7.600000000000000000e+01
8.500000000000000000e+01
9.200000000000000000e+01
9.200000000000000000e+01
9.700000000000000000e+01
1.070000000000000000e+02
1.070000000000000000e+02
1.150000000000000000e+02
1.270000000000000000e+02
1.270000000000000000e+02
1.330000000000000000e+02
1.390000000000000000e+02
1.390000000000000000e+02
1.510000000000000000e+02
1.640000000000000000e+02
1.640000000000000000e+02
1.710000000000000000e+02
1.830000000000000000e+02
1.830000000000000000e+02
1.940000000000000000e+02
2.010000000000000000e+02
2.010000000000000000e+02
2.100000000000000000e+02
2.180000000000000000e+02
2.180000000000000000e+02
2.240000000000000000e+02
2.300000000000000000e+02
2.300000000000000000e+02
2.410000000000000000e+02
2.490000000000000000e+02
2.490000000000000000e+02
2.550000000000000000e+02
2.580000000000000000e+02
2.580000000000000000e+02
2.700000000000000000e+02
2.700000000000000000e+02
2.700000000000000000e+02
2.700000000000000000e+02
2.700000000000000000e+02
2.700000000000000000e+02
2.700000000000000000e+02
2.700000000000000000e+02
2.700000000000000000e+02
2.700000000000000000e+02
2.700000000000000000e+02
2.700000000000000000e+02
2.700000000000000000e+02
2.700000000000000000e+02
2.700000000000000000e+02
2.700000000000000000e+02
2.700000000000000000e+02
2.700000000000000000e+02
2.700000000000000000e+02
2.700000000000000000e+02
2.700000000000000000e+02
2.700000000000000000e+02
2.680000000000000000e+02
2.670000000000000000e+02
2.670000000000000000e+02
2.650000000000000000e+02
2.650000000000000000e+02
2.610000000000000000e+02
2.610000000000000000e+02
2.610000000000000000e+02
2.600000000000000000e+02
2.600000000000000000e+02
2.570000000000000000e+02
2.560000000000000000e+02
2.550000000000000000e+02
2.540000000000000000e+02
2.530000000000000000e+02
2.480000000000000000e+02
2.460000000000000000e+02
2.420000000000000000e+02
2.410000000000000000e+02
2.380000000000000000e+02
2.340000000000000000e+02
2.300000000000000000e+02
2.280000000000000000e+02
2.250000000000000000e+02
2.210000000000000000e+02
2.190000000000000000e+02
2.180000000000000000e+02
2.110000000000000000e+02
2.080000000000000000e+02
2.020000000000000000e+02
1.980000000000000000e+02
1.950000000000000000e+02
1.880000000000000000e+02
1.830000000000000000e+02
1.820000000000000000e+02
1.780000000000000000e+02
1.740000000000000000e+02
1.700000000000000000e+02
1.650000000000000000e+02
1.600000000000000000e+02
1.570000000000000000e+02
1.540000000000000000e+02
1.490000000000000000e+02
1.460000000000000000e+02
1.380000000000000000e+02
1.350000000000000000e+02
1.290000000000000000e+02
1.260000000000000000e+02
1.220000000000000000e+02
1.160000000000000000e+02
1.150000000000000000e+02
1.100000000000000000e+02
1.040000000000000000e+02
