0.000000000000000000e+00
0.000000000000000000e+00
0.000000000000000000e+00
0.000000000000000000e+00
0.000000000000000000e+00
0.000000000000000000e+00
0.000000000000000000e+00
0.000000000000000000e+00
0.000000000000000000e+00
0.000000000000000000e+00
0.000000000000000000e+00
0.000000000000000000e+00
5.000000000000000000e+00
1.000000000000000000e+01
1.000000000000000000e+01
1.600000000000000000e+01
2.700000000000000000e+01
2.700000000000000000e+01
3.300000000000000000e+01
4.100000000000000000e+01
4.100000000000000000e+01
4.700000000000000000e+01
5.600000000000000000e+01
5.600000000000000000e+01
5.900000000000000000e+01
6.500000000000000000e+01
6.500000000000000000e+01
7.600000000000000000e+01
8.600000000000000000e+01
8.600000000000000000e+01
9.400000000000000000e+01
1.030000000000000000e+02
1.030000000000000000e+02
1.070000000000000000e+02
1.100000000000000000e+02
1.100000000000000000e+02
1.190000000000000000e+02
1.240000000000000000e+02
1.240000000000000000e+02
1.270000000000000000e+02
1.330000000000000000e+02
1.330000000000000000e+02
1.400000000000000000e+02
1.450000000000000000e+02
1.450000000000000000e+02
1.530000000000000000e+02
1.650000000000000000e+02
1.650000000000000000e+02
1.720000000000000000e+02
1.790000000000000000e+02
1.790000000000000000e+02
1.890000000000000000e+02
1.940000000000000000e+02
1.940000000000000000e+02
1.990000000000000000e+02
2.010000000000000000e+02
2.010000000000000000e+02
2.070000000000000000e+02
2.170000000000000000e+02
2.170000000000000000e+02
2.270000000000000000e+02
2.330000000000000000e+02
2.330000000000000000e+02
2.390000000000000000e+02
2.450000000000000000e+02
2.450000000000000000e+02
2.510000000000000000e+02
2.560000000000000000e+02
2.560000000000000000e+02
2.620000000000000000e+02
2.710000000000000000e+02
2.710000000000000000e+02
2.890000000000000000e+02
2.940000000000000000e+02
2.940000000000000000e+02
3.020000000000000000e+02
3.020000000000000000e+02
3.020000000000000000e+02
3.020000000000000000e+02
3.020000000000000000e+02
3.020000000000000000e+02
3.020000000000000000e+02
3.020000000000000000e+02
3.020000000000000000e+02
3.020000000000000000e+02
3.020000000000000000e+02
3.020000000000000000e+02
3.020000000000000000e+02
3.020000000000000000e+02
3.020000000000000000e+02
3.020000000000000000e+02
3.020000000000000000e+02
3.020000000000000000e+02
3.010000000000000000e+02
2.970000000000000000e+02
2.960000000000000000e+02
2.950000000000000000e+02
2.920000000000000000e+02
2.880000000000000000e+02
2.830000000000000000e+02
2.800000000000000000e+02
2.800000000000000000e+02
2.740000000000000000e+02
2.710000000000000000e+02
2.630000000000000000e+02
2.580000000000000000e+02
2.550000000000000000e+02
2.510000000000000000e+02
2.470000000000000000e+02
2.420000000000000000e+02
2.400000000000000000e+02
2.350000000000000000e+02
2.290000000000000000e+02
2.270000000000000000e+02
2.250000000000000000e+02
2.190000000000000000e+02
2.160000000000000000e+02
2.160000000000000000e+02
2.120000000000000000e+02
2.100000000000000000e+02
2.060000000000000000e+02
2.040000000000000000e+02
1.990000000000000000e+02
1.920000000000000000e+02
1.890000000000000000e+02
1.870000000000000000e+02
1.810000000000000000e+02
1.770000000000000000e+02
1.730000000000000000e+02
1.670000000000000000e+02
1.660000000000000000e+02
1.630000000000000000e+02
1.590000000000000000e+02
1.540000000000000000e+02
1.520000000000000000e+02
1.500000000000000000e+02
1.450000000000000000e+02
1.430000000000000000e+02
1.380000000000000000e+02
1.350000000000000000e+02
1.310000000000000000e+02
1.290000000000000000e+02
1.290000000000000000e+02
1.270000000000000000e+02
1.250000000000000000e+02
1.200000000000000000e+02
1.190000000000000000e+02
1.120000000000000000e+02
1.070000000000000000e+02
1.020000000000000000e+02
