9.900000000000000000e+01
1.080000000000000000e+02
1.080000000000000000e+02
1.170000000000000000e+02
1.250000000000000000e+02
1.250000000000000000e+02
1.270000000000000000e+02
1.360000000000000000e+02
1.360000000000000000e+02
1.440000000000000000e+02
1.480000000000000000e+02
1.480000000000000000e+02
1.580000000000000000e+02
1.610000000000000000e+02
1.610000000000000000e+02
1.650000000000000000e+02
1.680000000000000000e+02
1.680000000000000000e+02
1.720000000000000000e+02
1.780000000000000000e+02
1.780000000000000000e+02
1.860000000000000000e+02
1.930000000000000000e+02
1.930000000000000000e+02
1.970000000000000000e+02
2.000000000000000000e+02
2.000000000000000000e+02
2.060000000000000000e+02
2.090000000000000000e+02
2.090000000000000000e+02
2.120000000000000000e+02
2.200000000000000000e+02
2.200000000000000000e+02
2.280000000000000000e+02
2.380000000000000000e+02
2.380000000000000000e+02
2.470000000000000000e+02
2.520000000000000000e+02
2.520000000000000000e+02
2.610000000000000000e+02
2.690000000000000000e+02
2.690000000000000000e+02
2.740000000000000000e+02
2.800000000000000000e+02
2.800000000000000000e+02
2.820000000000000000e+02
2.820000000000000000e+02
2.820000000000000000e+02
2.820000000000000000e+02
2.830000000000000000e+02
2.830000000000000000e+02
2.830000000000000000e+02
2.830000000000000000e+02
2.830000000000000000e+02
2.830000000000000000e+02
2.830000000000000000e+02
2.830000000000000000e+02
2.830000000000000000e+02
2.830000000000000000e+02
2.830000000000000000e+02
2.830000000000000000e+02
2.830000000000000000e+02
2.830000000000000000e+02
2.830000000000000000e+02
2.830000000000000000e+02
2.830000000000000000e+02
2.830000000000000000e+02
2.830000000000000000e+02
2.830000000000000000e+02
2.830000000000000000e+02
2.830000000000000000e+02
2.830000000000000000e+02
2.830000000000000000e+02
2.830000000000000000e+02
2.830000000000000000e+02
2.790000000000000000e+02
2.740000000000000000e+02
2.690000000000000000e+02
2.640000000000000000e+02
2.590000000000000000e+02
2.530000000000000000e+02
2.480000000000000000e+02
2.420000000000000000e+02
2.350000000000000000e+02
2.300000000000000000e+02
2.270000000000000000e+02
2.200000000000000000e+02
2.180000000000000000e+02
2.150000000000000000e+02
2.070000000000000000e+02
2.010000000000000000e+02
1.910000000000000000e+02
1.850000000000000000e+02
1.790000000000000000e+02
1.760000000000000000e+02
1.690000000000000000e+02
1.640000000000000000e+02
1.600000000000000000e+02
1.560000000000000000e+02
1.510000000000000000e+02
1.470000000000000000e+02
1.430000000000000000e+02
1.320000000000000000e+02
1.280000000000000000e+02
1.240000000000000000e+02
1.190000000000000000e+02
1.150000000000000000e+02
1.080000000000000000e+02
1.040000000000000000e+02
9.800000000000000000e+01
8.800000000000000000e+01
8.500000000000000000e+01
7.900000000000000000e+01
7.500000000000000000e+01
7.100000000000000000e+01
6.700000000000000000e+01
6.400000000000000000e+01
5.900000000000000000e+01
5.700000000000000000e+01
5.300000000000000000e+01
5.200000000000000000e+01
4.700000000000000000e+01
4.500000000000000000e+01
4.000000000000000000e+01
3.300000000000000000e+01
2.900000000000000000e+01
2.800000000000000000e+01
2.700000000000000000e+01
2.700000000000000000e+01
2.200000000000000000e+01
2.200000000000000000e+01
2.200000000000000000e+01
2.200000000000000000e+01
1.900000000000000000e+01
1.900000000000000000e+01
1.900000000000000000e+01
1.900000000000000000e+01
1.800000000000000000e+01
1.800000000000000000e+01
1.600000000000000000e+01
1.600000000000000000e+01
1.600000000000000000e+01
1.600000000000000000e+01
1.500000000000000000e+01
1.200000000000000000e+01
1.200000000000000000e+01
1.200000000000000000e+01
1.200000000000000000e+01
1.100000000000000000e+01
1.100000000000000000e+01
