0.000000000000000000e+00
0.000000000000000000e+00
0.000000000000000000e+00
0.000000000000000000e+00
0.000000000000000000e+00
0.000000000000000000e+00
0.000000000000000000e+00
0.000000000000000000e+00
0.000000000000000000e+00
0.000000000000000000e+00
0.000000000000000000e+00
0.000000000000000000e+00
0.000000000000000000e+00
0.000000000000000000e+00
0.000000000000000000e+00
0.000000000000000000e+00
2.000000000000000000e+00
2.000000000000000000e+00
8.000000000000000000e+00
1.200000000000000000e+01
1.200000000000000000e+01
2.000000000000000000e+01
2.300000000000000000e+01
2.300000000000000000e+01
2.600000000000000000e+01
2.900000000000000000e+01
2.900000000000000000e+01
3.300000000000000000e+01
4.100000000000000000e+01
4.100000000000000000e+01
4.300000000000000000e+01
5.600000000000000000e+01
5.600000000000000000e+01
6.800000000000000000e+01
7.800000000000000000e+01
7.800000000000000000e+01
8.700000000000000000e+01
9.900000000000000000e+01
9.900000000000000000e+01
1.080000000000000000e+02
1.180000000000000000e+02
1.180000000000000000e+02
1.280000000000000000e+02
1.330000000000000000e+02
1.330000000000000000e+02
1.430000000000000000e+02
1.460000000000000000e+02
1.460000000000000000e+02
1.530000000000000000e+02
1.550000000000000000e+02
1.550000000000000000e+02
1.600000000000000000e+02
1.600000000000000000e+02
1.600000000000000000e+02
1.610000000000000000e+02
1.620000000000000000e+02
1.620000000000000000e+02
1.620000000000000000e+02
1.620000000000000000e+02
1.620000000000000000e+02
1.620000000000000000e+02
1.620000000000000000e+02
1.620000000000000000e+02
1.620000000000000000e+02
1.620000000000000000e+02
1.620000000000000000e+02
1.620000000000000000e+02
1.620000000000000000e+02
1.620000000000000000e+02
1.620000000000000000e+02
1.620000000000000000e+02
1.620000000000000000e+02
1.620000000000000000e+02
1.620000000000000000e+02
1.620000000000000000e+02
1.620000000000000000e+02
1.620000000000000000e+02
1.620000000000000000e+02
1.620000000000000000e+02
1.620000000000000000e+02
1.620000000000000000e+02
1.620000000000000000e+02
1.620000000000000000e+02
1.620000000000000000e+02
1.620000000000000000e+02
1.620000000000000000e+02
1.620000000000000000e+02
1.620000000000000000e+02
1.620000000000000000e+02
1.620000000000000000e+02
1.620000000000000000e+02
1.620000000000000000e+02
1.620000000000000000e+02
1.620000000000000000e+02
1.600000000000000000e+02
1.600000000000000000e+02
1.580000000000000000e+02
1.560000000000000000e+02
1.560000000000000000e+02
1.540000000000000000e+02
1.510000000000000000e+02
1.500000000000000000e+02
1.500000000000000000e+02
1.470000000000000000e+02
1.460000000000000000e+02
1.440000000000000000e+02
1.440000000000000000e+02
1.420000000000000000e+02
1.390000000000000000e+02
1.370000000000000000e+02
1.350000000000000000e+02
1.260000000000000000e+02
1.250000000000000000e+02
1.220000000000000000e+02
1.200000000000000000e+02
1.170000000000000000e+02
1.140000000000000000e+02
1.100000000000000000e+02
1.080000000000000000e+02
1.040000000000000000e+02
1.010000000000000000e+02
9.700000000000000000e+01
9.400000000000000000e+01
9.000000000000000000e+01
8.700000000000000000e+01
8.200000000000000000e+01
7.700000000000000000e+01
7.400000000000000000e+01
6.500000000000000000e+01
5.800000000000000000e+01
5.200000000000000000e+01
4.900000000000000000e+01
4.700000000000000000e+01
4.700000000000000000e+01
4.400000000000000000e+01
4.200000000000000000e+01
4.000000000000000000e+01
3.800000000000000000e+01
3.700000000000000000e+01
3.500000000000000000e+01
3.200000000000000000e+01
3.100000000000000000e+01
2.900000000000000000e+01
2.600000000000000000e+01
2.400000000000000000e+01
2.300000000000000000e+01
2.300000000000000000e+01
2.300000000000000000e+01
2.300000000000000000e+01
2.200000000000000000e+01
