0.000000000000000000e+00
0.000000000000000000e+00
0.000000000000000000e+00
0.000000000000000000e+00
0.000000000000000000e+00
0.000000000000000000e+00
0.000000000000000000e+00
0.000000000000000000e+00
0.000000000000000000e+00
0.000000000000000000e+00
0.000000000000000000e+00
0.000000000000000000e+00
0.000000000000000000e+00
0.000000000000000000e+00
0.000000000000000000e+00
0.000000000000000000e+00
0.000000000000000000e+00
0.000000000000000000e+00
1.000000000000000000e+00
7.000000000000000000e+00
7.000000000000000000e+00
1.400000000000000000e+01
2.100000000000000000e+01
2.100000000000000000e+01
2.800000000000000000e+01
3.300000000000000000e+01
3.300000000000000000e+01
4.000000000000000000e+01
4.900000000000000000e+01
4.900000000000000000e+01
5.900000000000000000e+01
6.500000000000000000e+01
6.500000000000000000e+01
6.800000000000000000e+01
7.600000000000000000e+01
7.600000000000000000e+01
8.100000000000000000e+01
8.700000000000000000e+01
8.700000000000000000e+01
9.400000000000000000e+01
1.010000000000000000e+02
1.010000000000000000e+02
1.060000000000000000e+02
1.120000000000000000e+02
1.120000000000000000e+02
1.150000000000000000e+02
1.250000000000000000e+02
1.250000000000000000e+02
1.310000000000000000e+02
1.400000000000000000e+02
1.400000000000000000e+02
1.470000000000000000e+02
1.550000000000000000e+02
1.550000000000000000e+02
1.610000000000000000e+02
1.700000000000000000e+02
1.700000000000000000e+02
1.750000000000000000e+02
1.800000000000000000e+02
1.800000000000000000e+02
1.900000000000000000e+02
1.980000000000000000e+02
1.980000000000000000e+02
2.000000000000000000e+02
2.080000000000000000e+02
2.080000000000000000e+02
2.190000000000000000e+02
2.270000000000000000e+02
2.270000000000000000e+02
2.340000000000000000e+02
2.410000000000000000e+02
2.410000000000000000e+02
2.500000000000000000e+02
2.550000000000000000e+02
2.550000000000000000e+02
2.670000000000000000e+02
2.670000000000000000e+02
2.670000000000000000e+02
2.670000000000000000e+02
2.670000000000000000e+02
2.670000000000000000e+02
2.670000000000000000e+02
2.670000000000000000e+02
2.670000000000000000e+02
2.670000000000000000e+02
2.670000000000000000e+02
2.670000000000000000e+02
2.670000000000000000e+02
2.670000000000000000e+02
2.670000000000000000e+02
2.670000000000000000e+02
2.670000000000000000e+02
2.670000000000000000e+02
2.670000000000000000e+02
2.670000000000000000e+02
2.660000000000000000e+02
2.660000000000000000e+02
2.660000000000000000e+02
2.650000000000000000e+02
2.640000000000000000e+02
2.630000000000000000e+02
2.600000000000000000e+02
2.550000000000000000e+02
2.510000000000000000e+02
2.510000000000000000e+02
2.500000000000000000e+02
2.460000000000000000e+02
2.420000000000000000e+02
2.390000000000000000e+02
2.370000000000000000e+02
2.350000000000000000e+02
2.290000000000000000e+02
2.260000000000000000e+02
2.250000000000000000e+02
2.240000000000000000e+02
2.190000000000000000e+02
2.180000000000000000e+02
2.170000000000000000e+02
2.120000000000000000e+02
2.070000000000000000e+02
2.010000000000000000e+02
1.950000000000000000e+02
1.900000000000000000e+02
1.870000000000000000e+02
1.850000000000000000e+02
1.820000000000000000e+02
1.770000000000000000e+02
1.720000000000000000e+02
1.700000000000000000e+02
1.640000000000000000e+02
1.610000000000000000e+02
1.590000000000000000e+02
1.530000000000000000e+02
1.520000000000000000e+02
1.510000000000000000e+02
1.450000000000000000e+02
1.440000000000000000e+02
1.410000000000000000e+02
1.360000000000000000e+02
1.320000000000000000e+02
1.280000000000000000e+02
1.240000000000000000e+02
1.220000000000000000e+02
1.190000000000000000e+02
1.160000000000000000e+02
1.130000000000000000e+02
1.100000000000000000e+02
1.050000000000000000e+02
1.000000000000000000e+02
9.500000000000000000e+01
