0.000000000000000000e+00
0.000000000000000000e+00
0.000000000000000000e+00
0.000000000000000000e+00
0.000000000000000000e+00
0.000000000000000000e+00
0.000000000000000000e+00
0.000000000000000000e+00
0.000000000000000000e+00
0.000000000000000000e+00
0.000000000000000000e+00
0.000000000000000000e+00
0.000000000000000000e+00
0.000000000000000000e+00
0.000000000000000000e+00
0.000000000000000000e+00
0.000000000000000000e+00
0.000000000000000000e+00
0.000000000000000000e+00
0.000000000000000000e+00
0.000000000000000000e+00
0.000000000000000000e+00
1.000000000000000000e+00
1.000000000000000000e+00
1.000000000000000000e+00
4.000000000000000000e+00
4.000000000000000000e+00
7.000000000000000000e+00
1.100000000000000000e+01
1.100000000000000000e+01
1.300000000000000000e+01
1.900000000000000000e+01
1.900000000000000000e+01
2.400000000000000000e+01
2.600000000000000000e+01
2.600000000000000000e+01
3.000000000000000000e+01
3.500000000000000000e+01
3.500000000000000000e+01
4.400000000000000000e+01
5.400000000000000000e+01
5.400000000000000000e+01
7.000000000000000000e+01
7.600000000000000000e+01
7.600000000000000000e+01
8.600000000000000000e+01
9.300000000000000000e+01
9.300000000000000000e+01
9.700000000000000000e+01
1.050000000000000000e+02
1.050000000000000000e+02
1.150000000000000000e+02
1.190000000000000000e+02
1.190000000000000000e+02
1.270000000000000000e+02
1.370000000000000000e+02
1.370000000000000000e+02
1.440000000000000000e+02
1.600000000000000000e+02
1.600000000000000000e+02
1.710000000000000000e+02
1.750000000000000000e+02
1.750000000000000000e+02
1.820000000000000000e+02
1.900000000000000000e+02
1.900000000000000000e+02
1.930000000000000000e+02
1.960000000000000000e+02
1.960000000000000000e+02
2.010000000000000000e+02
2.060000000000000000e+02
2.060000000000000000e+02
2.120000000000000000e+02
2.210000000000000000e+02
2.210000000000000000e+02
2.310000000000000000e+02
2.310000000000000000e+02
2.310000000000000000e+02
2.310000000000000000e+02
2.310000000000000000e+02
2.310000000000000000e+02
2.310000000000000000e+02
2.310000000000000000e+02
2.310000000000000000e+02
2.310000000000000000e+02
2.310000000000000000e+02
2.310000000000000000e+02
2.310000000000000000e+02
2.310000000000000000e+02
2.310000000000000000e+02
2.310000000000000000e+02
2.310000000000000000e+02
2.310000000000000000e+02
2.310000000000000000e+02
2.310000000000000000e+02
2.310000000000000000e+02
2.310000000000000000e+02
2.310000000000000000e+02
2.310000000000000000e+02
2.310000000000000000e+02
2.310000000000000000e+02
2.310000000000000000e+02
2.310000000000000000e+02
2.310000000000000000e+02
2.310000000000000000e+02
2.310000000000000000e+02
2.300000000000000000e+02
2.300000000000000000e+02
2.290000000000000000e+02
2.290000000000000000e+02
2.290000000000000000e+02
2.290000000000000000e+02
2.290000000000000000e+02
2.270000000000000000e+02
2.250000000000000000e+02
2.230000000000000000e+02
2.220000000000000000e+02
2.220000000000000000e+02
2.210000000000000000e+02
2.190000000000000000e+02
2.160000000000000000e+02
2.140000000000000000e+02
2.060000000000000000e+02
2.000000000000000000e+02
1.960000000000000000e+02
1.930000000000000000e+02
1.910000000000000000e+02
1.820000000000000000e+02
1.790000000000000000e+02
1.770000000000000000e+02
1.740000000000000000e+02
1.710000000000000000e+02
1.660000000000000000e+02
1.600000000000000000e+02
1.560000000000000000e+02
1.550000000000000000e+02
1.500000000000000000e+02
1.490000000000000000e+02
1.450000000000000000e+02
1.380000000000000000e+02
1.300000000000000000e+02
1.270000000000000000e+02
1.260000000000000000e+02
1.240000000000000000e+02
1.210000000000000000e+02
1.160000000000000000e+02
1.140000000000000000e+02
1.100000000000000000e+02
1.080000000000000000e+02
1.060000000000000000e+02
