0.000000000000000000e+00
0.000000000000000000e+00
0.000000000000000000e+00
0.000000000000000000e+00
0.000000000000000000e+00
0.000000000000000000e+00
0.000000000000000000e+00
0.000000000000000000e+00
0.000000000000000000e+00
0.000000000000000000e+00
0.000000000000000000e+00
0.000000000000000000e+00
0.000000000000000000e+00
0.000000000000000000e+00
0.000000000000000000e+00
0.000000000000000000e+00
0.000000000000000000e+00
0.000000000000000000e+00
0.000000000000000000e+00
0.000000000000000000e+00
0.000000000000000000e+00
0.000000000000000000e+00
0.000000000000000000e+00
0.000000000000000000e+00
0.000000000000000000e+00
0.000000000000000000e+00
0.000000000000000000e+00
0.000000000000000000e+00
0.000000000000000000e+00
0.000000000000000000e+00
0.000000000000000000e+00
0.000000000000000000e+00
0.000000000000000000e+00
0.000000000000000000e+00
0.000000000000000000e+00
0.000000000000000000e+00
2.000000000000000000e+00
5.000000000000000000e+00
5.000000000000000000e+00
9.000000000000000000e+00
9.000000000000000000e+00
9.000000000000000000e+00
1.000000000000000000e+01
1.600000000000000000e+01
1.600000000000000000e+01
1.700000000000000000e+01
1.800000000000000000e+01
1.800000000000000000e+01
2.900000000000000000e+01
3.900000000000000000e+01
3.900000000000000000e+01
4.900000000000000000e+01
5.600000000000000000e+01
5.600000000000000000e+01
6.500000000000000000e+01
7.400000000000000000e+01
7.400000000000000000e+01
7.700000000000000000e+01
8.100000000000000000e+01
8.100000000000000000e+01
9.300000000000000000e+01
9.800000000000000000e+01
9.800000000000000000e+01
1.060000000000000000e+02
1.140000000000000000e+02
1.140000000000000000e+02
1.200000000000000000e+02
1.280000000000000000e+02
1.280000000000000000e+02
1.310000000000000000e+02
1.350000000000000000e+02
1.350000000000000000e+02
1.500000000000000000e+02
1.570000000000000000e+02
1.570000000000000000e+02
1.640000000000000000e+02
1.640000000000000000e+02
1.640000000000000000e+02
1.640000000000000000e+02
1.640000000000000000e+02
1.640000000000000000e+02
1.640000000000000000e+02
1.640000000000000000e+02
1.640000000000000000e+02
1.640000000000000000e+02
1.640000000000000000e+02
1.640000000000000000e+02
1.640000000000000000e+02
1.640000000000000000e+02
1.640000000000000000e+02
1.640000000000000000e+02
1.640000000000000000e+02
1.640000000000000000e+02
1.640000000000000000e+02
1.640000000000000000e+02
1.640000000000000000e+02
1.640000000000000000e+02
1.640000000000000000e+02
1.640000000000000000e+02
1.640000000000000000e+02
1.640000000000000000e+02
1.640000000000000000e+02
1.640000000000000000e+02
1.640000000000000000e+02
1.640000000000000000e+02
1.640000000000000000e+02
1.640000000000000000e+02
1.640000000000000000e+02
1.640000000000000000e+02
1.640000000000000000e+02
1.640000000000000000e+02
1.640000000000000000e+02
1.630000000000000000e+02
1.630000000000000000e+02
1.620000000000000000e+02
1.610000000000000000e+02
1.600000000000000000e+02
1.600000000000000000e+02
1.580000000000000000e+02
1.570000000000000000e+02
1.550000000000000000e+02
1.510000000000000000e+02
1.500000000000000000e+02
1.490000000000000000e+02
1.460000000000000000e+02
1.420000000000000000e+02
1.400000000000000000e+02
1.390000000000000000e+02
1.360000000000000000e+02
1.330000000000000000e+02
1.320000000000000000e+02
1.320000000000000000e+02
1.320000000000000000e+02
1.270000000000000000e+02
1.260000000000000000e+02
1.250000000000000000e+02
1.230000000000000000e+02
1.210000000000000000e+02
1.150000000000000000e+02
1.110000000000000000e+02
1.080000000000000000e+02
1.060000000000000000e+02
1.030000000000000000e+02
1.010000000000000000e+02
1.000000000000000000e+02
9.600000000000000000e+01
9.000000000000000000e+01
8.800000000000000000e+01
8.600000000000000000e+01
8.200000000000000000e+01
