0.000000000000000000e+00
0.000000000000000000e+00
0.000000000000000000e+00
0.000000000000000000e+00
0.000000000000000000e+00
0.000000000000000000e+00
0.000000000000000000e+00
0.000000000000000000e+00
0.000000000000000000e+00
0.000000000000000000e+00
0.000000000000000000e+00
0.000000000000000000e+00
0.000000000000000000e+00
0.000000000000000000e+00
0.000000000000000000e+00
0.000000000000000000e+00
0.000000000000000000e+00
0.000000000000000000e+00
0.000000000000000000e+00
0.000000000000000000e+00
0.000000000000000000e+00
0.000000000000000000e+00
0.000000000000000000e+00
0.000000000000000000e+00
0.000000000000000000e+00
0.000000000000000000e+00
0.000000000000000000e+00
0.000000000000000000e+00
0.000000000000000000e+00
0.000000000000000000e+00
1.000000000000000000e+00
3.000000000000000000e+00
3.000000000000000000e+00
8.000000000000000000e+00
1.200000000000000000e+01
1.200000000000000000e+01
1.500000000000000000e+01
2.100000000000000000e+01
2.100000000000000000e+01
2.600000000000000000e+01
2.900000000000000000e+01
2.900000000000000000e+01
3.300000000000000000e+01
3.400000000000000000e+01
3.400000000000000000e+01
3.900000000000000000e+01
4.900000000000000000e+01
4.900000000000000000e+01
5.600000000000000000e+01
6.200000000000000000e+01
6.200000000000000000e+01
7.200000000000000000e+01
8.100000000000000000e+01
8.100000000000000000e+01
8.500000000000000000e+01
9.400000000000000000e+01
9.400000000000000000e+01
1.000000000000000000e+02
1.080000000000000000e+02
1.080000000000000000e+02
1.160000000000000000e+02
1.200000000000000000e+02
1.200000000000000000e+02
1.270000000000000000e+02
1.370000000000000000e+02
1.370000000000000000e+02
1.480000000000000000e+02
1.560000000000000000e+02
1.560000000000000000e+02
1.640000000000000000e+02
1.750000000000000000e+02
1.750000000000000000e+02
1.800000000000000000e+02
1.890000000000000000e+02
1.890000000000000000e+02
1.970000000000000000e+02
1.970000000000000000e+02
1.970000000000000000e+02
1.970000000000000000e+02
1.970000000000000000e+02
1.970000000000000000e+02
1.970000000000000000e+02
1.970000000000000000e+02
1.970000000000000000e+02
1.970000000000000000e+02
1.970000000000000000e+02
1.970000000000000000e+02
1.970000000000000000e+02
1.970000000000000000e+02
1.970000000000000000e+02
1.970000000000000000e+02
1.970000000000000000e+02
1.970000000000000000e+02
1.970000000000000000e+02
1.970000000000000000e+02
1.970000000000000000e+02
1.970000000000000000e+02
1.970000000000000000e+02
1.970000000000000000e+02
1.970000000000000000e+02
1.970000000000000000e+02
1.970000000000000000e+02
1.970000000000000000e+02
1.970000000000000000e+02
1.970000000000000000e+02
1.970000000000000000e+02
1.970000000000000000e+02
1.970000000000000000e+02
1.960000000000000000e+02
1.950000000000000000e+02
1.950000000000000000e+02
1.920000000000000000e+02
1.870000000000000000e+02
1.860000000000000000e+02
1.850000000000000000e+02
1.820000000000000000e+02
1.820000000000000000e+02
1.810000000000000000e+02
1.780000000000000000e+02
1.760000000000000000e+02
1.750000000000000000e+02
1.730000000000000000e+02
1.710000000000000000e+02
1.690000000000000000e+02
1.670000000000000000e+02
1.640000000000000000e+02
1.590000000000000000e+02
1.560000000000000000e+02
1.560000000000000000e+02
1.550000000000000000e+02
1.520000000000000000e+02
1.510000000000000000e+02
1.470000000000000000e+02
1.450000000000000000e+02
1.430000000000000000e+02
1.390000000000000000e+02
1.370000000000000000e+02
1.370000000000000000e+02
1.340000000000000000e+02
1.320000000000000000e+02
1.280000000000000000e+02
1.240000000000000000e+02
1.180000000000000000e+02
1.130000000000000000e+02
1.100000000000000000e+02
1.070000000000000000e+02
1.040000000000000000e+02
1.010000000000000000e+02
9.300000000000000000e+01
9.000000000000000000e+01
