0.000000000000000000e+00
0.000000000000000000e+00
0.000000000000000000e+00
0.000000000000000000e+00
0.000000000000000000e+00
0.000000000000000000e+00
0.000000000000000000e+00
0.000000000000000000e+00
0.000000000000000000e+00
0.000000000000000000e+00
0.000000000000000000e+00
0.000000000000000000e+00
0.000000000000000000e+00
0.000000000000000000e+00
0.000000000000000000e+00
0.000000000000000000e+00
0.000000000000000000e+00
0.000000000000000000e+00
0.000000000000000000e+00
0.000000000000000000e+00
0.000000000000000000e+00
1.000000000000000000e+00
8.000000000000000000e+00
8.000000000000000000e+00
1.500000000000000000e+01
2.000000000000000000e+01
2.000000000000000000e+01
2.600000000000000000e+01
3.100000000000000000e+01
3.100000000000000000e+01
3.400000000000000000e+01
4.300000000000000000e+01
4.300000000000000000e+01
4.900000000000000000e+01
5.600000000000000000e+01
5.600000000000000000e+01
6.900000000000000000e+01
8.100000000000000000e+01
8.100000000000000000e+01
8.900000000000000000e+01
9.800000000000000000e+01
9.800000000000000000e+01
1.080000000000000000e+02
1.190000000000000000e+02
1.190000000000000000e+02
1.210000000000000000e+02
1.270000000000000000e+02
1.270000000000000000e+02
1.350000000000000000e+02
1.460000000000000000e+02
1.460000000000000000e+02
1.510000000000000000e+02
1.560000000000000000e+02
1.560000000000000000e+02
1.650000000000000000e+02
1.760000000000000000e+02
1.760000000000000000e+02
1.840000000000000000e+02
1.870000000000000000e+02
1.870000000000000000e+02
1.960000000000000000e+02
2.050000000000000000e+02
2.050000000000000000e+02
2.130000000000000000e+02
2.190000000000000000e+02
2.190000000000000000e+02
2.280000000000000000e+02
2.400000000000000000e+02
2.400000000000000000e+02
2.470000000000000000e+02
2.540000000000000000e+02
2.540000000000000000e+02
2.620000000000000000e+02
2.720000000000000000e+02
2.720000000000000000e+02
2.790000000000000000e+02
2.790000000000000000e+02
2.790000000000000000e+02
2.790000000000000000e+02
2.790000000000000000e+02
2.790000000000000000e+02
2.790000000000000000e+02
2.790000000000000000e+02
2.790000000000000000e+02
2.790000000000000000e+02
2.790000000000000000e+02
2.790000000000000000e+02
2.790000000000000000e+02
2.790000000000000000e+02
2.790000000000000000e+02
2.790000000000000000e+02
2.790000000000000000e+02
2.790000000000000000e+02
2.790000000000000000e+02
2.790000000000000000e+02
2.790000000000000000e+02
2.790000000000000000e+02
2.790000000000000000e+02
2.790000000000000000e+02
2.780000000000000000e+02
2.760000000000000000e+02
2.760000000000000000e+02
2.730000000000000000e+02
2.710000000000000000e+02
2.710000000000000000e+02
2.700000000000000000e+02
2.690000000000000000e+02
2.660000000000000000e+02
2.630000000000000000e+02
2.600000000000000000e+02
2.580000000000000000e+02
2.570000000000000000e+02
2.540000000000000000e+02
2.520000000000000000e+02
2.510000000000000000e+02
2.490000000000000000e+02
2.440000000000000000e+02
2.400000000000000000e+02
2.350000000000000000e+02
2.320000000000000000e+02
2.270000000000000000e+02
2.240000000000000000e+02
2.220000000000000000e+02
2.170000000000000000e+02
2.140000000000000000e+02
2.080000000000000000e+02
2.010000000000000000e+02
1.970000000000000000e+02
1.890000000000000000e+02
1.870000000000000000e+02
1.860000000000000000e+02
1.840000000000000000e+02
1.810000000000000000e+02
1.730000000000000000e+02
1.730000000000000000e+02
1.650000000000000000e+02
1.570000000000000000e+02
1.480000000000000000e+02
1.450000000000000000e+02
1.440000000000000000e+02
1.420000000000000000e+02
1.390000000000000000e+02
1.340000000000000000e+02
1.330000000000000000e+02
1.300000000000000000e+02
1.250000000000000000e+02
1.200000000000000000e+02
1.170000000000000000e+02
1.120000000000000000e+02
1.090000000000000000e+02
