0.000000000000000000e+00
0.000000000000000000e+00
0.000000000000000000e+00
0.000000000000000000e+00
0.000000000000000000e+00
0.000000000000000000e+00
0.000000000000000000e+00
0.000000000000000000e+00
0.000000000000000000e+00
0.000000000000000000e+00
0.000000000000000000e+00
0.000000000000000000e+00
0.000000000000000000e+00
0.000000000000000000e+00
0.000000000000000000e+00
0.000000000000000000e+00
0.000000000000000000e+00
0.000000000000000000e+00
0.000000000000000000e+00
0.000000000000000000e+00
0.000000000000000000e+00
0.000000000000000000e+00
1.000000000000000000e+00
1.000000000000000000e+00
1.000000000000000000e+00
1.000000000000000000e+00
1.000000000000000000e+00
1.000000000000000000e+01
1.500000000000000000e+01
1.500000000000000000e+01
2.000000000000000000e+01
2.700000000000000000e+01
2.700000000000000000e+01
2.900000000000000000e+01
3.500000000000000000e+01
3.500000000000000000e+01
4.000000000000000000e+01
5.000000000000000000e+01
5.000000000000000000e+01
6.100000000000000000e+01
7.000000000000000000e+01
7.000000000000000000e+01
7.700000000000000000e+01
8.500000000000000000e+01
8.500000000000000000e+01
9.400000000000000000e+01
1.030000000000000000e+02
1.030000000000000000e+02
1.070000000000000000e+02
1.150000000000000000e+02
1.150000000000000000e+02
1.250000000000000000e+02
1.340000000000000000e+02
1.340000000000000000e+02
1.410000000000000000e+02
1.480000000000000000e+02
1.480000000000000000e+02
1.560000000000000000e+02
1.690000000000000000e+02
1.690000000000000000e+02
1.750000000000000000e+02
1.850000000000000000e+02
1.850000000000000000e+02
1.900000000000000000e+02
1.950000000000000000e+02
1.950000000000000000e+02
2.010000000000000000e+02
2.100000000000000000e+02
2.100000000000000000e+02
2.180000000000000000e+02
2.290000000000000000e+02
2.290000000000000000e+02
2.330000000000000000e+02
2.500000000000000000e+02
2.500000000000000000e+02
2.610000000000000000e+02
2.610000000000000000e+02
2.610000000000000000e+02
2.610000000000000000e+02
2.610000000000000000e+02
2.610000000000000000e+02
2.610000000000000000e+02
2.610000000000000000e+02
2.610000000000000000e+02
2.610000000000000000e+02
2.610000000000000000e+02
2.610000000000000000e+02
2.610000000000000000e+02
2.610000000000000000e+02
2.610000000000000000e+02
2.610000000000000000e+02
2.610000000000000000e+02
2.610000000000000000e+02
2.610000000000000000e+02
2.610000000000000000e+02
2.610000000000000000e+02
2.610000000000000000e+02
2.610000000000000000e+02
2.610000000000000000e+02
2.610000000000000000e+02
2.610000000000000000e+02
2.610000000000000000e+02
2.600000000000000000e+02
2.590000000000000000e+02
2.590000000000000000e+02
2.580000000000000000e+02
2.580000000000000000e+02
2.580000000000000000e+02
2.570000000000000000e+02
2.550000000000000000e+02
2.540000000000000000e+02
2.540000000000000000e+02
2.510000000000000000e+02
2.450000000000000000e+02
2.430000000000000000e+02
2.420000000000000000e+02
2.390000000000000000e+02
2.360000000000000000e+02
2.310000000000000000e+02
2.280000000000000000e+02
2.230000000000000000e+02
2.170000000000000000e+02
2.120000000000000000e+02
2.110000000000000000e+02
2.090000000000000000e+02
2.080000000000000000e+02
2.040000000000000000e+02
2.020000000000000000e+02
2.000000000000000000e+02
1.980000000000000000e+02
1.920000000000000000e+02
1.880000000000000000e+02
1.830000000000000000e+02
1.780000000000000000e+02
1.770000000000000000e+02
1.740000000000000000e+02
1.670000000000000000e+02
1.670000000000000000e+02
1.630000000000000000e+02
1.560000000000000000e+02
1.490000000000000000e+02
1.460000000000000000e+02
1.440000000000000000e+02
1.400000000000000000e+02
1.380000000000000000e+02
1.330000000000000000e+02
1.290000000000000000e+02
1.270000000000000000e+02
1.200000000000000000e+02
1.160000000000000000e+02
