0.000000000000000000e+00
0.000000000000000000e+00
0.000000000000000000e+00
0.000000000000000000e+00
0.000000000000000000e+00
0.000000000000000000e+00
0.000000000000000000e+00
0.000000000000000000e+00
0.000000000000000000e+00
0.000000000000000000e+00
0.000000000000000000e+00
0.000000000000000000e+00
0.000000000000000000e+00
0.000000000000000000e+00
0.000000000000000000e+00
0.000000000000000000e+00
0.000000000000000000e+00
0.000000000000000000e+00
0.000000000000000000e+00
0.000000000000000000e+00
0.000000000000000000e+00
0.000000000000000000e+00
8.000000000000000000e+00
8.000000000000000000e+00
1.600000000000000000e+01
2.600000000000000000e+01
2.600000000000000000e+01
3.100000000000000000e+01
3.900000000000000000e+01
3.900000000000000000e+01
4.600000000000000000e+01
5.400000000000000000e+01
5.400000000000000000e+01
6.100000000000000000e+01
7.500000000000000000e+01
7.500000000000000000e+01
8.100000000000000000e+01
9.200000000000000000e+01
9.200000000000000000e+01
9.900000000000000000e+01
1.040000000000000000e+02
1.040000000000000000e+02
1.090000000000000000e+02
1.240000000000000000e+02
1.240000000000000000e+02
1.260000000000000000e+02
1.330000000000000000e+02
1.330000000000000000e+02
1.420000000000000000e+02
1.440000000000000000e+02
1.440000000000000000e+02
1.520000000000000000e+02
1.590000000000000000e+02
1.590000000000000000e+02
1.670000000000000000e+02
1.740000000000000000e+02
1.740000000000000000e+02
1.860000000000000000e+02
1.930000000000000000e+02
1.930000000000000000e+02
1.960000000000000000e+02
2.020000000000000000e+02
2.020000000000000000e+02
2.090000000000000000e+02
2.200000000000000000e+02
2.200000000000000000e+02
2.260000000000000000e+02
2.340000000000000000e+02
2.340000000000000000e+02
2.390000000000000000e+02
2.460000000000000000e+02
2.460000000000000000e+02
2.550000000000000000e+02
2.590000000000000000e+02
2.590000000000000000e+02
2.640000000000000000e+02
2.640000000000000000e+02
2.640000000000000000e+02
2.640000000000000000e+02
2.640000000000000000e+02
2.640000000000000000e+02
2.640000000000000000e+02
2.640000000000000000e+02
2.640000000000000000e+02
2.640000000000000000e+02
2.640000000000000000e+02
2.640000000000000000e+02
2.640000000000000000e+02
2.640000000000000000e+02
2.640000000000000000e+02
2.640000000000000000e+02
2.640000000000000000e+02
2.640000000000000000e+02
2.640000000000000000e+02
2.640000000000000000e+02
2.640000000000000000e+02
2.640000000000000000e+02
2.640000000000000000e+02
2.640000000000000000e+02
2.630000000000000000e+02
2.630000000000000000e+02
2.610000000000000000e+02
2.600000000000000000e+02
2.570000000000000000e+02
2.570000000000000000e+02
2.540000000000000000e+02
2.510000000000000000e+02
2.500000000000000000e+02
2.480000000000000000e+02
2.450000000000000000e+02
2.440000000000000000e+02
2.430000000000000000e+02
2.390000000000000000e+02
2.340000000000000000e+02
2.310000000000000000e+02
2.280000000000000000e+02
2.220000000000000000e+02
2.200000000000000000e+02
2.180000000000000000e+02
2.140000000000000000e+02
2.140000000000000000e+02
2.120000000000000000e+02
2.110000000000000000e+02
2.090000000000000000e+02
2.010000000000000000e+02
2.010000000000000000e+02
2.000000000000000000e+02
1.960000000000000000e+02
1.940000000000000000e+02
1.880000000000000000e+02
1.830000000000000000e+02
1.830000000000000000e+02
1.790000000000000000e+02
1.760000000000000000e+02
1.720000000000000000e+02
1.660000000000000000e+02
1.580000000000000000e+02
1.550000000000000000e+02
1.480000000000000000e+02
1.440000000000000000e+02
1.380000000000000000e+02
1.310000000000000000e+02
1.250000000000000000e+02
1.210000000000000000e+02
1.180000000000000000e+02
1.160000000000000000e+02
1.110000000000000000e+02
1.030000000000000000e+02
1.030000000000000000e+02
1.010000000000000000e+02
