0.000000000000000000e+00
0.000000000000000000e+00
0.000000000000000000e+00
0.000000000000000000e+00
0.000000000000000000e+00
0.000000000000000000e+00
0.000000000000000000e+00
0.000000000000000000e+00
0.000000000000000000e+00
0.000000000000000000e+00
0.000000000000000000e+00
0.000000000000000000e+00
0.000000000000000000e+00
0.000000000000000000e+00
0.000000000000000000e+00
0.000000000000000000e+00
0.000000000000000000e+00
0.000000000000000000e+00
0.000000000000000000e+00
0.000000000000000000e+00
0.000000000000000000e+00
0.000000000000000000e+00
0.000000000000000000e+00
0.000000000000000000e+00
6.000000000000000000e+00
1.200000000000000000e+01
1.200000000000000000e+01
1.600000000000000000e+01
2.200000000000000000e+01
2.200000000000000000e+01
2.600000000000000000e+01
3.300000000000000000e+01
3.300000000000000000e+01
3.600000000000000000e+01
3.900000000000000000e+01
3.900000000000000000e+01
4.500000000000000000e+01
5.300000000000000000e+01
5.300000000000000000e+01
5.900000000000000000e+01
6.700000000000000000e+01
6.700000000000000000e+01
7.300000000000000000e+01
8.100000000000000000e+01
8.100000000000000000e+01
9.000000000000000000e+01
9.400000000000000000e+01
9.400000000000000000e+01
1.000000000000000000e+02
1.060000000000000000e+02
1.060000000000000000e+02
1.130000000000000000e+02
1.210000000000000000e+02
1.210000000000000000e+02
1.280000000000000000e+02
1.330000000000000000e+02
1.330000000000000000e+02
1.430000000000000000e+02
1.540000000000000000e+02
1.540000000000000000e+02
1.620000000000000000e+02
1.660000000000000000e+02
1.660000000000000000e+02
1.740000000000000000e+02
1.790000000000000000e+02
1.790000000000000000e+02
1.890000000000000000e+02
1.920000000000000000e+02
1.920000000000000000e+02
2.030000000000000000e+02
2.140000000000000000e+02
2.140000000000000000e+02
2.210000000000000000e+02
2.280000000000000000e+02
2.280000000000000000e+02
2.330000000000000000e+02
2.330000000000000000e+02
2.330000000000000000e+02
2.330000000000000000e+02
2.330000000000000000e+02
2.330000000000000000e+02
2.330000000000000000e+02
2.330000000000000000e+02
2.330000000000000000e+02
2.330000000000000000e+02
2.330000000000000000e+02
2.330000000000000000e+02
2.330000000000000000e+02
2.330000000000000000e+02
2.330000000000000000e+02
2.330000000000000000e+02
2.330000000000000000e+02
2.330000000000000000e+02
2.330000000000000000e+02
2.330000000000000000e+02
2.330000000000000000e+02
2.330000000000000000e+02
2.330000000000000000e+02
2.330000000000000000e+02
2.330000000000000000e+02
2.310000000000000000e+02
2.310000000000000000e+02
2.300000000000000000e+02
2.280000000000000000e+02
2.250000000000000000e+02
2.240000000000000000e+02
2.230000000000000000e+02
2.220000000000000000e+02
2.180000000000000000e+02
2.170000000000000000e+02
2.170000000000000000e+02
2.140000000000000000e+02
2.130000000000000000e+02
2.100000000000000000e+02
2.090000000000000000e+02
2.060000000000000000e+02
2.030000000000000000e+02
2.020000000000000000e+02
2.000000000000000000e+02
1.970000000000000000e+02
1.940000000000000000e+02
1.940000000000000000e+02
1.890000000000000000e+02
1.870000000000000000e+02
1.860000000000000000e+02
1.810000000000000000e+02
1.770000000000000000e+02
1.760000000000000000e+02
1.740000000000000000e+02
1.710000000000000000e+02
1.580000000000000000e+02
1.570000000000000000e+02
1.540000000000000000e+02
1.520000000000000000e+02
1.510000000000000000e+02
1.490000000000000000e+02
1.430000000000000000e+02
1.390000000000000000e+02
1.340000000000000000e+02
1.300000000000000000e+02
1.290000000000000000e+02
1.250000000000000000e+02
1.200000000000000000e+02
1.170000000000000000e+02
1.140000000000000000e+02
1.110000000000000000e+02
1.040000000000000000e+02
9.900000000000000000e+01
9.400000000000000000e+01
8.900000000000000000e+01
