0.000000000000000000e+00
0.000000000000000000e+00
0.000000000000000000e+00
0.000000000000000000e+00
0.000000000000000000e+00
0.000000000000000000e+00
0.000000000000000000e+00
0.000000000000000000e+00
0.000000000000000000e+00
0.000000000000000000e+00
0.000000000000000000e+00
0.000000000000000000e+00
0.000000000000000000e+00
0.000000000000000000e+00
0.000000000000000000e+00
0.000000000000000000e+00
0.000000000000000000e+00
0.000000000000000000e+00
0.000000000000000000e+00
0.000000000000000000e+00
0.000000000000000000e+00
0.000000000000000000e+00
0.000000000000000000e+00
0.000000000000000000e+00
0.000000000000000000e+00
0.000000000000000000e+00
0.000000000000000000e+00
0.000000000000000000e+00
0.000000000000000000e+00
0.000000000000000000e+00
0.000000000000000000e+00
0.000000000000000000e+00
0.000000000000000000e+00
0.000000000000000000e+00
0.000000000000000000e+00
0.000000000000000000e+00
0.000000000000000000e+00
0.000000000000000000e+00
0.000000000000000000e+00
0.000000000000000000e+00
0.000000000000000000e+00
0.000000000000000000e+00
7.000000000000000000e+00
1.200000000000000000e+01
2.100000000000000000e+01
2.100000000000000000e+01
2.600000000000000000e+01
3.500000000000000000e+01
4.000000000000000000e+01
4.800000000000000000e+01
4.800000000000000000e+01
5.500000000000000000e+01
6.200000000000000000e+01
7.500000000000000000e+01
7.500000000000000000e+01
7.800000000000000000e+01
8.400000000000000000e+01
9.000000000000000000e+01
1.000000000000000000e+02
1.000000000000000000e+02
1.070000000000000000e+02
1.130000000000000000e+02
1.190000000000000000e+02
1.190000000000000000e+02
1.240000000000000000e+02
1.240000000000000000e+02
1.240000000000000000e+02
1.240000000000000000e+02
1.240000000000000000e+02
1.240000000000000000e+02
1.240000000000000000e+02
1.240000000000000000e+02
1.240000000000000000e+02
1.240000000000000000e+02
1.240000000000000000e+02
1.240000000000000000e+02
1.240000000000000000e+02
1.240000000000000000e+02
1.240000000000000000e+02
1.240000000000000000e+02
1.240000000000000000e+02
1.240000000000000000e+02
1.240000000000000000e+02
1.240000000000000000e+02
1.240000000000000000e+02
1.240000000000000000e+02
1.240000000000000000e+02
1.240000000000000000e+02
1.240000000000000000e+02
1.240000000000000000e+02
1.240000000000000000e+02
1.240000000000000000e+02
1.240000000000000000e+02
1.240000000000000000e+02
1.240000000000000000e+02
1.240000000000000000e+02
1.240000000000000000e+02
1.240000000000000000e+02
1.240000000000000000e+02
1.240000000000000000e+02
1.240000000000000000e+02
1.240000000000000000e+02
1.240000000000000000e+02
1.240000000000000000e+02
1.240000000000000000e+02
1.240000000000000000e+02
1.240000000000000000e+02
1.240000000000000000e+02
1.240000000000000000e+02
1.220000000000000000e+02
1.220000000000000000e+02
1.210000000000000000e+02
1.180000000000000000e+02
1.170000000000000000e+02
1.140000000000000000e+02
1.130000000000000000e+02
1.110000000000000000e+02
1.090000000000000000e+02
1.080000000000000000e+02
1.050000000000000000e+02
1.030000000000000000e+02
9.800000000000000000e+01
9.600000000000000000e+01
9.400000000000000000e+01
9.200000000000000000e+01
9.100000000000000000e+01
9.000000000000000000e+01
8.600000000000000000e+01
