0.000000000000000000e+00
0.000000000000000000e+00
0.000000000000000000e+00
0.000000000000000000e+00
0.000000000000000000e+00
0.000000000000000000e+00
0.000000000000000000e+00
0.000000000000000000e+00
0.000000000000000000e+00
0.000000000000000000e+00
0.000000000000000000e+00
0.000000000000000000e+00
0.000000000000000000e+00
0.000000000000000000e+00
0.000000000000000000e+00
0.000000000000000000e+00
0.000000000000000000e+00
0.000000000000000000e+00
0.000000000000000000e+00
0.000000000000000000e+00
0.000000000000000000e+00
0.000000000000000000e+00
0.000000000000000000e+00
0.000000000000000000e+00
0.000000000000000000e+00
0.000000000000000000e+00
0.000000000000000000e+00
0.000000000000000000e+00
0.000000000000000000e+00
0.000000000000000000e+00
0.000000000000000000e+00
0.000000000000000000e+00
0.000000000000000000e+00
0.000000000000000000e+00
0.000000000000000000e+00
0.000000000000000000e+00
0.000000000000000000e+00
1.100000000000000000e+01
2.100000000000000000e+01
3.500000000000000000e+01
3.800000000000000000e+01
3.800000000000000000e+01
4.600000000000000000e+01
5.100000000000000000e+01
5.900000000000000000e+01
5.900000000000000000e+01
6.700000000000000000e+01
7.400000000000000000e+01
8.100000000000000000e+01
8.900000000000000000e+01
8.900000000000000000e+01
9.300000000000000000e+01
9.900000000000000000e+01
1.070000000000000000e+02
1.070000000000000000e+02
1.120000000000000000e+02
1.180000000000000000e+02
1.240000000000000000e+02
1.300000000000000000e+02
1.300000000000000000e+02
1.370000000000000000e+02
1.440000000000000000e+02
1.540000000000000000e+02
1.540000000000000000e+02
1.630000000000000000e+02
1.630000000000000000e+02
1.630000000000000000e+02
1.630000000000000000e+02
1.630000000000000000e+02
1.630000000000000000e+02
1.630000000000000000e+02
1.630000000000000000e+02
1.630000000000000000e+02
1.630000000000000000e+02
1.630000000000000000e+02
1.630000000000000000e+02
1.630000000000000000e+02
1.630000000000000000e+02
1.630000000000000000e+02
1.630000000000000000e+02
1.630000000000000000e+02
1.630000000000000000e+02
1.630000000000000000e+02
1.630000000000000000e+02
1.630000000000000000e+02
1.630000000000000000e+02
1.630000000000000000e+02
1.630000000000000000e+02
1.630000000000000000e+02
1.630000000000000000e+02
1.630000000000000000e+02
1.630000000000000000e+02
1.630000000000000000e+02
1.630000000000000000e+02
1.630000000000000000e+02
1.630000000000000000e+02
1.630000000000000000e+02
1.630000000000000000e+02
1.630000000000000000e+02
1.630000000000000000e+02
1.630000000000000000e+02
1.630000000000000000e+02
1.620000000000000000e+02
1.620000000000000000e+02
1.600000000000000000e+02
1.590000000000000000e+02
1.560000000000000000e+02
1.560000000000000000e+02
1.520000000000000000e+02
1.500000000000000000e+02
1.470000000000000000e+02
1.400000000000000000e+02
1.390000000000000000e+02
1.380000000000000000e+02
1.360000000000000000e+02
1.350000000000000000e+02
1.330000000000000000e+02
1.320000000000000000e+02
1.260000000000000000e+02
1.180000000000000000e+02
1.160000000000000000e+02
1.130000000000000000e+02
1.090000000000000000e+02
1.060000000000000000e+02
1.040000000000000000e+02
9.900000000000000000e+01
9.400000000000000000e+01
9.100000000000000000e+01
