0.000000000000000000e+00
0.000000000000000000e+00
0.000000000000000000e+00
0.000000000000000000e+00
0.000000000000000000e+00
0.000000000000000000e+00
0.000000000000000000e+00
0.000000000000000000e+00
0.000000000000000000e+00
0.000000000000000000e+00
0.000000000000000000e+00
0.000000000000000000e+00
0.000000000000000000e+00
0.000000000000000000e+00
0.000000000000000000e+00
0.000000000000000000e+00
0.000000000000000000e+00
0.000000000000000000e+00
0.000000000000000000e+00
0.000000000000000000e+00
0.000000000000000000e+00
0.000000000000000000e+00
0.000000000000000000e+00
0.000000000000000000e+00
0.000000000000000000e+00
0.000000000000000000e+00
0.000000000000000000e+00
0.000000000000000000e+00
4.000000000000000000e+00
1.800000000000000000e+01
2.200000000000000000e+01
2.200000000000000000e+01
2.800000000000000000e+01
4.100000000000000000e+01
4.800000000000000000e+01
5.600000000000000000e+01
5.600000000000000000e+01
6.300000000000000000e+01
6.700000000000000000e+01
7.200000000000000000e+01
8.200000000000000000e+01
8.200000000000000000e+01
8.900000000000000000e+01
9.600000000000000000e+01
1.010000000000000000e+02
1.010000000000000000e+02
1.090000000000000000e+02
1.120000000000000000e+02
1.170000000000000000e+02
1.360000000000000000e+02
1.360000000000000000e+02
1.410000000000000000e+02
1.510000000000000000e+02
1.620000000000000000e+02
1.620000000000000000e+02
1.680000000000000000e+02
1.780000000000000000e+02
1.920000000000000000e+02
1.990000000000000000e+02
1.990000000000000000e+02
2.070000000000000000e+02
2.120000000000000000e+02
2.210000000000000000e+02
2.210000000000000000e+02
2.280000000000000000e+02
2.280000000000000000e+02
2.280000000000000000e+02
2.280000000000000000e+02
2.280000000000000000e+02
2.280000000000000000e+02
2.280000000000000000e+02
2.280000000000000000e+02
2.280000000000000000e+02
2.280000000000000000e+02
2.280000000000000000e+02
2.280000000000000000e+02
2.280000000000000000e+02
2.280000000000000000e+02
2.280000000000000000e+02
2.280000000000000000e+02
2.280000000000000000e+02
2.280000000000000000e+02
2.280000000000000000e+02
2.280000000000000000e+02
2.280000000000000000e+02
2.280000000000000000e+02
2.280000000000000000e+02
2.280000000000000000e+02
2.280000000000000000e+02
2.280000000000000000e+02
2.280000000000000000e+02
2.280000000000000000e+02
2.280000000000000000e+02
2.280000000000000000e+02
2.280000000000000000e+02
2.280000000000000000e+02
2.280000000000000000e+02
2.260000000000000000e+02
2.250000000000000000e+02
2.210000000000000000e+02
2.200000000000000000e+02
2.180000000000000000e+02
2.170000000000000000e+02
2.130000000000000000e+02
2.100000000000000000e+02
2.070000000000000000e+02
2.050000000000000000e+02
2.030000000000000000e+02
2.010000000000000000e+02
1.950000000000000000e+02
1.940000000000000000e+02
1.900000000000000000e+02
1.850000000000000000e+02
1.770000000000000000e+02
1.710000000000000000e+02
1.650000000000000000e+02
1.620000000000000000e+02
1.600000000000000000e+02
1.520000000000000000e+02
1.510000000000000000e+02
1.470000000000000000e+02
1.410000000000000000e+02
1.320000000000000000e+02
1.270000000000000000e+02
1.230000000000000000e+02
1.210000000000000000e+02
1.160000000000000000e+02
1.120000000000000000e+02
