0.000000000000000000e+00
0.000000000000000000e+00
0.000000000000000000e+00
0.000000000000000000e+00
0.000000000000000000e+00
0.000000000000000000e+00
0.000000000000000000e+00
0.000000000000000000e+00
0.000000000000000000e+00
0.000000000000000000e+00
0.000000000000000000e+00
0.000000000000000000e+00
0.000000000000000000e+00
0.000000000000000000e+00
0.000000000000000000e+00
0.000000000000000000e+00
0.000000000000000000e+00
0.000000000000000000e+00
0.000000000000000000e+00
0.000000000000000000e+00
0.000000000000000000e+00
0.000000000000000000e+00
0.000000000000000000e+00
0.000000000000000000e+00
0.000000000000000000e+00
0.000000000000000000e+00
0.000000000000000000e+00
0.000000000000000000e+00
7.000000000000000000e+00
1.100000000000000000e+01
2.000000000000000000e+01
2.000000000000000000e+01
2.200000000000000000e+01
3.300000000000000000e+01
3.700000000000000000e+01
4.300000000000000000e+01
4.300000000000000000e+01
4.900000000000000000e+01
6.000000000000000000e+01
7.000000000000000000e+01
7.500000000000000000e+01
7.500000000000000000e+01
8.400000000000000000e+01
9.300000000000000000e+01
1.040000000000000000e+02
1.040000000000000000e+02
1.090000000000000000e+02
1.170000000000000000e+02
1.280000000000000000e+02
1.320000000000000000e+02
1.320000000000000000e+02
1.390000000000000000e+02
1.450000000000000000e+02
1.530000000000000000e+02
1.530000000000000000e+02
1.620000000000000000e+02
1.700000000000000000e+02
1.780000000000000000e+02
1.840000000000000000e+02
1.840000000000000000e+02
1.910000000000000000e+02
1.980000000000000000e+02
2.010000000000000000e+02
2.010000000000000000e+02
2.100000000000000000e+02
2.100000000000000000e+02
2.100000000000000000e+02
2.100000000000000000e+02
2.100000000000000000e+02
2.100000000000000000e+02
2.100000000000000000e+02
2.100000000000000000e+02
2.100000000000000000e+02
2.100000000000000000e+02
2.100000000000000000e+02
2.100000000000000000e+02
2.100000000000000000e+02
2.100000000000000000e+02
2.100000000000000000e+02
2.100000000000000000e+02
2.100000000000000000e+02
2.100000000000000000e+02
2.100000000000000000e+02
2.100000000000000000e+02
2.100000000000000000e+02
2.100000000000000000e+02
2.100000000000000000e+02
2.100000000000000000e+02
2.100000000000000000e+02
2.100000000000000000e+02
2.100000000000000000e+02
2.100000000000000000e+02
2.100000000000000000e+02
2.090000000000000000e+02
2.060000000000000000e+02
2.060000000000000000e+02
2.060000000000000000e+02
2.040000000000000000e+02
2.010000000000000000e+02
2.000000000000000000e+02
2.000000000000000000e+02
1.980000000000000000e+02
1.950000000000000000e+02
1.940000000000000000e+02
1.890000000000000000e+02
1.880000000000000000e+02
1.860000000000000000e+02
1.830000000000000000e+02
1.780000000000000000e+02
1.750000000000000000e+02
1.700000000000000000e+02
1.640000000000000000e+02
1.620000000000000000e+02
1.580000000000000000e+02
1.550000000000000000e+02
1.490000000000000000e+02
1.410000000000000000e+02
1.370000000000000000e+02
1.340000000000000000e+02
1.270000000000000000e+02
1.210000000000000000e+02
1.190000000000000000e+02
1.180000000000000000e+02
1.120000000000000000e+02
1.070000000000000000e+02
1.040000000000000000e+02
9.900000000000000000e+01
9.500000000000000000e+01
