0.000000000000000000e+00
0.000000000000000000e+00
0.000000000000000000e+00
0.000000000000000000e+00
0.000000000000000000e+00
0.000000000000000000e+00
0.000000000000000000e+00
0.000000000000000000e+00
0.000000000000000000e+00
0.000000000000000000e+00
0.000000000000000000e+00
0.000000000000000000e+00
0.000000000000000000e+00
0.000000000000000000e+00
0.000000000000000000e+00
0.000000000000000000e+00
0.000000000000000000e+00
0.000000000000000000e+00
0.000000000000000000e+00
0.000000000000000000e+00
0.000000000000000000e+00
0.000000000000000000e+00
0.000000000000000000e+00
0.000000000000000000e+00
0.000000000000000000e+00
0.000000000000000000e+00
0.000000000000000000e+00
0.000000000000000000e+00
5.000000000000000000e+00
1.400000000000000000e+01
2.300000000000000000e+01
2.300000000000000000e+01
2.900000000000000000e+01
3.800000000000000000e+01
5.400000000000000000e+01
6.400000000000000000e+01
6.400000000000000000e+01
7.100000000000000000e+01
8.000000000000000000e+01
8.700000000000000000e+01
9.000000000000000000e+01
9.000000000000000000e+01
9.600000000000000000e+01
1.030000000000000000e+02
1.080000000000000000e+02
1.080000000000000000e+02
1.190000000000000000e+02
1.320000000000000000e+02
1.400000000000000000e+02
1.470000000000000000e+02
1.470000000000000000e+02
1.570000000000000000e+02
1.640000000000000000e+02
1.770000000000000000e+02
1.770000000000000000e+02
1.770000000000000000e+02
1.770000000000000000e+02
1.770000000000000000e+02
1.770000000000000000e+02
1.770000000000000000e+02
1.770000000000000000e+02
1.770000000000000000e+02
1.770000000000000000e+02
1.770000000000000000e+02
1.770000000000000000e+02
1.770000000000000000e+02
1.770000000000000000e+02
1.770000000000000000e+02
1.770000000000000000e+02
1.770000000000000000e+02
1.770000000000000000e+02
1.770000000000000000e+02
1.770000000000000000e+02
1.770000000000000000e+02
1.770000000000000000e+02
1.770000000000000000e+02
1.770000000000000000e+02
1.770000000000000000e+02
1.770000000000000000e+02
1.770000000000000000e+02
1.770000000000000000e+02
1.770000000000000000e+02
1.770000000000000000e+02
1.770000000000000000e+02
1.770000000000000000e+02
1.770000000000000000e+02
1.770000000000000000e+02
1.770000000000000000e+02
1.770000000000000000e+02
1.770000000000000000e+02
1.770000000000000000e+02
1.770000000000000000e+02
1.770000000000000000e+02
1.760000000000000000e+02
1.760000000000000000e+02
1.760000000000000000e+02
1.760000000000000000e+02
1.740000000000000000e+02
1.730000000000000000e+02
1.690000000000000000e+02
1.660000000000000000e+02
1.640000000000000000e+02
1.640000000000000000e+02
1.630000000000000000e+02
1.550000000000000000e+02
1.520000000000000000e+02
1.480000000000000000e+02
1.420000000000000000e+02
1.390000000000000000e+02
1.350000000000000000e+02
1.310000000000000000e+02
1.260000000000000000e+02
1.190000000000000000e+02
1.130000000000000000e+02
1.060000000000000000e+02
1.020000000000000000e+02
9.600000000000000000e+01
8.800000000000000000e+01
8.300000000000000000e+01
7.800000000000000000e+01
7.300000000000000000e+01
7.100000000000000000e+01
6.600000000000000000e+01
6.600000000000000000e+01
6.200000000000000000e+01
6.000000000000000000e+01
6.000000000000000000e+01
5.800000000000000000e+01
