0.000000000000000000e+00
0.000000000000000000e+00
0.000000000000000000e+00
0.000000000000000000e+00
0.000000000000000000e+00
0.000000000000000000e+00
0.000000000000000000e+00
0.000000000000000000e+00
0.000000000000000000e+00
0.000000000000000000e+00
0.000000000000000000e+00
0.000000000000000000e+00
0.000000000000000000e+00
0.000000000000000000e+00
0.000000000000000000e+00
0.000000000000000000e+00
0.000000000000000000e+00
0.000000000000000000e+00
0.000000000000000000e+00
0.000000000000000000e+00
0.000000000000000000e+00
0.000000000000000000e+00
0.000000000000000000e+00
0.000000000000000000e+00
0.000000000000000000e+00
0.000000000000000000e+00
0.000000000000000000e+00
0.000000000000000000e+00
0.000000000000000000e+00
0.000000000000000000e+00
0.000000000000000000e+00
0.000000000000000000e+00
0.000000000000000000e+00
0.000000000000000000e+00
0.000000000000000000e+00
0.000000000000000000e+00
0.000000000000000000e+00
1.000000000000000000e+00
4.000000000000000000e+00
9.000000000000000000e+00
1.200000000000000000e+01
1.200000000000000000e+01
1.500000000000000000e+01
2.100000000000000000e+01
2.700000000000000000e+01
2.700000000000000000e+01
3.300000000000000000e+01
4.400000000000000000e+01
5.000000000000000000e+01
5.900000000000000000e+01
5.900000000000000000e+01
6.700000000000000000e+01
7.300000000000000000e+01
8.500000000000000000e+01
8.500000000000000000e+01
9.200000000000000000e+01
1.010000000000000000e+02
1.090000000000000000e+02
1.150000000000000000e+02
1.150000000000000000e+02
1.160000000000000000e+02
1.220000000000000000e+02
1.320000000000000000e+02
1.320000000000000000e+02
1.440000000000000000e+02
1.440000000000000000e+02
1.440000000000000000e+02
1.440000000000000000e+02
1.440000000000000000e+02
1.440000000000000000e+02
1.440000000000000000e+02
1.440000000000000000e+02
1.440000000000000000e+02
1.440000000000000000e+02
1.440000000000000000e+02
1.440000000000000000e+02
1.440000000000000000e+02
1.440000000000000000e+02
1.440000000000000000e+02
1.440000000000000000e+02
1.440000000000000000e+02
1.440000000000000000e+02
1.440000000000000000e+02
1.440000000000000000e+02
1.440000000000000000e+02
1.440000000000000000e+02
1.440000000000000000e+02
1.440000000000000000e+02
1.440000000000000000e+02
1.440000000000000000e+02
1.440000000000000000e+02
1.440000000000000000e+02
1.440000000000000000e+02
1.440000000000000000e+02
1.440000000000000000e+02
1.440000000000000000e+02
1.440000000000000000e+02
1.440000000000000000e+02
1.440000000000000000e+02
1.440000000000000000e+02
1.440000000000000000e+02
1.440000000000000000e+02
1.440000000000000000e+02
1.430000000000000000e+02
1.420000000000000000e+02
1.410000000000000000e+02
1.390000000000000000e+02
1.380000000000000000e+02
1.380000000000000000e+02
1.360000000000000000e+02
1.360000000000000000e+02
1.350000000000000000e+02
1.320000000000000000e+02
1.320000000000000000e+02
1.290000000000000000e+02
1.270000000000000000e+02
1.260000000000000000e+02
1.210000000000000000e+02
1.170000000000000000e+02
1.140000000000000000e+02
1.100000000000000000e+02
1.090000000000000000e+02
1.040000000000000000e+02
9.900000000000000000e+01
9.700000000000000000e+01
9.300000000000000000e+01
9.200000000000000000e+01
8.500000000000000000e+01
