0.000000000000000000e+00
0.000000000000000000e+00
0.000000000000000000e+00
0.000000000000000000e+00
0.000000000000000000e+00
0.000000000000000000e+00
0.000000000000000000e+00
0.000000000000000000e+00
0.000000000000000000e+00
0.000000000000000000e+00
0.000000000000000000e+00
0.000000000000000000e+00
0.000000000000000000e+00
0.000000000000000000e+00
0.000000000000000000e+00
0.000000000000000000e+00
0.000000000000000000e+00
0.000000000000000000e+00
0.000000000000000000e+00
4.000000000000000000e+00
9.000000000000000000e+00
1.800000000000000000e+01
1.800000000000000000e+01
2.000000000000000000e+01
2.700000000000000000e+01
3.500000000000000000e+01
4.400000000000000000e+01
4.400000000000000000e+01
5.000000000000000000e+01
5.300000000000000000e+01
5.600000000000000000e+01
5.600000000000000000e+01
5.800000000000000000e+01
6.300000000000000000e+01
6.700000000000000000e+01
7.100000000000000000e+01
7.100000000000000000e+01
7.500000000000000000e+01
7.900000000000000000e+01
8.400000000000000000e+01
9.000000000000000000e+01
9.000000000000000000e+01
9.800000000000000000e+01
1.140000000000000000e+02
1.190000000000000000e+02
1.190000000000000000e+02
1.250000000000000000e+02
1.330000000000000000e+02
1.380000000000000000e+02
1.420000000000000000e+02
1.420000000000000000e+02
1.530000000000000000e+02
1.630000000000000000e+02
1.710000000000000000e+02
1.710000000000000000e+02
1.810000000000000000e+02
1.880000000000000000e+02
1.950000000000000000e+02
2.000000000000000000e+02
2.000000000000000000e+02
2.090000000000000000e+02
2.160000000000000000e+02
2.240000000000000000e+02
2.240000000000000000e+02
2.330000000000000000e+02
2.330000000000000000e+02
2.330000000000000000e+02
2.330000000000000000e+02
2.330000000000000000e+02
2.330000000000000000e+02
2.330000000000000000e+02
2.330000000000000000e+02
2.330000000000000000e+02
2.330000000000000000e+02
2.330000000000000000e+02
2.330000000000000000e+02
2.330000000000000000e+02
2.330000000000000000e+02
2.330000000000000000e+02
2.330000000000000000e+02
2.330000000000000000e+02
2.330000000000000000e+02
2.330000000000000000e+02
2.330000000000000000e+02
2.330000000000000000e+02
2.330000000000000000e+02
2.330000000000000000e+02
2.330000000000000000e+02
2.330000000000000000e+02
2.330000000000000000e+02
2.330000000000000000e+02
2.330000000000000000e+02
2.330000000000000000e+02
2.330000000000000000e+02
2.330000000000000000e+02
2.330000000000000000e+02
2.330000000000000000e+02
2.330000000000000000e+02
2.250000000000000000e+02
2.240000000000000000e+02
2.200000000000000000e+02
2.160000000000000000e+02
2.150000000000000000e+02
2.130000000000000000e+02
2.110000000000000000e+02
2.110000000000000000e+02
2.110000000000000000e+02
2.080000000000000000e+02
2.060000000000000000e+02
2.040000000000000000e+02
2.020000000000000000e+02
2.020000000000000000e+02
2.010000000000000000e+02
1.990000000000000000e+02
1.950000000000000000e+02
1.880000000000000000e+02
1.840000000000000000e+02
1.780000000000000000e+02
1.740000000000000000e+02
1.680000000000000000e+02
1.580000000000000000e+02
1.500000000000000000e+02
1.430000000000000000e+02
1.380000000000000000e+02
1.290000000000000000e+02
1.270000000000000000e+02
1.200000000000000000e+02
1.150000000000000000e+02
