0.000000000000000000e+00
0.000000000000000000e+00
0.000000000000000000e+00
0.000000000000000000e+00
0.000000000000000000e+00
0.000000000000000000e+00
0.000000000000000000e+00
0.000000000000000000e+00
0.000000000000000000e+00
0.000000000000000000e+00
0.000000000000000000e+00
0.000000000000000000e+00
0.000000000000000000e+00
0.000000000000000000e+00
0.000000000000000000e+00
0.000000000000000000e+00
0.000000000000000000e+00
0.000000000000000000e+00
0.000000000000000000e+00
0.000000000000000000e+00
0.000000000000000000e+00
0.000000000000000000e+00
0.000000000000000000e+00
0.000000000000000000e+00
0.000000000000000000e+00
0.000000000000000000e+00
0.000000000000000000e+00
0.000000000000000000e+00
0.000000000000000000e+00
0.000000000000000000e+00
0.000000000000000000e+00
0.000000000000000000e+00
0.000000000000000000e+00
0.000000000000000000e+00
0.000000000000000000e+00
0.000000000000000000e+00
0.000000000000000000e+00
0.000000000000000000e+00
0.000000000000000000e+00
0.000000000000000000e+00
0.000000000000000000e+00
0.000000000000000000e+00
0.000000000000000000e+00
0.000000000000000000e+00
0.000000000000000000e+00
0.000000000000000000e+00
0.000000000000000000e+00
8.000000000000000000e+00
1.200000000000000000e+01
1.800000000000000000e+01
1.800000000000000000e+01
2.100000000000000000e+01
2.700000000000000000e+01
3.500000000000000000e+01
3.500000000000000000e+01
4.400000000000000000e+01
5.200000000000000000e+01
6.100000000000000000e+01
7.100000000000000000e+01
7.100000000000000000e+01
8.100000000000000000e+01
9.000000000000000000e+01
1.010000000000000000e+02
1.010000000000000000e+02
1.090000000000000000e+02
1.090000000000000000e+02
1.090000000000000000e+02
1.090000000000000000e+02
1.090000000000000000e+02
1.090000000000000000e+02
1.090000000000000000e+02
1.090000000000000000e+02
1.090000000000000000e+02
1.090000000000000000e+02
1.090000000000000000e+02
1.090000000000000000e+02
1.090000000000000000e+02
1.090000000000000000e+02
1.090000000000000000e+02
1.090000000000000000e+02
1.090000000000000000e+02
1.090000000000000000e+02
1.090000000000000000e+02
1.090000000000000000e+02
1.090000000000000000e+02
1.090000000000000000e+02
1.090000000000000000e+02
1.090000000000000000e+02
1.090000000000000000e+02
1.090000000000000000e+02
1.090000000000000000e+02
1.090000000000000000e+02
1.090000000000000000e+02
1.090000000000000000e+02
1.090000000000000000e+02
1.090000000000000000e+02
1.090000000000000000e+02
1.090000000000000000e+02
1.090000000000000000e+02
1.090000000000000000e+02
1.090000000000000000e+02
1.090000000000000000e+02
1.090000000000000000e+02
1.090000000000000000e+02
1.090000000000000000e+02
1.090000000000000000e+02
1.090000000000000000e+02
1.090000000000000000e+02
1.090000000000000000e+02
1.090000000000000000e+02
1.090000000000000000e+02
1.090000000000000000e+02
1.090000000000000000e+02
1.080000000000000000e+02
1.080000000000000000e+02
1.080000000000000000e+02
1.070000000000000000e+02
1.040000000000000000e+02
1.030000000000000000e+02
1.030000000000000000e+02
1.010000000000000000e+02
9.800000000000000000e+01
9.600000000000000000e+01
9.400000000000000000e+01
9.200000000000000000e+01
8.900000000000000000e+01
8.500000000000000000e+01
7.900000000000000000e+01
