0.000000000000000000e+00
0.000000000000000000e+00
0.000000000000000000e+00
0.000000000000000000e+00
0.000000000000000000e+00
0.000000000000000000e+00
0.000000000000000000e+00
0.000000000000000000e+00
0.000000000000000000e+00
0.000000000000000000e+00
0.000000000000000000e+00
0.000000000000000000e+00
0.000000000000000000e+00
0.000000000000000000e+00
0.000000000000000000e+00
0.000000000000000000e+00
0.000000000000000000e+00
0.000000000000000000e+00
0.000000000000000000e+00
0.000000000000000000e+00
0.000000000000000000e+00
0.000000000000000000e+00
0.000000000000000000e+00
0.000000000000000000e+00
0.000000000000000000e+00
0.000000000000000000e+00
0.000000000000000000e+00
0.000000000000000000e+00
0.000000000000000000e+00
0.000000000000000000e+00
3.000000000000000000e+00
3.000000000000000000e+00
1.300000000000000000e+01
1.800000000000000000e+01
2.400000000000000000e+01
3.400000000000000000e+01
3.400000000000000000e+01
3.800000000000000000e+01
4.600000000000000000e+01
5.200000000000000000e+01
6.000000000000000000e+01
6.000000000000000000e+01
6.500000000000000000e+01
7.800000000000000000e+01
8.900000000000000000e+01
8.900000000000000000e+01
1.010000000000000000e+02
1.070000000000000000e+02
1.150000000000000000e+02
1.230000000000000000e+02
1.230000000000000000e+02
1.320000000000000000e+02
1.410000000000000000e+02
1.480000000000000000e+02
1.480000000000000000e+02
1.480000000000000000e+02
1.480000000000000000e+02
1.480000000000000000e+02
1.480000000000000000e+02
1.480000000000000000e+02
1.480000000000000000e+02
1.480000000000000000e+02
1.480000000000000000e+02
1.480000000000000000e+02
1.480000000000000000e+02
1.480000000000000000e+02
1.480000000000000000e+02
1.480000000000000000e+02
1.480000000000000000e+02
1.480000000000000000e+02
1.480000000000000000e+02
1.480000000000000000e+02
1.480000000000000000e+02
1.480000000000000000e+02
1.480000000000000000e+02
1.480000000000000000e+02
1.480000000000000000e+02
1.480000000000000000e+02
1.480000000000000000e+02
1.480000000000000000e+02
1.480000000000000000e+02
1.480000000000000000e+02
1.480000000000000000e+02
1.480000000000000000e+02
1.480000000000000000e+02
1.480000000000000000e+02
1.480000000000000000e+02
1.480000000000000000e+02
1.480000000000000000e+02
1.480000000000000000e+02
1.480000000000000000e+02
1.480000000000000000e+02
1.480000000000000000e+02
1.480000000000000000e+02
1.480000000000000000e+02
1.480000000000000000e+02
1.480000000000000000e+02
1.470000000000000000e+02
1.460000000000000000e+02
1.460000000000000000e+02
1.460000000000000000e+02
1.460000000000000000e+02
1.440000000000000000e+02
1.420000000000000000e+02
1.420000000000000000e+02
1.390000000000000000e+02
1.370000000000000000e+02
1.360000000000000000e+02
1.330000000000000000e+02
1.320000000000000000e+02
1.280000000000000000e+02
1.260000000000000000e+02
1.250000000000000000e+02
1.220000000000000000e+02
1.190000000000000000e+02
1.170000000000000000e+02
1.100000000000000000e+02
1.050000000000000000e+02
1.020000000000000000e+02
9.900000000000000000e+01
9.200000000000000000e+01
8.500000000000000000e+01
7.800000000000000000e+01
7.700000000000000000e+01
7.400000000000000000e+01
7.200000000000000000e+01
6.800000000000000000e+01
6.400000000000000000e+01
