0.000000000000000000e+00
0.000000000000000000e+00
0.000000000000000000e+00
0.000000000000000000e+00
0.000000000000000000e+00
0.000000000000000000e+00
0.000000000000000000e+00
0.000000000000000000e+00
0.000000000000000000e+00
0.000000000000000000e+00
0.000000000000000000e+00
0.000000000000000000e+00
0.000000000000000000e+00
0.000000000000000000e+00
0.000000000000000000e+00
0.000000000000000000e+00
0.000000000000000000e+00
0.000000000000000000e+00
0.000000000000000000e+00
0.000000000000000000e+00
0.000000000000000000e+00
0.000000000000000000e+00
0.000000000000000000e+00
0.000000000000000000e+00
0.000000000000000000e+00
0.000000000000000000e+00
0.000000000000000000e+00
0.000000000000000000e+00
0.000000000000000000e+00
0.000000000000000000e+00
0.000000000000000000e+00
0.000000000000000000e+00
0.000000000000000000e+00
6.000000000000000000e+00
1.300000000000000000e+01
2.300000000000000000e+01
2.300000000000000000e+01
3.000000000000000000e+01
3.600000000000000000e+01
4.400000000000000000e+01
5.300000000000000000e+01
5.300000000000000000e+01
5.800000000000000000e+01
6.800000000000000000e+01
7.900000000000000000e+01
7.900000000000000000e+01
8.500000000000000000e+01
9.500000000000000000e+01
1.050000000000000000e+02
1.080000000000000000e+02
1.080000000000000000e+02
1.150000000000000000e+02
1.240000000000000000e+02
1.310000000000000000e+02
1.310000000000000000e+02
1.370000000000000000e+02
1.410000000000000000e+02
1.470000000000000000e+02
1.500000000000000000e+02
1.500000000000000000e+02
1.570000000000000000e+02
1.670000000000000000e+02
1.750000000000000000e+02
1.750000000000000000e+02
1.840000000000000000e+02
1.840000000000000000e+02
1.840000000000000000e+02
1.840000000000000000e+02
1.840000000000000000e+02
1.840000000000000000e+02
1.840000000000000000e+02
1.840000000000000000e+02
1.840000000000000000e+02
1.840000000000000000e+02
1.840000000000000000e+02
1.840000000000000000e+02
1.840000000000000000e+02
1.840000000000000000e+02
1.840000000000000000e+02
1.840000000000000000e+02
1.840000000000000000e+02
1.840000000000000000e+02
1.840000000000000000e+02
1.840000000000000000e+02
1.840000000000000000e+02
1.840000000000000000e+02
1.840000000000000000e+02
1.840000000000000000e+02
1.840000000000000000e+02
1.840000000000000000e+02
1.840000000000000000e+02
1.840000000000000000e+02
1.840000000000000000e+02
1.840000000000000000e+02
1.840000000000000000e+02
1.840000000000000000e+02
1.840000000000000000e+02
1.830000000000000000e+02
1.830000000000000000e+02
1.820000000000000000e+02
1.820000000000000000e+02
1.810000000000000000e+02
1.780000000000000000e+02
1.750000000000000000e+02
1.750000000000000000e+02
1.730000000000000000e+02
1.690000000000000000e+02
1.670000000000000000e+02
1.610000000000000000e+02
1.580000000000000000e+02
1.570000000000000000e+02
1.540000000000000000e+02
1.510000000000000000e+02
1.450000000000000000e+02
1.430000000000000000e+02
1.410000000000000000e+02
1.390000000000000000e+02
1.380000000000000000e+02
1.370000000000000000e+02
1.350000000000000000e+02
1.310000000000000000e+02
1.260000000000000000e+02
1.220000000000000000e+02
1.180000000000000000e+02
1.170000000000000000e+02
1.120000000000000000e+02
1.100000000000000000e+02
1.070000000000000000e+02
