0.000000000000000000e+00
0.000000000000000000e+00
0.000000000000000000e+00
0.000000000000000000e+00
0.000000000000000000e+00
0.000000000000000000e+00
0.000000000000000000e+00
0.000000000000000000e+00
0.000000000000000000e+00
0.000000000000000000e+00
0.000000000000000000e+00
0.000000000000000000e+00
0.000000000000000000e+00
0.000000000000000000e+00
0.000000000000000000e+00
0.000000000000000000e+00
0.000000000000000000e+00
0.000000000000000000e+00
0.000000000000000000e+00
0.000000000000000000e+00
0.000000000000000000e+00
0.000000000000000000e+00
0.000000000000000000e+00
0.000000000000000000e+00
0.000000000000000000e+00
0.000000000000000000e+00
0.000000000000000000e+00
0.000000000000000000e+00
0.000000000000000000e+00
0.000000000000000000e+00
0.000000000000000000e+00
0.000000000000000000e+00
0.000000000000000000e+00
0.000000000000000000e+00
0.000000000000000000e+00
0.000000000000000000e+00
0.000000000000000000e+00
0.000000000000000000e+00
0.000000000000000000e+00
8.000000000000000000e+00
1.400000000000000000e+01
1.400000000000000000e+01
2.000000000000000000e+01
2.700000000000000000e+01
3.800000000000000000e+01
3.800000000000000000e+01
4.300000000000000000e+01
5.100000000000000000e+01
5.900000000000000000e+01
6.800000000000000000e+01
6.800000000000000000e+01
7.900000000000000000e+01
8.600000000000000000e+01
8.900000000000000000e+01
8.900000000000000000e+01
9.700000000000000000e+01
1.110000000000000000e+02
1.200000000000000000e+02
1.240000000000000000e+02
1.240000000000000000e+02
1.290000000000000000e+02
1.380000000000000000e+02
1.410000000000000000e+02
1.410000000000000000e+02
1.430000000000000000e+02
1.430000000000000000e+02
1.430000000000000000e+02
1.430000000000000000e+02
1.430000000000000000e+02
1.430000000000000000e+02
1.430000000000000000e+02
1.430000000000000000e+02
1.430000000000000000e+02
1.430000000000000000e+02
1.430000000000000000e+02
1.430000000000000000e+02
1.430000000000000000e+02
1.430000000000000000e+02
1.430000000000000000e+02
1.430000000000000000e+02
1.430000000000000000e+02
1.430000000000000000e+02
1.430000000000000000e+02
1.430000000000000000e+02
1.430000000000000000e+02
1.430000000000000000e+02
1.430000000000000000e+02
1.430000000000000000e+02
1.430000000000000000e+02
1.430000000000000000e+02
1.430000000000000000e+02
1.430000000000000000e+02
1.430000000000000000e+02
1.430000000000000000e+02
1.430000000000000000e+02
1.430000000000000000e+02
1.430000000000000000e+02
1.430000000000000000e+02
1.430000000000000000e+02
1.430000000000000000e+02
1.430000000000000000e+02
1.430000000000000000e+02
1.430000000000000000e+02
1.430000000000000000e+02
1.430000000000000000e+02
1.430000000000000000e+02
1.430000000000000000e+02
1.420000000000000000e+02
1.410000000000000000e+02
1.390000000000000000e+02
1.380000000000000000e+02
1.370000000000000000e+02
1.330000000000000000e+02
1.290000000000000000e+02
1.230000000000000000e+02
1.190000000000000000e+02
1.140000000000000000e+02
1.120000000000000000e+02
1.110000000000000000e+02
1.070000000000000000e+02
1.010000000000000000e+02
1.000000000000000000e+02
9.400000000000000000e+01
9.100000000000000000e+01
9.100000000000000000e+01
8.800000000000000000e+01
8.500000000000000000e+01
8.300000000000000000e+01
