0.000000000000000000e+00
0.000000000000000000e+00
0.000000000000000000e+00
0.000000000000000000e+00
0.000000000000000000e+00
0.000000000000000000e+00
0.000000000000000000e+00
0.000000000000000000e+00
0.000000000000000000e+00
0.000000000000000000e+00
0.000000000000000000e+00
0.000000000000000000e+00
0.000000000000000000e+00
0.000000000000000000e+00
0.000000000000000000e+00
0.000000000000000000e+00
0.000000000000000000e+00
0.000000000000000000e+00
0.000000000000000000e+00
0.000000000000000000e+00
0.000000000000000000e+00
0.000000000000000000e+00
0.000000000000000000e+00
0.000000000000000000e+00
0.000000000000000000e+00
0.000000000000000000e+00
0.000000000000000000e+00
0.000000000000000000e+00
0.000000000000000000e+00
0.000000000000000000e+00
0.000000000000000000e+00
0.000000000000000000e+00
0.000000000000000000e+00
0.000000000000000000e+00
0.000000000000000000e+00
0.000000000000000000e+00
0.000000000000000000e+00
0.000000000000000000e+00
0.000000000000000000e+00
0.000000000000000000e+00
0.000000000000000000e+00
0.000000000000000000e+00
0.000000000000000000e+00
0.000000000000000000e+00
0.000000000000000000e+00
0.000000000000000000e+00
0.000000000000000000e+00
1.400000000000000000e+01
2.700000000000000000e+01
3.300000000000000000e+01
3.300000000000000000e+01
4.600000000000000000e+01
5.300000000000000000e+01
6.100000000000000000e+01
6.100000000000000000e+01
6.900000000000000000e+01
7.400000000000000000e+01
8.000000000000000000e+01
8.400000000000000000e+01
8.400000000000000000e+01
9.300000000000000000e+01
1.000000000000000000e+02
1.050000000000000000e+02
1.050000000000000000e+02
1.120000000000000000e+02
1.120000000000000000e+02
1.120000000000000000e+02
1.120000000000000000e+02
1.120000000000000000e+02
1.120000000000000000e+02
1.120000000000000000e+02
1.120000000000000000e+02
1.120000000000000000e+02
1.120000000000000000e+02
1.120000000000000000e+02
1.120000000000000000e+02
1.120000000000000000e+02
1.120000000000000000e+02
1.120000000000000000e+02
1.120000000000000000e+02
1.120000000000000000e+02
1.120000000000000000e+02
1.120000000000000000e+02
1.120000000000000000e+02
1.120000000000000000e+02
1.120000000000000000e+02
1.120000000000000000e+02
1.120000000000000000e+02
1.120000000000000000e+02
1.120000000000000000e+02
1.120000000000000000e+02
1.120000000000000000e+02
1.120000000000000000e+02
1.120000000000000000e+02
1.120000000000000000e+02
1.120000000000000000e+02
1.120000000000000000e+02
1.120000000000000000e+02
1.120000000000000000e+02
1.120000000000000000e+02
1.120000000000000000e+02
1.120000000000000000e+02
1.120000000000000000e+02
1.120000000000000000e+02
1.120000000000000000e+02
1.120000000000000000e+02
1.120000000000000000e+02
1.120000000000000000e+02
1.120000000000000000e+02
1.120000000000000000e+02
1.120000000000000000e+02
1.110000000000000000e+02
1.110000000000000000e+02
1.110000000000000000e+02
1.110000000000000000e+02
1.080000000000000000e+02
1.070000000000000000e+02
1.060000000000000000e+02
1.060000000000000000e+02
1.030000000000000000e+02
1.000000000000000000e+02
9.700000000000000000e+01
9.600000000000000000e+01
9.300000000000000000e+01
9.100000000000000000e+01
8.400000000000000000e+01
7.800000000000000000e+01
7.400000000000000000e+01
