0.000000000000000000e+00
0.000000000000000000e+00
0.000000000000000000e+00
0.000000000000000000e+00
0.000000000000000000e+00
0.000000000000000000e+00
0.000000000000000000e+00
0.000000000000000000e+00
0.000000000000000000e+00
0.000000000000000000e+00
0.000000000000000000e+00
0.000000000000000000e+00
0.000000000000000000e+00
0.000000000000000000e+00
0.000000000000000000e+00
0.000000000000000000e+00
0.000000000000000000e+00
0.000000000000000000e+00
0.000000000000000000e+00
0.000000000000000000e+00
0.000000000000000000e+00
0.000000000000000000e+00
0.000000000000000000e+00
0.000000000000000000e+00
0.000000000000000000e+00
0.000000000000000000e+00
0.000000000000000000e+00
0.000000000000000000e+00
0.000000000000000000e+00
0.000000000000000000e+00
5.000000000000000000e+00
5.000000000000000000e+00
6.000000000000000000e+00
1.600000000000000000e+01
2.000000000000000000e+01
2.700000000000000000e+01
2.700000000000000000e+01
3.300000000000000000e+01
4.000000000000000000e+01
4.500000000000000000e+01
5.300000000000000000e+01
5.300000000000000000e+01
5.700000000000000000e+01
6.500000000000000000e+01
7.300000000000000000e+01
7.300000000000000000e+01
8.200000000000000000e+01
8.900000000000000000e+01
1.000000000000000000e+02
1.020000000000000000e+02
1.020000000000000000e+02
1.070000000000000000e+02
1.130000000000000000e+02
1.180000000000000000e+02
1.180000000000000000e+02
1.230000000000000000e+02
1.330000000000000000e+02
1.390000000000000000e+02
1.470000000000000000e+02
1.470000000000000000e+02
1.540000000000000000e+02
1.650000000000000000e+02
1.700000000000000000e+02
1.700000000000000000e+02
1.760000000000000000e+02
1.760000000000000000e+02
1.760000000000000000e+02
1.760000000000000000e+02
1.760000000000000000e+02
1.760000000000000000e+02
1.760000000000000000e+02
1.760000000000000000e+02
1.760000000000000000e+02
1.760000000000000000e+02
1.760000000000000000e+02
1.760000000000000000e+02
1.760000000000000000e+02
1.760000000000000000e+02
1.760000000000000000e+02
1.760000000000000000e+02
1.760000000000000000e+02
1.760000000000000000e+02
1.760000000000000000e+02
1.760000000000000000e+02
1.760000000000000000e+02
1.760000000000000000e+02
1.760000000000000000e+02
1.760000000000000000e+02
1.760000000000000000e+02
1.760000000000000000e+02
1.760000000000000000e+02
1.760000000000000000e+02
1.760000000000000000e+02
1.760000000000000000e+02
1.760000000000000000e+02
1.760000000000000000e+02
1.760000000000000000e+02
1.760000000000000000e+02
1.750000000000000000e+02
1.750000000000000000e+02
1.750000000000000000e+02
1.720000000000000000e+02
1.720000000000000000e+02
1.680000000000000000e+02
1.670000000000000000e+02
1.620000000000000000e+02
1.580000000000000000e+02
1.570000000000000000e+02
1.570000000000000000e+02
1.550000000000000000e+02
1.520000000000000000e+02
1.500000000000000000e+02
1.440000000000000000e+02
1.410000000000000000e+02
1.370000000000000000e+02
1.340000000000000000e+02
1.320000000000000000e+02
1.290000000000000000e+02
1.260000000000000000e+02
1.260000000000000000e+02
1.240000000000000000e+02
1.200000000000000000e+02
1.190000000000000000e+02
1.130000000000000000e+02
1.130000000000000000e+02
1.100000000000000000e+02
1.060000000000000000e+02
1.030000000000000000e+02
