0.000000000000000000e+00
0.000000000000000000e+00
0.000000000000000000e+00
0.000000000000000000e+00
0.000000000000000000e+00
0.000000000000000000e+00
0.000000000000000000e+00
0.000000000000000000e+00
0.000000000000000000e+00
0.000000000000000000e+00
0.000000000000000000e+00
0.000000000000000000e+00
0.000000000000000000e+00
0.000000000000000000e+00
0.000000000000000000e+00
0.000000000000000000e+00
0.000000000000000000e+00
0.000000000000000000e+00
0.000000000000000000e+00
0.000000000000000000e+00
0.000000000000000000e+00
0.000000000000000000e+00
0.000000000000000000e+00
0.000000000000000000e+00
0.000000000000000000e+00
0.000000000000000000e+00
0.000000000000000000e+00
0.000000000000000000e+00
0.000000000000000000e+00
0.000000000000000000e+00
0.000000000000000000e+00
0.000000000000000000e+00
0.000000000000000000e+00
9.000000000000000000e+00
1.600000000000000000e+01
2.300000000000000000e+01
2.300000000000000000e+01
3.300000000000000000e+01
4.300000000000000000e+01
5.200000000000000000e+01
5.800000000000000000e+01
5.800000000000000000e+01
6.400000000000000000e+01
7.000000000000000000e+01
8.000000000000000000e+01
8.000000000000000000e+01
9.300000000000000000e+01
9.800000000000000000e+01
1.040000000000000000e+02
1.140000000000000000e+02
1.140000000000000000e+02
1.230000000000000000e+02
1.330000000000000000e+02
1.420000000000000000e+02
1.420000000000000000e+02
1.480000000000000000e+02
1.500000000000000000e+02
1.550000000000000000e+02
1.680000000000000000e+02
1.680000000000000000e+02
1.730000000000000000e+02
1.780000000000000000e+02
1.870000000000000000e+02
1.870000000000000000e+02
1.940000000000000000e+02
1.940000000000000000e+02
1.940000000000000000e+02
1.940000000000000000e+02
1.940000000000000000e+02
1.940000000000000000e+02
1.940000000000000000e+02
1.940000000000000000e+02
1.940000000000000000e+02
1.940000000000000000e+02
1.940000000000000000e+02
1.940000000000000000e+02
1.940000000000000000e+02
1.940000000000000000e+02
1.940000000000000000e+02
1.940000000000000000e+02
1.940000000000000000e+02
1.940000000000000000e+02
1.940000000000000000e+02
1.940000000000000000e+02
1.940000000000000000e+02
1.940000000000000000e+02
1.940000000000000000e+02
1.940000000000000000e+02
1.940000000000000000e+02
1.940000000000000000e+02
1.940000000000000000e+02
1.940000000000000000e+02
1.940000000000000000e+02
1.940000000000000000e+02
1.940000000000000000e+02
1.940000000000000000e+02
1.940000000000000000e+02
1.910000000000000000e+02
1.890000000000000000e+02
1.880000000000000000e+02
1.860000000000000000e+02
1.860000000000000000e+02
1.840000000000000000e+02
1.820000000000000000e+02
1.770000000000000000e+02
1.740000000000000000e+02
1.720000000000000000e+02
1.700000000000000000e+02
1.700000000000000000e+02
1.670000000000000000e+02
1.640000000000000000e+02
1.600000000000000000e+02
1.540000000000000000e+02
1.520000000000000000e+02
1.480000000000000000e+02
1.460000000000000000e+02
1.420000000000000000e+02
1.380000000000000000e+02
1.340000000000000000e+02
1.300000000000000000e+02
1.250000000000000000e+02
1.200000000000000000e+02
1.170000000000000000e+02
1.090000000000000000e+02
1.020000000000000000e+02
9.600000000000000000e+01
9.100000000000000000e+01
8.700000000000000000e+01
