0.000000000000000000e+00
0.000000000000000000e+00
0.000000000000000000e+00
0.000000000000000000e+00
0.000000000000000000e+00
0.000000000000000000e+00
0.000000000000000000e+00
0.000000000000000000e+00
0.000000000000000000e+00
0.000000000000000000e+00
0.000000000000000000e+00
0.000000000000000000e+00
0.000000000000000000e+00
0.000000000000000000e+00
0.000000000000000000e+00
0.000000000000000000e+00
0.000000000000000000e+00
0.000000000000000000e+00
0.000000000000000000e+00
0.000000000000000000e+00
0.000000000000000000e+00
0.000000000000000000e+00
0.000000000000000000e+00
0.000000000000000000e+00
0.000000000000000000e+00
0.000000000000000000e+00
0.000000000000000000e+00
0.000000000000000000e+00
0.000000000000000000e+00
0.000000000000000000e+00
0.000000000000000000e+00
0.000000000000000000e+00
0.000000000000000000e+00
0.000000000000000000e+00
0.000000000000000000e+00
0.000000000000000000e+00
0.000000000000000000e+00
7.000000000000000000e+00
1.200000000000000000e+01
1.500000000000000000e+01
2.300000000000000000e+01
2.300000000000000000e+01
3.000000000000000000e+01
3.800000000000000000e+01
4.400000000000000000e+01
4.400000000000000000e+01
5.000000000000000000e+01
5.700000000000000000e+01
6.600000000000000000e+01
7.600000000000000000e+01
7.600000000000000000e+01
8.700000000000000000e+01
9.500000000000000000e+01
1.000000000000000000e+02
1.000000000000000000e+02
1.060000000000000000e+02
1.170000000000000000e+02
1.250000000000000000e+02
1.320000000000000000e+02
1.320000000000000000e+02
1.370000000000000000e+02
1.440000000000000000e+02
1.510000000000000000e+02
1.510000000000000000e+02
1.570000000000000000e+02
1.570000000000000000e+02
1.570000000000000000e+02
1.570000000000000000e+02
1.570000000000000000e+02
1.570000000000000000e+02
1.570000000000000000e+02
1.570000000000000000e+02
1.570000000000000000e+02
1.570000000000000000e+02
1.570000000000000000e+02
1.570000000000000000e+02
1.570000000000000000e+02
1.570000000000000000e+02
1.570000000000000000e+02
1.570000000000000000e+02
1.570000000000000000e+02
1.570000000000000000e+02
1.570000000000000000e+02
1.570000000000000000e+02
1.570000000000000000e+02
1.570000000000000000e+02
1.570000000000000000e+02
1.570000000000000000e+02
1.570000000000000000e+02
1.570000000000000000e+02
1.570000000000000000e+02
1.570000000000000000e+02
1.570000000000000000e+02
1.570000000000000000e+02
1.570000000000000000e+02
1.570000000000000000e+02
1.570000000000000000e+02
1.570000000000000000e+02
1.570000000000000000e+02
1.570000000000000000e+02
1.570000000000000000e+02
1.570000000000000000e+02
1.570000000000000000e+02
1.570000000000000000e+02
1.560000000000000000e+02
1.550000000000000000e+02
1.540000000000000000e+02
1.490000000000000000e+02
1.470000000000000000e+02
1.460000000000000000e+02
1.440000000000000000e+02
1.410000000000000000e+02
1.370000000000000000e+02
1.320000000000000000e+02
1.270000000000000000e+02
1.240000000000000000e+02
1.200000000000000000e+02
1.150000000000000000e+02
1.120000000000000000e+02
1.100000000000000000e+02
1.060000000000000000e+02
1.040000000000000000e+02
1.010000000000000000e+02
9.900000000000000000e+01
9.700000000000000000e+01
9.300000000000000000e+01
9.100000000000000000e+01
8.400000000000000000e+01
