0.000000000000000000e+00
0.000000000000000000e+00
0.000000000000000000e+00
0.000000000000000000e+00
0.000000000000000000e+00
0.000000000000000000e+00
0.000000000000000000e+00
0.000000000000000000e+00
0.000000000000000000e+00
0.000000000000000000e+00
0.000000000000000000e+00
0.000000000000000000e+00
0.000000000000000000e+00
0.000000000000000000e+00
0.000000000000000000e+00
0.000000000000000000e+00
0.000000000000000000e+00
0.000000000000000000e+00
0.000000000000000000e+00
0.000000000000000000e+00
0.000000000000000000e+00
0.000000000000000000e+00
0.000000000000000000e+00
0.000000000000000000e+00
0.000000000000000000e+00
0.000000000000000000e+00
0.000000000000000000e+00
0.000000000000000000e+00
0.000000000000000000e+00
0.000000000000000000e+00
0.000000000000000000e+00
0.000000000000000000e+00
0.000000000000000000e+00
0.000000000000000000e+00
0.000000000000000000e+00
0.000000000000000000e+00
0.000000000000000000e+00
0.000000000000000000e+00
7.000000000000000000e+00
1.400000000000000000e+01
2.300000000000000000e+01
2.300000000000000000e+01
2.900000000000000000e+01
3.400000000000000000e+01
4.400000000000000000e+01
4.400000000000000000e+01
5.100000000000000000e+01
5.700000000000000000e+01
6.700000000000000000e+01
7.600000000000000000e+01
7.600000000000000000e+01
8.200000000000000000e+01
9.300000000000000000e+01
1.010000000000000000e+02
1.010000000000000000e+02
1.060000000000000000e+02
1.160000000000000000e+02
1.220000000000000000e+02
1.320000000000000000e+02
1.320000000000000000e+02
1.400000000000000000e+02
1.520000000000000000e+02
1.560000000000000000e+02
1.560000000000000000e+02
1.600000000000000000e+02
1.600000000000000000e+02
1.600000000000000000e+02
1.600000000000000000e+02
1.600000000000000000e+02
1.600000000000000000e+02
1.600000000000000000e+02
1.600000000000000000e+02
1.600000000000000000e+02
1.600000000000000000e+02
1.600000000000000000e+02
1.600000000000000000e+02
1.600000000000000000e+02
1.600000000000000000e+02
1.600000000000000000e+02
1.600000000000000000e+02
1.600000000000000000e+02
1.600000000000000000e+02
1.600000000000000000e+02
1.600000000000000000e+02
1.600000000000000000e+02
1.600000000000000000e+02
1.600000000000000000e+02
1.600000000000000000e+02
1.600000000000000000e+02
1.600000000000000000e+02
1.600000000000000000e+02
1.600000000000000000e+02
1.600000000000000000e+02
1.600000000000000000e+02
1.600000000000000000e+02
1.600000000000000000e+02
1.600000000000000000e+02
1.600000000000000000e+02
1.600000000000000000e+02
1.600000000000000000e+02
1.600000000000000000e+02
1.600000000000000000e+02
1.600000000000000000e+02
1.590000000000000000e+02
1.580000000000000000e+02
1.570000000000000000e+02
1.560000000000000000e+02
1.540000000000000000e+02
1.520000000000000000e+02
1.510000000000000000e+02
1.460000000000000000e+02
1.450000000000000000e+02
1.430000000000000000e+02
1.420000000000000000e+02
1.400000000000000000e+02
1.370000000000000000e+02
1.320000000000000000e+02
1.300000000000000000e+02
1.270000000000000000e+02
1.240000000000000000e+02
1.190000000000000000e+02
1.160000000000000000e+02
1.140000000000000000e+02
1.080000000000000000e+02
1.020000000000000000e+02
9.500000000000000000e+01
9.200000000000000000e+01
8.900000000000000000e+01
