0.000000000000000000e+00
0.000000000000000000e+00
0.000000000000000000e+00
0.000000000000000000e+00
0.000000000000000000e+00
0.000000000000000000e+00
0.000000000000000000e+00
0.000000000000000000e+00
0.000000000000000000e+00
0.000000000000000000e+00
0.000000000000000000e+00
0.000000000000000000e+00
0.000000000000000000e+00
0.000000000000000000e+00
0.000000000000000000e+00
0.000000000000000000e+00
0.000000000000000000e+00
0.000000000000000000e+00
0.000000000000000000e+00
0.000000000000000000e+00
0.000000000000000000e+00
0.000000000000000000e+00
0.000000000000000000e+00
0.000000000000000000e+00
0.000000000000000000e+00
0.000000000000000000e+00
0.000000000000000000e+00
0.000000000000000000e+00
0.000000000000000000e+00
0.000000000000000000e+00
0.000000000000000000e+00
0.000000000000000000e+00
0.000000000000000000e+00
0.000000000000000000e+00
0.000000000000000000e+00
0.000000000000000000e+00
0.000000000000000000e+00
0.000000000000000000e+00
0.000000000000000000e+00
0.000000000000000000e+00
0.000000000000000000e+00
0.000000000000000000e+00
2.000000000000000000e+00
1.100000000000000000e+01
1.800000000000000000e+01
1.800000000000000000e+01
2.700000000000000000e+01
3.600000000000000000e+01
4.200000000000000000e+01
4.700000000000000000e+01
4.700000000000000000e+01
5.400000000000000000e+01
5.900000000000000000e+01
6.400000000000000000e+01
6.400000000000000000e+01
7.700000000000000000e+01
8.500000000000000000e+01
9.000000000000000000e+01
9.500000000000000000e+01
9.500000000000000000e+01
1.010000000000000000e+02
1.090000000000000000e+02
1.180000000000000000e+02
1.180000000000000000e+02
1.210000000000000000e+02
1.210000000000000000e+02
1.210000000000000000e+02
1.210000000000000000e+02
1.210000000000000000e+02
1.210000000000000000e+02
1.210000000000000000e+02
1.210000000000000000e+02
1.210000000000000000e+02
1.210000000000000000e+02
1.210000000000000000e+02
1.210000000000000000e+02
1.210000000000000000e+02
1.210000000000000000e+02
1.210000000000000000e+02
1.210000000000000000e+02
1.210000000000000000e+02
1.210000000000000000e+02
1.210000000000000000e+02
1.210000000000000000e+02
1.210000000000000000e+02
1.210000000000000000e+02
1.210000000000000000e+02
1.210000000000000000e+02
1.210000000000000000e+02
1.210000000000000000e+02
1.210000000000000000e+02
1.210000000000000000e+02
1.210000000000000000e+02
1.210000000000000000e+02
1.210000000000000000e+02
1.210000000000000000e+02
1.210000000000000000e+02
1.210000000000000000e+02
1.210000000000000000e+02
1.210000000000000000e+02
1.210000000000000000e+02
1.210000000000000000e+02
1.210000000000000000e+02
1.210000000000000000e+02
1.210000000000000000e+02
1.210000000000000000e+02
1.210000000000000000e+02
1.210000000000000000e+02
1.210000000000000000e+02
1.210000000000000000e+02
1.190000000000000000e+02
1.190000000000000000e+02
1.190000000000000000e+02
1.170000000000000000e+02
1.140000000000000000e+02
1.120000000000000000e+02
1.100000000000000000e+02
1.090000000000000000e+02
1.070000000000000000e+02
1.040000000000000000e+02
1.020000000000000000e+02
1.000000000000000000e+02
9.300000000000000000e+01
9.100000000000000000e+01
8.600000000000000000e+01
8.400000000000000000e+01
8.300000000000000000e+01
8.000000000000000000e+01
