0.000000000000000000e+00
0.000000000000000000e+00
0.000000000000000000e+00
0.000000000000000000e+00
0.000000000000000000e+00
0.000000000000000000e+00
0.000000000000000000e+00
0.000000000000000000e+00
0.000000000000000000e+00
0.000000000000000000e+00
0.000000000000000000e+00
0.000000000000000000e+00
0.000000000000000000e+00
0.000000000000000000e+00
0.000000000000000000e+00
0.000000000000000000e+00
0.000000000000000000e+00
0.000000000000000000e+00
0.000000000000000000e+00
0.000000000000000000e+00
0.000000000000000000e+00
0.000000000000000000e+00
0.000000000000000000e+00
0.000000000000000000e+00
0.000000000000000000e+00
0.000000000000000000e+00
1.000000000000000000e+00
1.000000000000000000e+00
1.000000000000000000e+00
5.000000000000000000e+00
9.000000000000000000e+00
9.000000000000000000e+00
1.000000000000000000e+01
1.500000000000000000e+01
1.900000000000000000e+01
2.600000000000000000e+01
2.600000000000000000e+01
3.600000000000000000e+01
4.200000000000000000e+01
5.100000000000000000e+01
5.500000000000000000e+01
5.500000000000000000e+01
6.500000000000000000e+01
7.700000000000000000e+01
8.100000000000000000e+01
8.100000000000000000e+01
8.700000000000000000e+01
9.100000000000000000e+01
9.600000000000000000e+01
1.050000000000000000e+02
1.050000000000000000e+02
1.170000000000000000e+02
1.230000000000000000e+02
1.310000000000000000e+02
1.310000000000000000e+02
1.400000000000000000e+02
1.480000000000000000e+02
1.560000000000000000e+02
1.650000000000000000e+02
1.650000000000000000e+02
1.680000000000000000e+02
1.750000000000000000e+02
1.880000000000000000e+02
1.880000000000000000e+02
1.970000000000000000e+02
1.970000000000000000e+02
1.970000000000000000e+02
1.970000000000000000e+02
1.970000000000000000e+02
1.970000000000000000e+02
1.970000000000000000e+02
1.970000000000000000e+02
1.970000000000000000e+02
1.970000000000000000e+02
1.970000000000000000e+02
1.970000000000000000e+02
1.970000000000000000e+02
1.970000000000000000e+02
1.970000000000000000e+02
1.970000000000000000e+02
1.970000000000000000e+02
1.970000000000000000e+02
1.970000000000000000e+02
1.970000000000000000e+02
1.970000000000000000e+02
1.970000000000000000e+02
1.970000000000000000e+02
1.970000000000000000e+02
1.970000000000000000e+02
1.970000000000000000e+02
1.970000000000000000e+02
1.970000000000000000e+02
1.970000000000000000e+02
1.970000000000000000e+02
1.970000000000000000e+02
1.970000000000000000e+02
1.970000000000000000e+02
1.970000000000000000e+02
1.970000000000000000e+02
1.970000000000000000e+02
1.970000000000000000e+02
1.970000000000000000e+02
1.970000000000000000e+02
1.950000000000000000e+02
1.940000000000000000e+02
1.930000000000000000e+02
1.900000000000000000e+02
1.850000000000000000e+02
1.840000000000000000e+02
1.790000000000000000e+02
1.780000000000000000e+02
1.760000000000000000e+02
1.690000000000000000e+02
1.650000000000000000e+02
1.600000000000000000e+02
1.600000000000000000e+02
1.590000000000000000e+02
1.540000000000000000e+02
1.470000000000000000e+02
1.430000000000000000e+02
1.420000000000000000e+02
1.370000000000000000e+02
1.300000000000000000e+02
1.250000000000000000e+02
1.230000000000000000e+02
1.200000000000000000e+02
1.110000000000000000e+02
1.050000000000000000e+02
