9.800000000000000000e+01
1.070000000000000000e+02
1.110000000000000000e+02
1.190000000000000000e+02
1.190000000000000000e+02
1.260000000000000000e+02
1.310000000000000000e+02
1.360000000000000000e+02
1.390000000000000000e+02
1.390000000000000000e+02
1.410000000000000000e+02
1.470000000000000000e+02
1.520000000000000000e+02
1.520000000000000000e+02
1.520000000000000000e+02
1.520000000000000000e+02
1.520000000000000000e+02
1.520000000000000000e+02
1.520000000000000000e+02
1.520000000000000000e+02
1.520000000000000000e+02
1.520000000000000000e+02
1.520000000000000000e+02
1.520000000000000000e+02
1.520000000000000000e+02
1.520000000000000000e+02
1.520000000000000000e+02
1.520000000000000000e+02
1.520000000000000000e+02
1.520000000000000000e+02
1.520000000000000000e+02
1.520000000000000000e+02
1.520000000000000000e+02
1.520000000000000000e+02
1.520000000000000000e+02
1.520000000000000000e+02
1.520000000000000000e+02
1.520000000000000000e+02
1.520000000000000000e+02
1.520000000000000000e+02
1.520000000000000000e+02
1.520000000000000000e+02
1.620000000000000000e+02
1.710000000000000000e+02
1.750000000000000000e+02
1.750000000000000000e+02
1.800000000000000000e+02
1.850000000000000000e+02
1.970000000000000000e+02
2.040000000000000000e+02
2.040000000000000000e+02
2.120000000000000000e+02
2.240000000000000000e+02
2.340000000000000000e+02
2.340000000000000000e+02
2.420000000000000000e+02
2.490000000000000000e+02
2.560000000000000000e+02
2.680000000000000000e+02
2.680000000000000000e+02
2.810000000000000000e+02
2.860000000000000000e+02
2.960000000000000000e+02
2.960000000000000000e+02
3.040000000000000000e+02
2.970000000000000000e+02
2.890000000000000000e+02
2.860000000000000000e+02
2.820000000000000000e+02
2.750000000000000000e+02
2.690000000000000000e+02
2.620000000000000000e+02
2.560000000000000000e+02
2.540000000000000000e+02
2.470000000000000000e+02
2.430000000000000000e+02
2.370000000000000000e+02
2.270000000000000000e+02
2.120000000000000000e+02
2.090000000000000000e+02
2.030000000000000000e+02
1.990000000000000000e+02
1.980000000000000000e+02
1.910000000000000000e+02
1.890000000000000000e+02
1.850000000000000000e+02
1.830000000000000000e+02
1.790000000000000000e+02
1.730000000000000000e+02
1.710000000000000000e+02
1.680000000000000000e+02
1.660000000000000000e+02
1.630000000000000000e+02
1.610000000000000000e+02
1.570000000000000000e+02
1.570000000000000000e+02
1.570000000000000000e+02
1.570000000000000000e+02
1.570000000000000000e+02
1.570000000000000000e+02
1.570000000000000000e+02
1.570000000000000000e+02
1.570000000000000000e+02
1.570000000000000000e+02
1.570000000000000000e+02
1.570000000000000000e+02
1.570000000000000000e+02
1.560000000000000000e+02
1.550000000000000000e+02
1.540000000000000000e+02
1.530000000000000000e+02
1.510000000000000000e+02
1.500000000000000000e+02
1.480000000000000000e+02
1.440000000000000000e+02
1.440000000000000000e+02
1.400000000000000000e+02
1.340000000000000000e+02
1.310000000000000000e+02
1.290000000000000000e+02
1.260000000000000000e+02
1.240000000000000000e+02
1.180000000000000000e+02
1.140000000000000000e+02
1.090000000000000000e+02
1.070000000000000000e+02
1.050000000000000000e+02
9.900000000000000000e+01
