0.000000000000000000e+00
0.000000000000000000e+00
0.000000000000000000e+00
0.000000000000000000e+00
0.000000000000000000e+00
0.000000000000000000e+00
0.000000000000000000e+00
0.000000000000000000e+00
0.000000000000000000e+00
0.000000000000000000e+00
0.000000000000000000e+00
0.000000000000000000e+00
0.000000000000000000e+00
0.000000000000000000e+00
0.000000000000000000e+00
0.000000000000000000e+00
0.000000000000000000e+00
0.000000000000000000e+00
0.000000000000000000e+00
0.000000000000000000e+00
0.000000000000000000e+00
0.000000000000000000e+00
0.000000000000000000e+00
0.000000000000000000e+00
0.000000000000000000e+00
0.000000000000000000e+00
0.000000000000000000e+00
0.000000000000000000e+00
0.000000000000000000e+00
0.000000000000000000e+00
0.000000000000000000e+00
0.000000000000000000e+00
0.000000000000000000e+00
0.000000000000000000e+00
0.000000000000000000e+00
0.000000000000000000e+00
0.000000000000000000e+00
5.000000000000000000e+00
8.000000000000000000e+00
1.100000000000000000e+01
1.500000000000000000e+01
1.500000000000000000e+01
1.700000000000000000e+01
2.100000000000000000e+01
2.400000000000000000e+01
2.400000000000000000e+01
3.000000000000000000e+01
3.500000000000000000e+01
3.700000000000000000e+01
4.300000000000000000e+01
4.300000000000000000e+01
4.500000000000000000e+01
4.800000000000000000e+01
5.400000000000000000e+01
5.400000000000000000e+01
5.900000000000000000e+01
7.000000000000000000e+01
7.600000000000000000e+01
8.000000000000000000e+01
8.000000000000000000e+01
9.100000000000000000e+01
1.020000000000000000e+02
1.070000000000000000e+02
1.070000000000000000e+02
1.170000000000000000e+02
1.170000000000000000e+02
1.170000000000000000e+02
1.170000000000000000e+02
1.170000000000000000e+02
1.170000000000000000e+02
1.170000000000000000e+02
1.170000000000000000e+02
1.170000000000000000e+02
1.170000000000000000e+02
1.170000000000000000e+02
1.170000000000000000e+02
1.170000000000000000e+02
1.170000000000000000e+02
1.170000000000000000e+02
1.170000000000000000e+02
1.170000000000000000e+02
1.170000000000000000e+02
1.170000000000000000e+02
1.170000000000000000e+02
1.170000000000000000e+02
1.170000000000000000e+02
1.170000000000000000e+02
1.170000000000000000e+02
1.170000000000000000e+02
1.170000000000000000e+02
1.170000000000000000e+02
1.170000000000000000e+02
1.170000000000000000e+02
1.170000000000000000e+02
1.170000000000000000e+02
1.170000000000000000e+02
1.170000000000000000e+02
1.170000000000000000e+02
1.170000000000000000e+02
1.170000000000000000e+02
1.170000000000000000e+02
1.160000000000000000e+02
1.160000000000000000e+02
1.160000000000000000e+02
1.160000000000000000e+02
1.160000000000000000e+02
1.160000000000000000e+02
1.160000000000000000e+02
1.160000000000000000e+02
1.160000000000000000e+02
1.160000000000000000e+02
1.160000000000000000e+02
1.160000000000000000e+02
1.160000000000000000e+02
1.160000000000000000e+02
1.160000000000000000e+02
1.160000000000000000e+02
1.160000000000000000e+02
1.160000000000000000e+02
1.160000000000000000e+02
1.160000000000000000e+02
1.150000000000000000e+02
1.130000000000000000e+02
1.120000000000000000e+02
1.100000000000000000e+02
1.100000000000000000e+02
1.100000000000000000e+02
1.000000000000000000e+02
