0.000000000000000000e+00
0.000000000000000000e+00
0.000000000000000000e+00
0.000000000000000000e+00
0.000000000000000000e+00
0.000000000000000000e+00
0.000000000000000000e+00
0.000000000000000000e+00
0.000000000000000000e+00
0.000000000000000000e+00
0.000000000000000000e+00
0.000000000000000000e+00
0.000000000000000000e+00
0.000000000000000000e+00
0.000000000000000000e+00
0.000000000000000000e+00
0.000000000000000000e+00
0.000000000000000000e+00
0.000000000000000000e+00
0.000000000000000000e+00
0.000000000000000000e+00
0.000000000000000000e+00
0.000000000000000000e+00
0.000000000000000000e+00
0.000000000000000000e+00
0.000000000000000000e+00
0.000000000000000000e+00
0.000000000000000000e+00
0.000000000000000000e+00
0.000000000000000000e+00
0.000000000000000000e+00
0.000000000000000000e+00
0.000000000000000000e+00
0.000000000000000000e+00
0.000000000000000000e+00
0.000000000000000000e+00
0.000000000000000000e+00
1.100000000000000000e+01
2.200000000000000000e+01
3.000000000000000000e+01
3.800000000000000000e+01
3.800000000000000000e+01
4.600000000000000000e+01
5.400000000000000000e+01
6.200000000000000000e+01
6.200000000000000000e+01
7.100000000000000000e+01
7.900000000000000000e+01
8.300000000000000000e+01
9.100000000000000000e+01
9.100000000000000000e+01
9.500000000000000000e+01
1.070000000000000000e+02
1.140000000000000000e+02
1.140000000000000000e+02
1.170000000000000000e+02
1.260000000000000000e+02
1.330000000000000000e+02
1.390000000000000000e+02
1.390000000000000000e+02
1.490000000000000000e+02
1.520000000000000000e+02
1.650000000000000000e+02
1.650000000000000000e+02
1.690000000000000000e+02
1.690000000000000000e+02
1.690000000000000000e+02
1.690000000000000000e+02
1.690000000000000000e+02
1.690000000000000000e+02
1.690000000000000000e+02
1.690000000000000000e+02
1.690000000000000000e+02
1.690000000000000000e+02
1.690000000000000000e+02
1.690000000000000000e+02
1.690000000000000000e+02
1.690000000000000000e+02
1.690000000000000000e+02
1.690000000000000000e+02
1.690000000000000000e+02
1.690000000000000000e+02
1.690000000000000000e+02
1.690000000000000000e+02
1.690000000000000000e+02
1.690000000000000000e+02
1.690000000000000000e+02
1.690000000000000000e+02
1.690000000000000000e+02
1.690000000000000000e+02
1.690000000000000000e+02
1.690000000000000000e+02
1.690000000000000000e+02
1.690000000000000000e+02
1.690000000000000000e+02
1.690000000000000000e+02
1.690000000000000000e+02
1.690000000000000000e+02
1.690000000000000000e+02
1.690000000000000000e+02
1.690000000000000000e+02
1.670000000000000000e+02
1.670000000000000000e+02
1.630000000000000000e+02
1.620000000000000000e+02
1.580000000000000000e+02
1.580000000000000000e+02
1.550000000000000000e+02
1.530000000000000000e+02
1.510000000000000000e+02
1.490000000000000000e+02
1.450000000000000000e+02
1.440000000000000000e+02
1.440000000000000000e+02
1.420000000000000000e+02
1.390000000000000000e+02
1.360000000000000000e+02
1.300000000000000000e+02
1.290000000000000000e+02
1.270000000000000000e+02
1.250000000000000000e+02
1.190000000000000000e+02
1.150000000000000000e+02
1.120000000000000000e+02
1.080000000000000000e+02
1.020000000000000000e+02
9.700000000000000000e+01
9.300000000000000000e+01
