0.000000000000000000e+00
0.000000000000000000e+00
0.000000000000000000e+00
0.000000000000000000e+00
0.000000000000000000e+00
0.000000000000000000e+00
0.000000000000000000e+00
0.000000000000000000e+00
0.000000000000000000e+00
0.000000000000000000e+00
0.000000000000000000e+00
0.000000000000000000e+00
0.000000000000000000e+00
0.000000000000000000e+00
0.000000000000000000e+00
0.000000000000000000e+00
0.000000000000000000e+00
0.000000000000000000e+00
0.000000000000000000e+00
0.000000000000000000e+00
0.000000000000000000e+00
0.000000000000000000e+00
0.000000000000000000e+00
0.000000000000000000e+00
0.000000000000000000e+00
0.000000000000000000e+00
0.000000000000000000e+00
0.000000000000000000e+00
0.000000000000000000e+00
0.000000000000000000e+00
0.000000000000000000e+00
0.000000000000000000e+00
0.000000000000000000e+00
2.000000000000000000e+00
8.000000000000000000e+00
1.500000000000000000e+01
1.500000000000000000e+01
2.900000000000000000e+01
3.300000000000000000e+01
3.900000000000000000e+01
4.800000000000000000e+01
4.800000000000000000e+01
5.600000000000000000e+01
6.200000000000000000e+01
7.100000000000000000e+01
7.100000000000000000e+01
7.700000000000000000e+01
8.200000000000000000e+01
8.700000000000000000e+01
9.000000000000000000e+01
9.000000000000000000e+01
9.700000000000000000e+01
1.050000000000000000e+02
1.120000000000000000e+02
1.120000000000000000e+02
1.220000000000000000e+02
1.280000000000000000e+02
1.320000000000000000e+02
1.390000000000000000e+02
1.390000000000000000e+02
1.460000000000000000e+02
1.550000000000000000e+02
1.640000000000000000e+02
1.640000000000000000e+02
1.690000000000000000e+02
1.690000000000000000e+02
1.690000000000000000e+02
1.690000000000000000e+02
1.690000000000000000e+02
1.690000000000000000e+02
1.690000000000000000e+02
1.690000000000000000e+02
1.690000000000000000e+02
1.690000000000000000e+02
1.690000000000000000e+02
1.690000000000000000e+02
1.690000000000000000e+02
1.690000000000000000e+02
1.690000000000000000e+02
1.690000000000000000e+02
1.690000000000000000e+02
1.690000000000000000e+02
1.690000000000000000e+02
1.690000000000000000e+02
1.690000000000000000e+02
1.690000000000000000e+02
1.690000000000000000e+02
1.690000000000000000e+02
1.690000000000000000e+02
1.690000000000000000e+02
1.690000000000000000e+02
1.690000000000000000e+02
1.690000000000000000e+02
1.690000000000000000e+02
1.690000000000000000e+02
1.690000000000000000e+02
1.690000000000000000e+02
1.690000000000000000e+02
1.690000000000000000e+02
1.680000000000000000e+02
1.680000000000000000e+02
1.670000000000000000e+02
1.650000000000000000e+02
1.640000000000000000e+02
1.630000000000000000e+02
1.610000000000000000e+02
1.610000000000000000e+02
1.590000000000000000e+02
1.560000000000000000e+02
1.540000000000000000e+02
1.490000000000000000e+02
1.450000000000000000e+02
1.400000000000000000e+02
1.380000000000000000e+02
1.350000000000000000e+02
1.330000000000000000e+02
1.310000000000000000e+02
1.310000000000000000e+02
1.280000000000000000e+02
1.270000000000000000e+02
1.220000000000000000e+02
1.210000000000000000e+02
1.180000000000000000e+02
1.130000000000000000e+02
1.080000000000000000e+02
1.020000000000000000e+02
9.900000000000000000e+01
9.400000000000000000e+01
