0.000000000000000000e+00
0.000000000000000000e+00
0.000000000000000000e+00
0.000000000000000000e+00
0.000000000000000000e+00
0.000000000000000000e+00
0.000000000000000000e+00
0.000000000000000000e+00
0.000000000000000000e+00
0.000000000000000000e+00
0.000000000000000000e+00
0.000000000000000000e+00
0.000000000000000000e+00
0.000000000000000000e+00
0.000000000000000000e+00
0.000000000000000000e+00
0.000000000000000000e+00
0.000000000000000000e+00
0.000000000000000000e+00
0.000000000000000000e+00
0.000000000000000000e+00
0.000000000000000000e+00
0.000000000000000000e+00
0.000000000000000000e+00
0.000000000000000000e+00
0.000000000000000000e+00
0.000000000000000000e+00
0.000000000000000000e+00
0.000000000000000000e+00
0.000000000000000000e+00
0.000000000000000000e+00
0.000000000000000000e+00
0.000000000000000000e+00
0.000000000000000000e+00
0.000000000000000000e+00
0.000000000000000000e+00
0.000000000000000000e+00
5.000000000000000000e+00
7.000000000000000000e+00
1.300000000000000000e+01
1.700000000000000000e+01
1.700000000000000000e+01
2.400000000000000000e+01
2.900000000000000000e+01
2.900000000000000000e+01
2.900000000000000000e+01
3.200000000000000000e+01
3.500000000000000000e+01
3.800000000000000000e+01
5.000000000000000000e+01
5.000000000000000000e+01
6.200000000000000000e+01
6.500000000000000000e+01
7.300000000000000000e+01
7.300000000000000000e+01
8.500000000000000000e+01
8.900000000000000000e+01
9.900000000000000000e+01
1.080000000000000000e+02
1.080000000000000000e+02
1.180000000000000000e+02
1.270000000000000000e+02
1.340000000000000000e+02
1.340000000000000000e+02
1.440000000000000000e+02
1.440000000000000000e+02
1.440000000000000000e+02
1.440000000000000000e+02
1.440000000000000000e+02
1.440000000000000000e+02
1.440000000000000000e+02
1.440000000000000000e+02
1.440000000000000000e+02
1.440000000000000000e+02
1.440000000000000000e+02
1.440000000000000000e+02
1.440000000000000000e+02
1.440000000000000000e+02
1.440000000000000000e+02
1.440000000000000000e+02
1.440000000000000000e+02
1.440000000000000000e+02
1.440000000000000000e+02
1.440000000000000000e+02
1.440000000000000000e+02
1.440000000000000000e+02
1.440000000000000000e+02
1.440000000000000000e+02
1.440000000000000000e+02
1.440000000000000000e+02
1.440000000000000000e+02
1.440000000000000000e+02
1.440000000000000000e+02
1.440000000000000000e+02
1.440000000000000000e+02
1.440000000000000000e+02
1.440000000000000000e+02
1.440000000000000000e+02
1.440000000000000000e+02
1.440000000000000000e+02
1.440000000000000000e+02
1.440000000000000000e+02
1.430000000000000000e+02
1.410000000000000000e+02
1.410000000000000000e+02
1.410000000000000000e+02
1.390000000000000000e+02
1.370000000000000000e+02
1.340000000000000000e+02
1.340000000000000000e+02
1.320000000000000000e+02
1.280000000000000000e+02
1.240000000000000000e+02
1.220000000000000000e+02
1.190000000000000000e+02
1.150000000000000000e+02
1.080000000000000000e+02
1.060000000000000000e+02
1.000000000000000000e+02
9.800000000000000000e+01
9.400000000000000000e+01
9.400000000000000000e+01
8.900000000000000000e+01
8.800000000000000000e+01
8.600000000000000000e+01
7.900000000000000000e+01
7.300000000000000000e+01
6.900000000000000000e+01
