0.000000000000000000e+00
0.000000000000000000e+00
0.000000000000000000e+00
0.000000000000000000e+00
0.000000000000000000e+00
0.000000000000000000e+00
0.000000000000000000e+00
0.000000000000000000e+00
0.000000000000000000e+00
0.000000000000000000e+00
0.000000000000000000e+00
0.000000000000000000e+00
0.000000000000000000e+00
0.000000000000000000e+00
0.000000000000000000e+00
0.000000000000000000e+00
0.000000000000000000e+00
0.000000000000000000e+00
0.000000000000000000e+00
0.000000000000000000e+00
0.000000000000000000e+00
0.000000000000000000e+00
0.000000000000000000e+00
0.000000000000000000e+00
0.000000000000000000e+00
0.000000000000000000e+00
0.000000000000000000e+00
0.000000000000000000e+00
0.000000000000000000e+00
0.000000000000000000e+00
0.000000000000000000e+00
0.000000000000000000e+00
0.000000000000000000e+00
0.000000000000000000e+00
0.000000000000000000e+00
0.000000000000000000e+00
0.000000000000000000e+00
0.000000000000000000e+00
0.000000000000000000e+00
0.000000000000000000e+00
0.000000000000000000e+00
0.000000000000000000e+00
8.000000000000000000e+00
1.100000000000000000e+01
1.400000000000000000e+01
1.400000000000000000e+01
2.100000000000000000e+01
3.000000000000000000e+01
3.600000000000000000e+01
4.400000000000000000e+01
4.400000000000000000e+01
4.800000000000000000e+01
5.900000000000000000e+01
6.500000000000000000e+01
6.500000000000000000e+01
7.700000000000000000e+01
8.300000000000000000e+01
9.300000000000000000e+01
1.000000000000000000e+02
1.000000000000000000e+02
1.040000000000000000e+02
1.110000000000000000e+02
1.180000000000000000e+02
1.180000000000000000e+02
1.290000000000000000e+02
1.290000000000000000e+02
1.290000000000000000e+02
1.290000000000000000e+02
1.290000000000000000e+02
1.290000000000000000e+02
1.290000000000000000e+02
1.290000000000000000e+02
1.290000000000000000e+02
1.290000000000000000e+02
1.290000000000000000e+02
1.290000000000000000e+02
1.290000000000000000e+02
1.290000000000000000e+02
1.290000000000000000e+02
1.290000000000000000e+02
1.290000000000000000e+02
1.290000000000000000e+02
1.290000000000000000e+02
1.290000000000000000e+02
1.290000000000000000e+02
1.290000000000000000e+02
1.290000000000000000e+02
1.290000000000000000e+02
1.290000000000000000e+02
1.290000000000000000e+02
1.290000000000000000e+02
1.290000000000000000e+02
1.290000000000000000e+02
1.290000000000000000e+02
1.290000000000000000e+02
1.290000000000000000e+02
1.290000000000000000e+02
1.290000000000000000e+02
1.290000000000000000e+02
1.290000000000000000e+02
1.290000000000000000e+02
1.290000000000000000e+02
1.290000000000000000e+02
1.290000000000000000e+02
1.290000000000000000e+02
1.290000000000000000e+02
1.290000000000000000e+02
1.290000000000000000e+02
1.290000000000000000e+02
1.270000000000000000e+02
1.270000000000000000e+02
1.270000000000000000e+02
1.270000000000000000e+02
1.250000000000000000e+02
1.230000000000000000e+02
1.210000000000000000e+02
1.180000000000000000e+02
1.140000000000000000e+02
1.130000000000000000e+02
1.100000000000000000e+02
1.090000000000000000e+02
1.070000000000000000e+02
1.060000000000000000e+02
1.030000000000000000e+02
1.030000000000000000e+02
9.900000000000000000e+01
9.600000000000000000e+01
9.300000000000000000e+01
