0.000000000000000000e+00
0.000000000000000000e+00
0.000000000000000000e+00
0.000000000000000000e+00
0.000000000000000000e+00
0.000000000000000000e+00
0.000000000000000000e+00
0.000000000000000000e+00
0.000000000000000000e+00
0.000000000000000000e+00
0.000000000000000000e+00
0.000000000000000000e+00
0.000000000000000000e+00
0.000000000000000000e+00
0.000000000000000000e+00
0.000000000000000000e+00
0.000000000000000000e+00
0.000000000000000000e+00
0.000000000000000000e+00
0.000000000000000000e+00
0.000000000000000000e+00
0.000000000000000000e+00
0.000000000000000000e+00
0.000000000000000000e+00
0.000000000000000000e+00
0.000000000000000000e+00
0.000000000000000000e+00
0.000000000000000000e+00
0.000000000000000000e+00
0.000000000000000000e+00
0.000000000000000000e+00
0.000000000000000000e+00
0.000000000000000000e+00
1.000000000000000000e+00
3.000000000000000000e+00
5.000000000000000000e+00
5.000000000000000000e+00
1.100000000000000000e+01
1.400000000000000000e+01
1.600000000000000000e+01
2.600000000000000000e+01
2.600000000000000000e+01
3.200000000000000000e+01
3.700000000000000000e+01
4.300000000000000000e+01
4.300000000000000000e+01
5.100000000000000000e+01
5.300000000000000000e+01
5.900000000000000000e+01
6.800000000000000000e+01
6.800000000000000000e+01
7.800000000000000000e+01
8.200000000000000000e+01
9.000000000000000000e+01
9.000000000000000000e+01
9.400000000000000000e+01
1.010000000000000000e+02
1.060000000000000000e+02
1.150000000000000000e+02
1.150000000000000000e+02
1.210000000000000000e+02
1.300000000000000000e+02
1.370000000000000000e+02
1.370000000000000000e+02
1.480000000000000000e+02
1.480000000000000000e+02
1.480000000000000000e+02
1.480000000000000000e+02
1.480000000000000000e+02
1.480000000000000000e+02
1.480000000000000000e+02
1.480000000000000000e+02
1.480000000000000000e+02
1.480000000000000000e+02
1.480000000000000000e+02
1.480000000000000000e+02
1.480000000000000000e+02
1.480000000000000000e+02
1.480000000000000000e+02
1.480000000000000000e+02
1.480000000000000000e+02
1.480000000000000000e+02
1.480000000000000000e+02
1.480000000000000000e+02
1.480000000000000000e+02
1.480000000000000000e+02
1.480000000000000000e+02
1.480000000000000000e+02
1.480000000000000000e+02
1.480000000000000000e+02
1.480000000000000000e+02
1.480000000000000000e+02
1.480000000000000000e+02
1.480000000000000000e+02
1.480000000000000000e+02
1.480000000000000000e+02
1.480000000000000000e+02
1.480000000000000000e+02
1.480000000000000000e+02
1.480000000000000000e+02
1.480000000000000000e+02
1.480000000000000000e+02
1.480000000000000000e+02
1.480000000000000000e+02
1.480000000000000000e+02
1.480000000000000000e+02
1.480000000000000000e+02
1.480000000000000000e+02
1.460000000000000000e+02
1.440000000000000000e+02
1.440000000000000000e+02
1.420000000000000000e+02
1.400000000000000000e+02
1.390000000000000000e+02
1.370000000000000000e+02
1.340000000000000000e+02
1.310000000000000000e+02
1.280000000000000000e+02
1.280000000000000000e+02
1.260000000000000000e+02
1.210000000000000000e+02
1.190000000000000000e+02
1.150000000000000000e+02
1.120000000000000000e+02
1.070000000000000000e+02
1.040000000000000000e+02
9.900000000000000000e+01
9.500000000000000000e+01
