0.000000000000000000e+00
0.000000000000000000e+00
0.000000000000000000e+00
0.000000000000000000e+00
0.000000000000000000e+00
0.000000000000000000e+00
0.000000000000000000e+00
0.000000000000000000e+00
0.000000000000000000e+00
0.000000000000000000e+00
0.000000000000000000e+00
0.000000000000000000e+00
0.000000000000000000e+00
0.000000000000000000e+00
0.000000000000000000e+00
0.000000000000000000e+00
0.000000000000000000e+00
0.000000000000000000e+00
0.000000000000000000e+00
0.000000000000000000e+00
0.000000000000000000e+00
0.000000000000000000e+00
0.000000000000000000e+00
0.000000000000000000e+00
0.000000000000000000e+00
0.000000000000000000e+00
0.000000000000000000e+00
0.000000000000000000e+00
0.000000000000000000e+00
0.000000000000000000e+00
0.000000000000000000e+00
0.000000000000000000e+00
0.000000000000000000e+00
0.000000000000000000e+00
0.000000000000000000e+00
0.000000000000000000e+00
0.000000000000000000e+00
0.000000000000000000e+00
1.100000000000000000e+01
1.600000000000000000e+01
2.400000000000000000e+01
2.400000000000000000e+01
3.500000000000000000e+01
4.600000000000000000e+01
5.600000000000000000e+01
5.600000000000000000e+01
6.200000000000000000e+01
6.900000000000000000e+01
7.700000000000000000e+01
9.000000000000000000e+01
9.000000000000000000e+01
9.300000000000000000e+01
1.010000000000000000e+02
1.080000000000000000e+02
1.080000000000000000e+02
1.160000000000000000e+02
1.280000000000000000e+02
1.340000000000000000e+02
1.400000000000000000e+02
1.400000000000000000e+02
1.440000000000000000e+02
1.530000000000000000e+02
1.600000000000000000e+02
1.600000000000000000e+02
1.710000000000000000e+02
1.710000000000000000e+02
1.710000000000000000e+02
1.710000000000000000e+02
1.710000000000000000e+02
1.710000000000000000e+02
1.710000000000000000e+02
1.710000000000000000e+02
1.710000000000000000e+02
1.710000000000000000e+02
1.710000000000000000e+02
1.710000000000000000e+02
1.710000000000000000e+02
1.710000000000000000e+02
1.710000000000000000e+02
1.710000000000000000e+02
1.710000000000000000e+02
1.710000000000000000e+02
1.710000000000000000e+02
1.710000000000000000e+02
1.710000000000000000e+02
1.710000000000000000e+02
1.710000000000000000e+02
1.710000000000000000e+02
1.710000000000000000e+02
1.710000000000000000e+02
1.710000000000000000e+02
1.710000000000000000e+02
1.710000000000000000e+02
1.710000000000000000e+02
1.710000000000000000e+02
1.710000000000000000e+02
1.710000000000000000e+02
1.710000000000000000e+02
1.710000000000000000e+02
1.710000000000000000e+02
1.710000000000000000e+02
1.710000000000000000e+02
1.710000000000000000e+02
1.710000000000000000e+02
1.710000000000000000e+02
1.690000000000000000e+02
1.660000000000000000e+02
1.640000000000000000e+02
1.620000000000000000e+02
1.590000000000000000e+02
1.580000000000000000e+02
1.560000000000000000e+02
1.530000000000000000e+02
1.500000000000000000e+02
1.490000000000000000e+02
1.480000000000000000e+02
1.480000000000000000e+02
1.440000000000000000e+02
1.400000000000000000e+02
1.380000000000000000e+02
1.360000000000000000e+02
1.290000000000000000e+02
1.240000000000000000e+02
1.210000000000000000e+02
1.190000000000000000e+02
1.160000000000000000e+02
1.130000000000000000e+02
1.080000000000000000e+02
