0.000000000000000000e+00
0.000000000000000000e+00
0.000000000000000000e+00
0.000000000000000000e+00
0.000000000000000000e+00
0.000000000000000000e+00
0.000000000000000000e+00
0.000000000000000000e+00
0.000000000000000000e+00
0.000000000000000000e+00
0.000000000000000000e+00
0.000000000000000000e+00
0.000000000000000000e+00
0.000000000000000000e+00
0.000000000000000000e+00
0.000000000000000000e+00
0.000000000000000000e+00
0.000000000000000000e+00
0.000000000000000000e+00
0.000000000000000000e+00
0.000000000000000000e+00
0.000000000000000000e+00
0.000000000000000000e+00
0.000000000000000000e+00
0.000000000000000000e+00
0.000000000000000000e+00
0.000000000000000000e+00
0.000000000000000000e+00
0.000000000000000000e+00
0.000000000000000000e+00
0.000000000000000000e+00
0.000000000000000000e+00
0.000000000000000000e+00
7.000000000000000000e+00
1.700000000000000000e+01
2.400000000000000000e+01
2.400000000000000000e+01
3.300000000000000000e+01
3.700000000000000000e+01
5.100000000000000000e+01
5.800000000000000000e+01
5.800000000000000000e+01
6.200000000000000000e+01
6.900000000000000000e+01
7.500000000000000000e+01
7.500000000000000000e+01
8.100000000000000000e+01
9.500000000000000000e+01
1.040000000000000000e+02
1.100000000000000000e+02
1.100000000000000000e+02
1.190000000000000000e+02
1.260000000000000000e+02
1.290000000000000000e+02
1.290000000000000000e+02
1.400000000000000000e+02
1.460000000000000000e+02
1.540000000000000000e+02
1.600000000000000000e+02
1.600000000000000000e+02
1.620000000000000000e+02
1.720000000000000000e+02
1.810000000000000000e+02
1.810000000000000000e+02
1.910000000000000000e+02
1.910000000000000000e+02
1.910000000000000000e+02
1.910000000000000000e+02
1.910000000000000000e+02
1.910000000000000000e+02
1.910000000000000000e+02
1.910000000000000000e+02
1.910000000000000000e+02
1.910000000000000000e+02
1.910000000000000000e+02
1.910000000000000000e+02
1.910000000000000000e+02
1.910000000000000000e+02
1.910000000000000000e+02
1.910000000000000000e+02
1.910000000000000000e+02
1.910000000000000000e+02
1.910000000000000000e+02
1.910000000000000000e+02
1.910000000000000000e+02
1.910000000000000000e+02
1.910000000000000000e+02
1.910000000000000000e+02
1.910000000000000000e+02
1.910000000000000000e+02
1.910000000000000000e+02
1.910000000000000000e+02
1.910000000000000000e+02
1.910000000000000000e+02
1.910000000000000000e+02
1.910000000000000000e+02
1.910000000000000000e+02
1.910000000000000000e+02
1.910000000000000000e+02
1.910000000000000000e+02
1.910000000000000000e+02
1.900000000000000000e+02
1.890000000000000000e+02
1.870000000000000000e+02
1.840000000000000000e+02
1.820000000000000000e+02
1.810000000000000000e+02
1.770000000000000000e+02
1.730000000000000000e+02
1.670000000000000000e+02
1.670000000000000000e+02
1.660000000000000000e+02
1.620000000000000000e+02
1.590000000000000000e+02
1.520000000000000000e+02
1.480000000000000000e+02
1.450000000000000000e+02
1.430000000000000000e+02
1.390000000000000000e+02
1.340000000000000000e+02
1.300000000000000000e+02
1.270000000000000000e+02
1.190000000000000000e+02
1.110000000000000000e+02
1.090000000000000000e+02
1.020000000000000000e+02
9.800000000000000000e+01
9.600000000000000000e+01
