0.000000000000000000e+00
0.000000000000000000e+00
0.000000000000000000e+00
0.000000000000000000e+00
0.000000000000000000e+00
0.000000000000000000e+00
0.000000000000000000e+00
0.000000000000000000e+00
0.000000000000000000e+00
0.000000000000000000e+00
0.000000000000000000e+00
0.000000000000000000e+00
0.000000000000000000e+00
0.000000000000000000e+00
0.000000000000000000e+00
0.000000000000000000e+00
0.000000000000000000e+00
0.000000000000000000e+00
0.000000000000000000e+00
0.000000000000000000e+00
0.000000000000000000e+00
0.000000000000000000e+00
0.000000000000000000e+00
0.000000000000000000e+00
0.000000000000000000e+00
0.000000000000000000e+00
0.000000000000000000e+00
0.000000000000000000e+00
0.000000000000000000e+00
0.000000000000000000e+00
0.000000000000000000e+00
0.000000000000000000e+00
0.000000000000000000e+00
0.000000000000000000e+00
0.000000000000000000e+00
0.000000000000000000e+00
0.000000000000000000e+00
0.000000000000000000e+00
1.000000000000000000e+01
2.000000000000000000e+01
2.800000000000000000e+01
2.800000000000000000e+01
3.600000000000000000e+01
4.500000000000000000e+01
4.900000000000000000e+01
4.900000000000000000e+01
5.500000000000000000e+01
6.500000000000000000e+01
7.400000000000000000e+01
8.200000000000000000e+01
8.200000000000000000e+01
8.500000000000000000e+01
8.800000000000000000e+01
9.900000000000000000e+01
9.900000000000000000e+01
1.070000000000000000e+02
1.130000000000000000e+02
1.230000000000000000e+02
1.310000000000000000e+02
1.310000000000000000e+02
1.400000000000000000e+02
1.490000000000000000e+02
1.600000000000000000e+02
1.600000000000000000e+02
1.660000000000000000e+02
1.660000000000000000e+02
1.660000000000000000e+02
1.660000000000000000e+02
1.660000000000000000e+02
1.660000000000000000e+02
1.660000000000000000e+02
1.660000000000000000e+02
1.660000000000000000e+02
1.660000000000000000e+02
1.660000000000000000e+02
1.660000000000000000e+02
1.660000000000000000e+02
1.660000000000000000e+02
1.660000000000000000e+02
1.660000000000000000e+02
1.660000000000000000e+02
1.660000000000000000e+02
1.660000000000000000e+02
1.660000000000000000e+02
1.660000000000000000e+02
1.660000000000000000e+02
1.660000000000000000e+02
1.660000000000000000e+02
1.660000000000000000e+02
1.660000000000000000e+02
1.660000000000000000e+02
1.660000000000000000e+02
1.660000000000000000e+02
1.660000000000000000e+02
1.660000000000000000e+02
1.660000000000000000e+02
1.660000000000000000e+02
1.660000000000000000e+02
1.660000000000000000e+02
1.660000000000000000e+02
1.660000000000000000e+02
1.660000000000000000e+02
1.660000000000000000e+02
1.640000000000000000e+02
1.630000000000000000e+02
1.630000000000000000e+02
1.630000000000000000e+02
1.630000000000000000e+02
1.590000000000000000e+02
1.570000000000000000e+02
1.560000000000000000e+02
1.520000000000000000e+02
1.490000000000000000e+02
1.460000000000000000e+02
1.420000000000000000e+02
1.410000000000000000e+02
1.380000000000000000e+02
1.350000000000000000e+02
1.340000000000000000e+02
1.320000000000000000e+02
1.290000000000000000e+02
1.270000000000000000e+02
1.250000000000000000e+02
1.200000000000000000e+02
1.160000000000000000e+02
1.090000000000000000e+02
1.070000000000000000e+02
1.010000000000000000e+02
