8.000000000000000000e+01
8.400000000000000000e+01
8.700000000000000000e+01
9.300000000000000000e+01
9.300000000000000000e+01
9.900000000000000000e+01
1.060000000000000000e+02
1.110000000000000000e+02
1.160000000000000000e+02
1.160000000000000000e+02
1.190000000000000000e+02
1.230000000000000000e+02
1.270000000000000000e+02
1.270000000000000000e+02
1.340000000000000000e+02
1.370000000000000000e+02
1.370000000000000000e+02
1.420000000000000000e+02
1.420000000000000000e+02
1.440000000000000000e+02
1.450000000000000000e+02
1.460000000000000000e+02
1.460000000000000000e+02
1.460000000000000000e+02
1.460000000000000000e+02
1.460000000000000000e+02
1.460000000000000000e+02
1.460000000000000000e+02
1.460000000000000000e+02
1.460000000000000000e+02
1.460000000000000000e+02
1.460000000000000000e+02
1.460000000000000000e+02
1.460000000000000000e+02
1.460000000000000000e+02
1.460000000000000000e+02
1.460000000000000000e+02
1.460000000000000000e+02
1.460000000000000000e+02
1.460000000000000000e+02
1.460000000000000000e+02
1.460000000000000000e+02
1.460000000000000000e+02
1.460000000000000000e+02
1.460000000000000000e+02
1.460000000000000000e+02
1.460000000000000000e+02
1.460000000000000000e+02
1.460000000000000000e+02
1.460000000000000000e+02
1.460000000000000000e+02
1.460000000000000000e+02
1.460000000000000000e+02
1.460000000000000000e+02
1.460000000000000000e+02
1.460000000000000000e+02
1.460000000000000000e+02
1.460000000000000000e+02
1.460000000000000000e+02
1.460000000000000000e+02
1.460000000000000000e+02
1.460000000000000000e+02
1.460000000000000000e+02
1.460000000000000000e+02
1.420000000000000000e+02
1.410000000000000000e+02
1.360000000000000000e+02
1.300000000000000000e+02
1.270000000000000000e+02
1.250000000000000000e+02
1.110000000000000000e+02
1.000000000000000000e+02
9.600000000000000000e+01
9.000000000000000000e+01
8.100000000000000000e+01
7.100000000000000000e+01
6.500000000000000000e+01
6.200000000000000000e+01
5.500000000000000000e+01
4.900000000000000000e+01
4.400000000000000000e+01
4.000000000000000000e+01
3.400000000000000000e+01
2.500000000000000000e+01
1.800000000000000000e+01
1.200000000000000000e+01
4.000000000000000000e+00
0.000000000000000000e+00
0.000000000000000000e+00
0.000000000000000000e+00
0.000000000000000000e+00
0.000000000000000000e+00
0.000000000000000000e+00
0.000000000000000000e+00
0.000000000000000000e+00
0.000000000000000000e+00
0.000000000000000000e+00
0.000000000000000000e+00
0.000000000000000000e+00
0.000000000000000000e+00
0.000000000000000000e+00
0.000000000000000000e+00
0.000000000000000000e+00
0.000000000000000000e+00
0.000000000000000000e+00
0.000000000000000000e+00
0.000000000000000000e+00
0.000000000000000000e+00
0.000000000000000000e+00
0.000000000000000000e+00
0.000000000000000000e+00
0.000000000000000000e+00
0.000000000000000000e+00
0.000000000000000000e+00
0.000000000000000000e+00
0.000000000000000000e+00
0.000000000000000000e+00
0.000000000000000000e+00
0.000000000000000000e+00
0.000000000000000000e+00
0.000000000000000000e+00
0.000000000000000000e+00
0.000000000000000000e+00
0.000000000000000000e+00
0.000000000000000000e+00
0.000000000000000000e+00
0.000000000000000000e+00
0.000000000000000000e+00
