0.000000000000000000e+00
0.000000000000000000e+00
0.000000000000000000e+00
0.000000000000000000e+00
0.000000000000000000e+00
0.000000000000000000e+00
0.000000000000000000e+00
0.000000000000000000e+00
0.000000000000000000e+00
0.000000000000000000e+00
0.000000000000000000e+00
0.000000000000000000e+00
0.000000000000000000e+00
0.000000000000000000e+00
0.000000000000000000e+00
0.000000000000000000e+00
0.000000000000000000e+00
0.000000000000000000e+00
0.000000000000000000e+00
0.000000000000000000e+00
0.000000000000000000e+00
0.000000000000000000e+00
0.000000000000000000e+00
0.000000000000000000e+00
0.000000000000000000e+00
0.000000000000000000e+00
0.000000000000000000e+00
0.000000000000000000e+00
0.000000000000000000e+00
0.000000000000000000e+00
0.000000000000000000e+00
0.000000000000000000e+00
0.000000000000000000e+00
0.000000000000000000e+00
0.000000000000000000e+00
0.000000000000000000e+00
0.000000000000000000e+00
4.000000000000000000e+00
8.000000000000000000e+00
1.000000000000000000e+01
1.300000000000000000e+01
1.300000000000000000e+01
1.800000000000000000e+01
2.000000000000000000e+01
2.500000000000000000e+01
2.500000000000000000e+01
3.100000000000000000e+01
3.600000000000000000e+01
4.100000000000000000e+01
5.000000000000000000e+01
5.000000000000000000e+01
5.600000000000000000e+01
6.000000000000000000e+01
6.800000000000000000e+01
6.800000000000000000e+01
7.700000000000000000e+01
8.600000000000000000e+01
9.500000000000000000e+01
1.030000000000000000e+02
1.030000000000000000e+02
1.080000000000000000e+02
1.160000000000000000e+02
1.220000000000000000e+02
1.220000000000000000e+02
1.290000000000000000e+02
1.290000000000000000e+02
1.290000000000000000e+02
1.290000000000000000e+02
1.290000000000000000e+02
1.290000000000000000e+02
1.290000000000000000e+02
1.290000000000000000e+02
1.290000000000000000e+02
1.290000000000000000e+02
1.290000000000000000e+02
1.290000000000000000e+02
1.290000000000000000e+02
1.290000000000000000e+02
1.290000000000000000e+02
1.290000000000000000e+02
1.290000000000000000e+02
1.290000000000000000e+02
1.290000000000000000e+02
1.290000000000000000e+02
1.290000000000000000e+02
1.290000000000000000e+02
1.290000000000000000e+02
1.290000000000000000e+02
1.290000000000000000e+02
1.290000000000000000e+02
1.290000000000000000e+02
1.290000000000000000e+02
1.290000000000000000e+02
1.290000000000000000e+02
1.290000000000000000e+02
1.290000000000000000e+02
1.290000000000000000e+02
1.290000000000000000e+02
1.290000000000000000e+02
1.290000000000000000e+02
1.290000000000000000e+02
1.290000000000000000e+02
1.290000000000000000e+02
1.290000000000000000e+02
1.290000000000000000e+02
1.290000000000000000e+02
1.290000000000000000e+02
1.290000000000000000e+02
1.290000000000000000e+02
1.290000000000000000e+02
1.290000000000000000e+02
1.290000000000000000e+02
1.290000000000000000e+02
1.290000000000000000e+02
1.290000000000000000e+02
1.290000000000000000e+02
1.280000000000000000e+02
1.270000000000000000e+02
1.270000000000000000e+02
1.260000000000000000e+02
1.260000000000000000e+02
1.240000000000000000e+02
1.150000000000000000e+02
1.120000000000000000e+02
1.100000000000000000e+02
1.020000000000000000e+02
9.700000000000000000e+01
9.600000000000000000e+01
