0.000000000000000000e+00
0.000000000000000000e+00
0.000000000000000000e+00
0.000000000000000000e+00
0.000000000000000000e+00
0.000000000000000000e+00
0.000000000000000000e+00
0.000000000000000000e+00
0.000000000000000000e+00
0.000000000000000000e+00
0.000000000000000000e+00
0.000000000000000000e+00
0.000000000000000000e+00
0.000000000000000000e+00
0.000000000000000000e+00
0.000000000000000000e+00
0.000000000000000000e+00
0.000000000000000000e+00
0.000000000000000000e+00
0.000000000000000000e+00
0.000000000000000000e+00
0.000000000000000000e+00
0.000000000000000000e+00
0.000000000000000000e+00
0.000000000000000000e+00
0.000000000000000000e+00
0.000000000000000000e+00
0.000000000000000000e+00
0.000000000000000000e+00
0.000000000000000000e+00
0.000000000000000000e+00
0.000000000000000000e+00
0.000000000000000000e+00
0.000000000000000000e+00
0.000000000000000000e+00
0.000000000000000000e+00
0.000000000000000000e+00
5.000000000000000000e+00
1.800000000000000000e+01
2.300000000000000000e+01
3.200000000000000000e+01
3.200000000000000000e+01
4.300000000000000000e+01
5.500000000000000000e+01
5.800000000000000000e+01
5.800000000000000000e+01
6.400000000000000000e+01
7.200000000000000000e+01
8.300000000000000000e+01
9.200000000000000000e+01
9.200000000000000000e+01
9.800000000000000000e+01
1.050000000000000000e+02
1.090000000000000000e+02
1.090000000000000000e+02
1.120000000000000000e+02
1.190000000000000000e+02
1.250000000000000000e+02
1.320000000000000000e+02
1.320000000000000000e+02
1.380000000000000000e+02
1.450000000000000000e+02
1.550000000000000000e+02
1.550000000000000000e+02
1.620000000000000000e+02
1.620000000000000000e+02
1.620000000000000000e+02
1.620000000000000000e+02
1.620000000000000000e+02
1.620000000000000000e+02
1.620000000000000000e+02
1.620000000000000000e+02
1.620000000000000000e+02
1.620000000000000000e+02
1.620000000000000000e+02
1.620000000000000000e+02
1.620000000000000000e+02
1.620000000000000000e+02
1.620000000000000000e+02
1.620000000000000000e+02
1.620000000000000000e+02
1.620000000000000000e+02
1.620000000000000000e+02
1.620000000000000000e+02
1.620000000000000000e+02
1.620000000000000000e+02
1.620000000000000000e+02
1.620000000000000000e+02
1.620000000000000000e+02
1.620000000000000000e+02
1.620000000000000000e+02
1.620000000000000000e+02
1.620000000000000000e+02
1.620000000000000000e+02
1.620000000000000000e+02
1.620000000000000000e+02
1.620000000000000000e+02
1.620000000000000000e+02
1.620000000000000000e+02
1.620000000000000000e+02
1.620000000000000000e+02
1.620000000000000000e+02
1.620000000000000000e+02
1.620000000000000000e+02
1.600000000000000000e+02
1.600000000000000000e+02
1.570000000000000000e+02
1.540000000000000000e+02
1.530000000000000000e+02
1.510000000000000000e+02
1.470000000000000000e+02
1.460000000000000000e+02
1.430000000000000000e+02
1.410000000000000000e+02
1.370000000000000000e+02
1.340000000000000000e+02
1.320000000000000000e+02
1.290000000000000000e+02
1.280000000000000000e+02
1.220000000000000000e+02
1.160000000000000000e+02
1.150000000000000000e+02
1.110000000000000000e+02
1.070000000000000000e+02
1.040000000000000000e+02
1.010000000000000000e+02
9.500000000000000000e+01
8.900000000000000000e+01
