0.000000000000000000e+00
0.000000000000000000e+00
0.000000000000000000e+00
0.000000000000000000e+00
0.000000000000000000e+00
0.000000000000000000e+00
0.000000000000000000e+00
0.000000000000000000e+00
0.000000000000000000e+00
0.000000000000000000e+00
0.000000000000000000e+00
0.000000000000000000e+00
0.000000000000000000e+00
0.000000000000000000e+00
0.000000000000000000e+00
0.000000000000000000e+00
0.000000000000000000e+00
0.000000000000000000e+00
0.000000000000000000e+00
0.000000000000000000e+00
0.000000000000000000e+00
0.000000000000000000e+00
0.000000000000000000e+00
0.000000000000000000e+00
0.000000000000000000e+00
0.000000000000000000e+00
0.000000000000000000e+00
0.000000000000000000e+00
0.000000000000000000e+00
0.000000000000000000e+00
0.000000000000000000e+00
0.000000000000000000e+00
1.000000000000000000e+00
1.200000000000000000e+01
2.400000000000000000e+01
3.100000000000000000e+01
3.100000000000000000e+01
3.900000000000000000e+01
4.200000000000000000e+01
4.800000000000000000e+01
5.600000000000000000e+01
5.600000000000000000e+01
6.400000000000000000e+01
7.300000000000000000e+01
8.000000000000000000e+01
8.000000000000000000e+01
8.400000000000000000e+01
9.300000000000000000e+01
1.010000000000000000e+02
1.090000000000000000e+02
1.090000000000000000e+02
1.190000000000000000e+02
1.310000000000000000e+02
1.360000000000000000e+02
1.360000000000000000e+02
1.430000000000000000e+02
1.530000000000000000e+02
1.640000000000000000e+02
1.730000000000000000e+02
1.730000000000000000e+02
1.780000000000000000e+02
1.830000000000000000e+02
1.900000000000000000e+02
1.900000000000000000e+02
1.980000000000000000e+02
1.980000000000000000e+02
1.980000000000000000e+02
1.980000000000000000e+02
1.980000000000000000e+02
1.980000000000000000e+02
1.980000000000000000e+02
1.980000000000000000e+02
1.980000000000000000e+02
1.980000000000000000e+02
1.980000000000000000e+02
1.980000000000000000e+02
1.980000000000000000e+02
1.980000000000000000e+02
1.980000000000000000e+02
1.980000000000000000e+02
1.980000000000000000e+02
1.980000000000000000e+02
1.980000000000000000e+02
1.980000000000000000e+02
1.980000000000000000e+02
1.980000000000000000e+02
1.980000000000000000e+02
1.980000000000000000e+02
1.980000000000000000e+02
1.980000000000000000e+02
1.980000000000000000e+02
1.980000000000000000e+02
1.980000000000000000e+02
1.980000000000000000e+02
1.980000000000000000e+02
1.980000000000000000e+02
1.980000000000000000e+02
1.960000000000000000e+02
1.950000000000000000e+02
1.940000000000000000e+02
1.910000000000000000e+02
1.890000000000000000e+02
1.870000000000000000e+02
1.850000000000000000e+02
1.840000000000000000e+02
1.830000000000000000e+02
1.810000000000000000e+02
1.770000000000000000e+02
1.740000000000000000e+02
1.710000000000000000e+02
1.690000000000000000e+02
1.620000000000000000e+02
1.600000000000000000e+02
1.590000000000000000e+02
1.540000000000000000e+02
1.490000000000000000e+02
1.450000000000000000e+02
1.420000000000000000e+02
1.380000000000000000e+02
1.310000000000000000e+02
1.300000000000000000e+02
1.250000000000000000e+02
1.180000000000000000e+02
1.110000000000000000e+02
1.060000000000000000e+02
1.040000000000000000e+02
1.020000000000000000e+02
9.700000000000000000e+01
