3.700000000000000000e+01
4.000000000000000000e+01
4.300000000000000000e+01
4.600000000000000000e+01
4.600000000000000000e+01
4.600000000000000000e+01
4.600000000000000000e+01
4.600000000000000000e+01
4.600000000000000000e+01
4.600000000000000000e+01
4.600000000000000000e+01
4.600000000000000000e+01
4.600000000000000000e+01
4.600000000000000000e+01
4.600000000000000000e+01
4.600000000000000000e+01
4.600000000000000000e+01
4.600000000000000000e+01
4.600000000000000000e+01
4.600000000000000000e+01
4.600000000000000000e+01
4.600000000000000000e+01
4.600000000000000000e+01
4.600000000000000000e+01
4.600000000000000000e+01
4.600000000000000000e+01
4.600000000000000000e+01
4.600000000000000000e+01
4.600000000000000000e+01
4.600000000000000000e+01
4.600000000000000000e+01
4.600000000000000000e+01
4.600000000000000000e+01
4.600000000000000000e+01
4.600000000000000000e+01
4.600000000000000000e+01
4.600000000000000000e+01
4.600000000000000000e+01
4.600000000000000000e+01
4.600000000000000000e+01
4.600000000000000000e+01
4.600000000000000000e+01
4.600000000000000000e+01
4.600000000000000000e+01
4.600000000000000000e+01
4.600000000000000000e+01
4.600000000000000000e+01
4.900000000000000000e+01
5.300000000000000000e+01
5.800000000000000000e+01
5.800000000000000000e+01
6.700000000000000000e+01
7.300000000000000000e+01
8.100000000000000000e+01
8.100000000000000000e+01
8.700000000000000000e+01
9.300000000000000000e+01
1.040000000000000000e+02
1.090000000000000000e+02
1.090000000000000000e+02
1.170000000000000000e+02
1.270000000000000000e+02
1.350000000000000000e+02
1.350000000000000000e+02
1.320000000000000000e+02
1.240000000000000000e+02
1.160000000000000000e+02
1.130000000000000000e+02
1.050000000000000000e+02
9.500000000000000000e+01
9.500000000000000000e+01
9.500000000000000000e+01
9.500000000000000000e+01
9.500000000000000000e+01
9.500000000000000000e+01
9.500000000000000000e+01
9.500000000000000000e+01
9.500000000000000000e+01
9.500000000000000000e+01
9.500000000000000000e+01
9.500000000000000000e+01
9.500000000000000000e+01
9.500000000000000000e+01
9.500000000000000000e+01
9.500000000000000000e+01
9.500000000000000000e+01
9.500000000000000000e+01
9.500000000000000000e+01
9.500000000000000000e+01
9.500000000000000000e+01
9.500000000000000000e+01
9.500000000000000000e+01
9.500000000000000000e+01
9.500000000000000000e+01
9.500000000000000000e+01
9.500000000000000000e+01
9.500000000000000000e+01
9.500000000000000000e+01
9.500000000000000000e+01
9.500000000000000000e+01
9.500000000000000000e+01
9.500000000000000000e+01
9.500000000000000000e+01
9.500000000000000000e+01
9.500000000000000000e+01
9.500000000000000000e+01
9.500000000000000000e+01
9.500000000000000000e+01
9.500000000000000000e+01
9.500000000000000000e+01
9.500000000000000000e+01
9.400000000000000000e+01
9.400000000000000000e+01
9.400000000000000000e+01
9.200000000000000000e+01
9.100000000000000000e+01
9.000000000000000000e+01
8.900000000000000000e+01
8.800000000000000000e+01
8.700000000000000000e+01
8.400000000000000000e+01
8.000000000000000000e+01
7.800000000000000000e+01
7.700000000000000000e+01
7.500000000000000000e+01
7.200000000000000000e+01
7.200000000000000000e+01
6.500000000000000000e+01
