1.600000000000000000e+01
1.700000000000000000e+01
1.700000000000000000e+01
1.700000000000000000e+01
1.700000000000000000e+01
1.700000000000000000e+01
1.700000000000000000e+01
1.700000000000000000e+01
1.700000000000000000e+01
1.700000000000000000e+01
1.700000000000000000e+01
1.700000000000000000e+01
1.700000000000000000e+01
1.700000000000000000e+01
1.700000000000000000e+01
1.700000000000000000e+01
1.700000000000000000e+01
1.700000000000000000e+01
1.700000000000000000e+01
1.700000000000000000e+01
1.700000000000000000e+01
1.700000000000000000e+01
1.700000000000000000e+01
1.700000000000000000e+01
1.700000000000000000e+01
1.700000000000000000e+01
1.700000000000000000e+01
1.700000000000000000e+01
1.700000000000000000e+01
1.700000000000000000e+01
1.700000000000000000e+01
1.700000000000000000e+01
1.700000000000000000e+01
1.700000000000000000e+01
2.700000000000000000e+01
4.100000000000000000e+01
4.100000000000000000e+01
4.900000000000000000e+01
5.500000000000000000e+01
6.100000000000000000e+01
6.800000000000000000e+01
6.800000000000000000e+01
7.700000000000000000e+01
8.400000000000000000e+01
9.100000000000000000e+01
9.100000000000000000e+01
1.010000000000000000e+02
1.100000000000000000e+02
1.140000000000000000e+02
1.260000000000000000e+02
1.260000000000000000e+02
1.340000000000000000e+02
1.430000000000000000e+02
1.460000000000000000e+02
1.460000000000000000e+02
1.530000000000000000e+02
1.620000000000000000e+02
1.710000000000000000e+02
1.800000000000000000e+02
1.800000000000000000e+02
1.880000000000000000e+02
1.920000000000000000e+02
1.970000000000000000e+02
1.970000000000000000e+02
1.950000000000000000e+02
1.900000000000000000e+02
1.860000000000000000e+02
1.860000000000000000e+02
1.860000000000000000e+02
1.860000000000000000e+02
1.860000000000000000e+02
1.860000000000000000e+02
1.860000000000000000e+02
1.860000000000000000e+02
1.860000000000000000e+02
1.860000000000000000e+02
1.860000000000000000e+02
1.860000000000000000e+02
1.860000000000000000e+02
1.860000000000000000e+02
1.860000000000000000e+02
1.860000000000000000e+02
1.860000000000000000e+02
1.860000000000000000e+02
1.860000000000000000e+02
1.860000000000000000e+02
1.860000000000000000e+02
1.860000000000000000e+02
1.860000000000000000e+02
1.860000000000000000e+02
1.860000000000000000e+02
1.860000000000000000e+02
1.860000000000000000e+02
1.860000000000000000e+02
1.860000000000000000e+02
1.860000000000000000e+02
1.860000000000000000e+02
1.860000000000000000e+02
1.850000000000000000e+02
1.840000000000000000e+02
1.840000000000000000e+02
1.830000000000000000e+02
1.820000000000000000e+02
1.800000000000000000e+02
1.790000000000000000e+02
1.770000000000000000e+02
1.750000000000000000e+02
1.710000000000000000e+02
1.700000000000000000e+02
1.670000000000000000e+02
1.630000000000000000e+02
1.620000000000000000e+02
1.570000000000000000e+02
1.540000000000000000e+02
1.510000000000000000e+02
1.470000000000000000e+02
1.410000000000000000e+02
1.400000000000000000e+02
1.380000000000000000e+02
1.350000000000000000e+02
1.290000000000000000e+02
1.270000000000000000e+02
1.250000000000000000e+02
1.200000000000000000e+02
1.120000000000000000e+02
1.070000000000000000e+02
1.000000000000000000e+02
9.800000000000000000e+01
