0.000000000000000000e+00
0.000000000000000000e+00
0.000000000000000000e+00
0.000000000000000000e+00
0.000000000000000000e+00
0.000000000000000000e+00
0.000000000000000000e+00
0.000000000000000000e+00
0.000000000000000000e+00
0.000000000000000000e+00
0.000000000000000000e+00
0.000000000000000000e+00
0.000000000000000000e+00
0.000000000000000000e+00
0.000000000000000000e+00
0.000000000000000000e+00
0.000000000000000000e+00
0.000000000000000000e+00
0.000000000000000000e+00
0.000000000000000000e+00
0.000000000000000000e+00
0.000000000000000000e+00
0.000000000000000000e+00
0.000000000000000000e+00
0.000000000000000000e+00
0.000000000000000000e+00
0.000000000000000000e+00
0.000000000000000000e+00
0.000000000000000000e+00
0.000000000000000000e+00
0.000000000000000000e+00
0.000000000000000000e+00
3.000000000000000000e+00
5.000000000000000000e+00
9.000000000000000000e+00
1.100000000000000000e+01
1.100000000000000000e+01
1.600000000000000000e+01
2.600000000000000000e+01
3.300000000000000000e+01
4.600000000000000000e+01
4.600000000000000000e+01
5.500000000000000000e+01
6.400000000000000000e+01
7.100000000000000000e+01
7.100000000000000000e+01
7.600000000000000000e+01
8.100000000000000000e+01
8.700000000000000000e+01
9.400000000000000000e+01
9.400000000000000000e+01
1.030000000000000000e+02
1.120000000000000000e+02
1.150000000000000000e+02
1.150000000000000000e+02
1.280000000000000000e+02
1.340000000000000000e+02
1.430000000000000000e+02
1.520000000000000000e+02
1.520000000000000000e+02
1.590000000000000000e+02
1.660000000000000000e+02
1.730000000000000000e+02
1.730000000000000000e+02
1.800000000000000000e+02
1.800000000000000000e+02
1.800000000000000000e+02
1.800000000000000000e+02
1.800000000000000000e+02
1.800000000000000000e+02
1.800000000000000000e+02
1.800000000000000000e+02
1.800000000000000000e+02
1.800000000000000000e+02
1.800000000000000000e+02
1.800000000000000000e+02
1.800000000000000000e+02
1.800000000000000000e+02
1.800000000000000000e+02
1.800000000000000000e+02
1.800000000000000000e+02
1.800000000000000000e+02
1.800000000000000000e+02
1.800000000000000000e+02
1.800000000000000000e+02
1.800000000000000000e+02
1.800000000000000000e+02
1.800000000000000000e+02
1.800000000000000000e+02
1.800000000000000000e+02
1.800000000000000000e+02
1.800000000000000000e+02
1.800000000000000000e+02
1.800000000000000000e+02
1.800000000000000000e+02
1.800000000000000000e+02
1.800000000000000000e+02
1.800000000000000000e+02
1.800000000000000000e+02
1.800000000000000000e+02
1.770000000000000000e+02
1.770000000000000000e+02
1.760000000000000000e+02
1.720000000000000000e+02
1.720000000000000000e+02
1.720000000000000000e+02
1.710000000000000000e+02
1.680000000000000000e+02
1.640000000000000000e+02
1.620000000000000000e+02
1.600000000000000000e+02
1.570000000000000000e+02
1.570000000000000000e+02
1.530000000000000000e+02
1.490000000000000000e+02
1.470000000000000000e+02
1.450000000000000000e+02
1.430000000000000000e+02
1.420000000000000000e+02
1.320000000000000000e+02
1.280000000000000000e+02
1.200000000000000000e+02
1.150000000000000000e+02
1.110000000000000000e+02
1.050000000000000000e+02
9.900000000000000000e+01
9.500000000000000000e+01
9.000000000000000000e+01
