0.000000000000000000e+00
0.000000000000000000e+00
0.000000000000000000e+00
0.000000000000000000e+00
0.000000000000000000e+00
0.000000000000000000e+00
0.000000000000000000e+00
0.000000000000000000e+00
0.000000000000000000e+00
0.000000000000000000e+00
0.000000000000000000e+00
0.000000000000000000e+00
0.000000000000000000e+00
0.000000000000000000e+00
0.000000000000000000e+00
0.000000000000000000e+00
0.000000000000000000e+00
0.000000000000000000e+00
0.000000000000000000e+00
0.000000000000000000e+00
0.000000000000000000e+00
0.000000000000000000e+00
0.000000000000000000e+00
0.000000000000000000e+00
0.000000000000000000e+00
0.000000000000000000e+00
0.000000000000000000e+00
0.000000000000000000e+00
0.000000000000000000e+00
0.000000000000000000e+00
0.000000000000000000e+00
0.000000000000000000e+00
0.000000000000000000e+00
0.000000000000000000e+00
0.000000000000000000e+00
0.000000000000000000e+00
0.000000000000000000e+00
0.000000000000000000e+00
0.000000000000000000e+00
0.000000000000000000e+00
0.000000000000000000e+00
0.000000000000000000e+00
0.000000000000000000e+00
0.000000000000000000e+00
0.000000000000000000e+00
0.000000000000000000e+00
0.000000000000000000e+00
0.000000000000000000e+00
0.000000000000000000e+00
0.000000000000000000e+00
0.000000000000000000e+00
1.200000000000000000e+01
2.000000000000000000e+01
2.400000000000000000e+01
2.400000000000000000e+01
3.200000000000000000e+01
3.600000000000000000e+01
4.100000000000000000e+01
5.400000000000000000e+01
5.400000000000000000e+01
6.600000000000000000e+01
7.500000000000000000e+01
7.900000000000000000e+01
7.900000000000000000e+01
9.000000000000000000e+01
9.000000000000000000e+01
9.000000000000000000e+01
9.000000000000000000e+01
9.000000000000000000e+01
9.000000000000000000e+01
9.000000000000000000e+01
9.000000000000000000e+01
9.000000000000000000e+01
9.000000000000000000e+01
9.000000000000000000e+01
9.000000000000000000e+01
9.000000000000000000e+01
9.000000000000000000e+01
9.000000000000000000e+01
9.000000000000000000e+01
9.000000000000000000e+01
9.000000000000000000e+01
9.000000000000000000e+01
9.000000000000000000e+01
9.000000000000000000e+01
9.000000000000000000e+01
9.000000000000000000e+01
9.000000000000000000e+01
9.000000000000000000e+01
9.000000000000000000e+01
9.000000000000000000e+01
9.000000000000000000e+01
9.000000000000000000e+01
9.000000000000000000e+01
9.000000000000000000e+01
9.000000000000000000e+01
9.000000000000000000e+01
9.000000000000000000e+01
9.000000000000000000e+01
9.000000000000000000e+01
9.000000000000000000e+01
9.000000000000000000e+01
9.000000000000000000e+01
9.000000000000000000e+01
9.000000000000000000e+01
9.000000000000000000e+01
9.000000000000000000e+01
9.000000000000000000e+01
9.000000000000000000e+01
9.000000000000000000e+01
9.000000000000000000e+01
9.000000000000000000e+01
9.000000000000000000e+01
9.000000000000000000e+01
9.000000000000000000e+01
9.000000000000000000e+01
8.900000000000000000e+01
8.900000000000000000e+01
8.800000000000000000e+01
8.700000000000000000e+01
8.700000000000000000e+01
8.600000000000000000e+01
8.400000000000000000e+01
8.100000000000000000e+01
7.900000000000000000e+01
7.500000000000000000e+01
7.300000000000000000e+01
7.200000000000000000e+01
