6.800000000000000000e+01
6.900000000000000000e+01
7.200000000000000000e+01
7.600000000000000000e+01
7.600000000000000000e+01
8.000000000000000000e+01
8.400000000000000000e+01
9.200000000000000000e+01
9.500000000000000000e+01
9.500000000000000000e+01
1.000000000000000000e+02
1.000000000000000000e+02
1.000000000000000000e+02
1.000000000000000000e+02
1.000000000000000000e+02
1.000000000000000000e+02
1.000000000000000000e+02
1.000000000000000000e+02
1.000000000000000000e+02
1.000000000000000000e+02
1.000000000000000000e+02
1.000000000000000000e+02
1.000000000000000000e+02
1.000000000000000000e+02
1.000000000000000000e+02
1.000000000000000000e+02
1.000000000000000000e+02
1.000000000000000000e+02
1.000000000000000000e+02
1.000000000000000000e+02
1.000000000000000000e+02
1.000000000000000000e+02
1.000000000000000000e+02
1.000000000000000000e+02
1.000000000000000000e+02
1.000000000000000000e+02
1.000000000000000000e+02
1.000000000000000000e+02
1.000000000000000000e+02
1.000000000000000000e+02
1.000000000000000000e+02
1.000000000000000000e+02
1.000000000000000000e+02
1.000000000000000000e+02
1.000000000000000000e+02
1.000000000000000000e+02
1.000000000000000000e+02
1.070000000000000000e+02
1.140000000000000000e+02
1.250000000000000000e+02
1.250000000000000000e+02
1.300000000000000000e+02
1.340000000000000000e+02
1.410000000000000000e+02
1.410000000000000000e+02
1.490000000000000000e+02
1.540000000000000000e+02
1.590000000000000000e+02
1.700000000000000000e+02
1.700000000000000000e+02
1.790000000000000000e+02
1.840000000000000000e+02
1.930000000000000000e+02
1.930000000000000000e+02
1.980000000000000000e+02
1.920000000000000000e+02
1.860000000000000000e+02
1.790000000000000000e+02
1.740000000000000000e+02
1.680000000000000000e+02
1.600000000000000000e+02
1.580000000000000000e+02
1.500000000000000000e+02
1.490000000000000000e+02
1.450000000000000000e+02
1.350000000000000000e+02
1.350000000000000000e+02
1.330000000000000000e+02
1.320000000000000000e+02
1.290000000000000000e+02
1.260000000000000000e+02
1.240000000000000000e+02
1.230000000000000000e+02
1.200000000000000000e+02
1.200000000000000000e+02
1.150000000000000000e+02
1.130000000000000000e+02
1.060000000000000000e+02
1.060000000000000000e+02
1.060000000000000000e+02
1.050000000000000000e+02
1.040000000000000000e+02
1.040000000000000000e+02
1.040000000000000000e+02
1.040000000000000000e+02
1.040000000000000000e+02
1.040000000000000000e+02
1.040000000000000000e+02
1.040000000000000000e+02
1.040000000000000000e+02
1.040000000000000000e+02
1.040000000000000000e+02
1.040000000000000000e+02
1.040000000000000000e+02
1.040000000000000000e+02
1.040000000000000000e+02
1.040000000000000000e+02
1.040000000000000000e+02
1.040000000000000000e+02
1.040000000000000000e+02
1.040000000000000000e+02
1.040000000000000000e+02
1.040000000000000000e+02
1.030000000000000000e+02
1.010000000000000000e+02
9.800000000000000000e+01
9.600000000000000000e+01
9.400000000000000000e+01
9.000000000000000000e+01
8.900000000000000000e+01
8.800000000000000000e+01
8.600000000000000000e+01
8.500000000000000000e+01
8.500000000000000000e+01
8.300000000000000000e+01
7.700000000000000000e+01
7.300000000000000000e+01
7.200000000000000000e+01
