0.000000000000000000e+00
0.000000000000000000e+00
0.000000000000000000e+00
0.000000000000000000e+00
0.000000000000000000e+00
0.000000000000000000e+00
0.000000000000000000e+00
0.000000000000000000e+00
0.000000000000000000e+00
0.000000000000000000e+00
0.000000000000000000e+00
0.000000000000000000e+00
0.000000000000000000e+00
0.000000000000000000e+00
0.000000000000000000e+00
0.000000000000000000e+00
0.000000000000000000e+00
0.000000000000000000e+00
0.000000000000000000e+00
0.000000000000000000e+00
0.000000000000000000e+00
0.000000000000000000e+00
0.000000000000000000e+00
0.000000000000000000e+00
0.000000000000000000e+00
0.000000000000000000e+00
0.000000000000000000e+00
0.000000000000000000e+00
0.000000000000000000e+00
0.000000000000000000e+00
0.000000000000000000e+00
0.000000000000000000e+00
0.000000000000000000e+00
0.000000000000000000e+00
0.000000000000000000e+00
0.000000000000000000e+00
0.000000000000000000e+00
0.000000000000000000e+00
0.000000000000000000e+00
0.000000000000000000e+00
0.000000000000000000e+00
0.000000000000000000e+00
0.000000000000000000e+00
0.000000000000000000e+00
0.000000000000000000e+00
0.000000000000000000e+00
8.000000000000000000e+00
1.400000000000000000e+01
2.300000000000000000e+01
3.400000000000000000e+01
3.400000000000000000e+01
4.400000000000000000e+01
5.800000000000000000e+01
6.600000000000000000e+01
6.600000000000000000e+01
7.700000000000000000e+01
7.700000000000000000e+01
7.700000000000000000e+01
7.700000000000000000e+01
7.700000000000000000e+01
7.700000000000000000e+01
7.700000000000000000e+01
7.700000000000000000e+01
7.700000000000000000e+01
7.700000000000000000e+01
7.700000000000000000e+01
7.700000000000000000e+01
7.700000000000000000e+01
7.700000000000000000e+01
7.700000000000000000e+01
7.700000000000000000e+01
7.700000000000000000e+01
7.700000000000000000e+01
7.700000000000000000e+01
7.700000000000000000e+01
7.700000000000000000e+01
7.700000000000000000e+01
7.700000000000000000e+01
7.700000000000000000e+01
7.700000000000000000e+01
7.700000000000000000e+01
7.700000000000000000e+01
7.700000000000000000e+01
7.700000000000000000e+01
7.700000000000000000e+01
7.700000000000000000e+01
7.700000000000000000e+01
7.700000000000000000e+01
7.700000000000000000e+01
7.700000000000000000e+01
7.700000000000000000e+01
7.700000000000000000e+01
7.700000000000000000e+01
7.700000000000000000e+01
7.700000000000000000e+01
7.700000000000000000e+01
7.700000000000000000e+01
7.700000000000000000e+01
7.700000000000000000e+01
7.700000000000000000e+01
7.700000000000000000e+01
7.700000000000000000e+01
7.700000000000000000e+01
7.700000000000000000e+01
7.700000000000000000e+01
7.700000000000000000e+01
7.700000000000000000e+01
7.700000000000000000e+01
7.700000000000000000e+01
7.700000000000000000e+01
7.600000000000000000e+01
7.600000000000000000e+01
7.600000000000000000e+01
7.600000000000000000e+01
7.300000000000000000e+01
7.200000000000000000e+01
6.900000000000000000e+01
6.800000000000000000e+01
6.600000000000000000e+01
6.500000000000000000e+01
6.200000000000000000e+01
5.600000000000000000e+01
4.900000000000000000e+01
4.700000000000000000e+01
4.600000000000000000e+01
4.300000000000000000e+01
4.100000000000000000e+01
3.900000000000000000e+01
