0.000000000000000000e+00
0.000000000000000000e+00
0.000000000000000000e+00
0.000000000000000000e+00
0.000000000000000000e+00
0.000000000000000000e+00
0.000000000000000000e+00
0.000000000000000000e+00
0.000000000000000000e+00
0.000000000000000000e+00
0.000000000000000000e+00
0.000000000000000000e+00
0.000000000000000000e+00
0.000000000000000000e+00
0.000000000000000000e+00
0.000000000000000000e+00
0.000000000000000000e+00
0.000000000000000000e+00
0.000000000000000000e+00
0.000000000000000000e+00
0.000000000000000000e+00
0.000000000000000000e+00
0.000000000000000000e+00
0.000000000000000000e+00
0.000000000000000000e+00
0.000000000000000000e+00
0.000000000000000000e+00
0.000000000000000000e+00
0.000000000000000000e+00
0.000000000000000000e+00
0.000000000000000000e+00
0.000000000000000000e+00
0.000000000000000000e+00
0.000000000000000000e+00
0.000000000000000000e+00
0.000000000000000000e+00
0.000000000000000000e+00
0.000000000000000000e+00
0.000000000000000000e+00
0.000000000000000000e+00
0.000000000000000000e+00
0.000000000000000000e+00
0.000000000000000000e+00
0.000000000000000000e+00
0.000000000000000000e+00
0.000000000000000000e+00
4.000000000000000000e+00
1.200000000000000000e+01
1.900000000000000000e+01
2.400000000000000000e+01
2.400000000000000000e+01
3.600000000000000000e+01
4.300000000000000000e+01
5.200000000000000000e+01
5.200000000000000000e+01
6.100000000000000000e+01
6.900000000000000000e+01
7.300000000000000000e+01
7.500000000000000000e+01
7.500000000000000000e+01
8.100000000000000000e+01
8.900000000000000000e+01
9.400000000000000000e+01
9.400000000000000000e+01
1.030000000000000000e+02
1.030000000000000000e+02
1.030000000000000000e+02
1.030000000000000000e+02
1.030000000000000000e+02
1.030000000000000000e+02
1.030000000000000000e+02
1.030000000000000000e+02
1.030000000000000000e+02
1.030000000000000000e+02
1.030000000000000000e+02
1.030000000000000000e+02
1.030000000000000000e+02
1.030000000000000000e+02
1.030000000000000000e+02
1.030000000000000000e+02
1.030000000000000000e+02
1.030000000000000000e+02
1.030000000000000000e+02
1.030000000000000000e+02
1.030000000000000000e+02
1.030000000000000000e+02
1.030000000000000000e+02
1.030000000000000000e+02
1.030000000000000000e+02
1.030000000000000000e+02
1.030000000000000000e+02
1.030000000000000000e+02
1.030000000000000000e+02
1.030000000000000000e+02
1.030000000000000000e+02
1.030000000000000000e+02
1.030000000000000000e+02
1.030000000000000000e+02
1.030000000000000000e+02
1.030000000000000000e+02
1.030000000000000000e+02
1.030000000000000000e+02
1.030000000000000000e+02
1.030000000000000000e+02
1.030000000000000000e+02
1.030000000000000000e+02
1.030000000000000000e+02
1.030000000000000000e+02
1.030000000000000000e+02
1.030000000000000000e+02
1.030000000000000000e+02
1.020000000000000000e+02
1.010000000000000000e+02
9.900000000000000000e+01
9.900000000000000000e+01
9.900000000000000000e+01
9.900000000000000000e+01
9.600000000000000000e+01
9.500000000000000000e+01
9.400000000000000000e+01
9.300000000000000000e+01
9.100000000000000000e+01
8.700000000000000000e+01
8.700000000000000000e+01
8.400000000000000000e+01
8.100000000000000000e+01
8.100000000000000000e+01
8.000000000000000000e+01
