0.000000000000000000e+00
0.000000000000000000e+00
0.000000000000000000e+00
0.000000000000000000e+00
0.000000000000000000e+00
0.000000000000000000e+00
0.000000000000000000e+00
0.000000000000000000e+00
0.000000000000000000e+00
0.000000000000000000e+00
0.000000000000000000e+00
0.000000000000000000e+00
0.000000000000000000e+00
0.000000000000000000e+00
0.000000000000000000e+00
0.000000000000000000e+00
0.000000000000000000e+00
0.000000000000000000e+00
0.000000000000000000e+00
0.000000000000000000e+00
0.000000000000000000e+00
0.000000000000000000e+00
0.000000000000000000e+00
0.000000000000000000e+00
0.000000000000000000e+00
0.000000000000000000e+00
0.000000000000000000e+00
0.000000000000000000e+00
0.000000000000000000e+00
0.000000000000000000e+00
0.000000000000000000e+00
0.000000000000000000e+00
5.000000000000000000e+00
1.500000000000000000e+01
2.300000000000000000e+01
3.200000000000000000e+01
3.200000000000000000e+01
4.000000000000000000e+01
4.700000000000000000e+01
5.500000000000000000e+01
6.300000000000000000e+01
6.300000000000000000e+01
7.000000000000000000e+01
7.700000000000000000e+01
8.400000000000000000e+01
8.400000000000000000e+01
9.400000000000000000e+01
1.010000000000000000e+02
1.080000000000000000e+02
1.210000000000000000e+02
1.210000000000000000e+02
1.250000000000000000e+02
1.340000000000000000e+02
1.410000000000000000e+02
1.410000000000000000e+02
1.500000000000000000e+02
1.560000000000000000e+02
1.640000000000000000e+02
1.700000000000000000e+02
1.700000000000000000e+02
1.740000000000000000e+02
1.830000000000000000e+02
1.910000000000000000e+02
1.910000000000000000e+02
1.920000000000000000e+02
1.920000000000000000e+02
1.920000000000000000e+02
1.920000000000000000e+02
1.920000000000000000e+02
1.920000000000000000e+02
1.920000000000000000e+02
1.920000000000000000e+02
1.920000000000000000e+02
1.920000000000000000e+02
1.920000000000000000e+02
1.920000000000000000e+02
1.920000000000000000e+02
1.920000000000000000e+02
1.920000000000000000e+02
1.920000000000000000e+02
1.920000000000000000e+02
1.920000000000000000e+02
1.920000000000000000e+02
1.920000000000000000e+02
1.920000000000000000e+02
1.920000000000000000e+02
1.920000000000000000e+02
1.920000000000000000e+02
1.920000000000000000e+02
1.920000000000000000e+02
1.920000000000000000e+02
1.920000000000000000e+02
1.920000000000000000e+02
1.920000000000000000e+02
1.920000000000000000e+02
1.920000000000000000e+02
1.920000000000000000e+02
1.900000000000000000e+02
1.890000000000000000e+02
1.890000000000000000e+02
1.890000000000000000e+02
1.880000000000000000e+02
1.880000000000000000e+02
1.870000000000000000e+02
1.830000000000000000e+02
1.810000000000000000e+02
1.770000000000000000e+02
1.740000000000000000e+02
1.690000000000000000e+02
1.680000000000000000e+02
1.650000000000000000e+02
1.610000000000000000e+02
1.570000000000000000e+02
1.560000000000000000e+02
1.480000000000000000e+02
1.450000000000000000e+02
1.430000000000000000e+02
1.430000000000000000e+02
1.400000000000000000e+02
1.330000000000000000e+02
1.270000000000000000e+02
1.230000000000000000e+02
1.220000000000000000e+02
1.170000000000000000e+02
1.160000000000000000e+02
1.120000000000000000e+02
1.060000000000000000e+02
1.010000000000000000e+02
