0.000000000000000000e+00
0.000000000000000000e+00
0.000000000000000000e+00
0.000000000000000000e+00
0.000000000000000000e+00
0.000000000000000000e+00
0.000000000000000000e+00
0.000000000000000000e+00
0.000000000000000000e+00
0.000000000000000000e+00
0.000000000000000000e+00
0.000000000000000000e+00
0.000000000000000000e+00
0.000000000000000000e+00
0.000000000000000000e+00
0.000000000000000000e+00
0.000000000000000000e+00
0.000000000000000000e+00
0.000000000000000000e+00
0.000000000000000000e+00
0.000000000000000000e+00
0.000000000000000000e+00
0.000000000000000000e+00
0.000000000000000000e+00
0.000000000000000000e+00
0.000000000000000000e+00
0.000000000000000000e+00
0.000000000000000000e+00
0.000000000000000000e+00
0.000000000000000000e+00
0.000000000000000000e+00
0.000000000000000000e+00
0.000000000000000000e+00
0.000000000000000000e+00
0.000000000000000000e+00
0.000000000000000000e+00
0.000000000000000000e+00
0.000000000000000000e+00
0.000000000000000000e+00
0.000000000000000000e+00
0.000000000000000000e+00
0.000000000000000000e+00
0.000000000000000000e+00
0.000000000000000000e+00
0.000000000000000000e+00
0.000000000000000000e+00
0.000000000000000000e+00
0.000000000000000000e+00
0.000000000000000000e+00
0.000000000000000000e+00
0.000000000000000000e+00
0.000000000000000000e+00
7.000000000000000000e+00
1.900000000000000000e+01
1.900000000000000000e+01
2.500000000000000000e+01
3.800000000000000000e+01
4.900000000000000000e+01
5.500000000000000000e+01
5.500000000000000000e+01
6.400000000000000000e+01
7.400000000000000000e+01
7.900000000000000000e+01
7.900000000000000000e+01
8.800000000000000000e+01
8.800000000000000000e+01
8.800000000000000000e+01
8.800000000000000000e+01
8.800000000000000000e+01
8.800000000000000000e+01
8.800000000000000000e+01
8.800000000000000000e+01
8.800000000000000000e+01
8.800000000000000000e+01
8.800000000000000000e+01
8.800000000000000000e+01
8.800000000000000000e+01
8.800000000000000000e+01
8.800000000000000000e+01
8.800000000000000000e+01
8.800000000000000000e+01
8.800000000000000000e+01
8.800000000000000000e+01
8.800000000000000000e+01
8.800000000000000000e+01
8.800000000000000000e+01
8.800000000000000000e+01
8.800000000000000000e+01
8.800000000000000000e+01
8.800000000000000000e+01
8.800000000000000000e+01
8.800000000000000000e+01
8.800000000000000000e+01
8.800000000000000000e+01
8.800000000000000000e+01
8.800000000000000000e+01
8.800000000000000000e+01
8.800000000000000000e+01
8.800000000000000000e+01
8.800000000000000000e+01
8.800000000000000000e+01
8.800000000000000000e+01
8.800000000000000000e+01
8.800000000000000000e+01
8.800000000000000000e+01
8.800000000000000000e+01
8.800000000000000000e+01
8.800000000000000000e+01
8.800000000000000000e+01
8.800000000000000000e+01
8.800000000000000000e+01
8.800000000000000000e+01
8.800000000000000000e+01
8.800000000000000000e+01
8.800000000000000000e+01
8.800000000000000000e+01
8.800000000000000000e+01
8.800000000000000000e+01
8.700000000000000000e+01
8.600000000000000000e+01
8.600000000000000000e+01
8.200000000000000000e+01
8.000000000000000000e+01
7.900000000000000000e+01
7.800000000000000000e+01
7.300000000000000000e+01
6.700000000000000000e+01
6.400000000000000000e+01
