0.000000000000000000e+00
0.000000000000000000e+00
0.000000000000000000e+00
0.000000000000000000e+00
0.000000000000000000e+00
0.000000000000000000e+00
0.000000000000000000e+00
0.000000000000000000e+00
0.000000000000000000e+00
0.000000000000000000e+00
0.000000000000000000e+00
0.000000000000000000e+00
0.000000000000000000e+00
0.000000000000000000e+00
0.000000000000000000e+00
0.000000000000000000e+00
0.000000000000000000e+00
0.000000000000000000e+00
0.000000000000000000e+00
0.000000000000000000e+00
0.000000000000000000e+00
0.000000000000000000e+00
0.000000000000000000e+00
0.000000000000000000e+00
0.000000000000000000e+00
0.000000000000000000e+00
0.000000000000000000e+00
0.000000000000000000e+00
0.000000000000000000e+00
0.000000000000000000e+00
0.000000000000000000e+00
0.000000000000000000e+00
0.000000000000000000e+00
0.000000000000000000e+00
0.000000000000000000e+00
0.000000000000000000e+00
0.000000000000000000e+00
0.000000000000000000e+00
0.000000000000000000e+00
1.600000000000000000e+01
2.600000000000000000e+01
2.600000000000000000e+01
3.300000000000000000e+01
4.100000000000000000e+01
4.500000000000000000e+01
4.500000000000000000e+01
5.500000000000000000e+01
6.300000000000000000e+01
6.800000000000000000e+01
7.400000000000000000e+01
7.400000000000000000e+01
7.700000000000000000e+01
8.700000000000000000e+01
9.400000000000000000e+01
9.400000000000000000e+01
1.010000000000000000e+02
1.080000000000000000e+02
1.150000000000000000e+02
1.250000000000000000e+02
1.250000000000000000e+02
1.280000000000000000e+02
1.360000000000000000e+02
1.450000000000000000e+02
1.450000000000000000e+02
1.490000000000000000e+02
1.490000000000000000e+02
1.490000000000000000e+02
1.490000000000000000e+02
1.490000000000000000e+02
1.490000000000000000e+02
1.490000000000000000e+02
1.490000000000000000e+02
1.490000000000000000e+02
1.490000000000000000e+02
1.490000000000000000e+02
1.490000000000000000e+02
1.490000000000000000e+02
1.490000000000000000e+02
1.490000000000000000e+02
1.490000000000000000e+02
1.490000000000000000e+02
1.490000000000000000e+02
1.490000000000000000e+02
1.490000000000000000e+02
1.490000000000000000e+02
1.490000000000000000e+02
1.490000000000000000e+02
1.490000000000000000e+02
1.490000000000000000e+02
1.490000000000000000e+02
1.490000000000000000e+02
1.490000000000000000e+02
1.490000000000000000e+02
1.490000000000000000e+02
1.490000000000000000e+02
1.490000000000000000e+02
1.490000000000000000e+02
1.490000000000000000e+02
1.490000000000000000e+02
1.490000000000000000e+02
1.490000000000000000e+02
1.490000000000000000e+02
1.490000000000000000e+02
1.490000000000000000e+02
1.470000000000000000e+02
1.470000000000000000e+02
1.460000000000000000e+02
1.440000000000000000e+02
1.420000000000000000e+02
1.410000000000000000e+02
1.400000000000000000e+02
1.380000000000000000e+02
1.370000000000000000e+02
1.330000000000000000e+02
1.310000000000000000e+02
1.270000000000000000e+02
1.230000000000000000e+02
1.200000000000000000e+02
1.190000000000000000e+02
1.180000000000000000e+02
1.160000000000000000e+02
1.120000000000000000e+02
1.080000000000000000e+02
1.060000000000000000e+02
1.030000000000000000e+02
1.010000000000000000e+02
9.400000000000000000e+01
8.900000000000000000e+01
