0.000000000000000000e+00
0.000000000000000000e+00
0.000000000000000000e+00
0.000000000000000000e+00
0.000000000000000000e+00
0.000000000000000000e+00
0.000000000000000000e+00
0.000000000000000000e+00
0.000000000000000000e+00
0.000000000000000000e+00
0.000000000000000000e+00
0.000000000000000000e+00
0.000000000000000000e+00
0.000000000000000000e+00
0.000000000000000000e+00
0.000000000000000000e+00
0.000000000000000000e+00
1.000000000000000000e+00
1.000000000000000000e+00
1.000000000000000000e+00
1.000000000000000000e+00
2.000000000000000000e+00
2.000000000000000000e+00
4.000000000000000000e+00
1.000000000000000000e+01
1.500000000000000000e+01
2.700000000000000000e+01
2.700000000000000000e+01
3.500000000000000000e+01
4.300000000000000000e+01
5.200000000000000000e+01
5.200000000000000000e+01
5.700000000000000000e+01
6.300000000000000000e+01
7.100000000000000000e+01
8.100000000000000000e+01
8.100000000000000000e+01
8.700000000000000000e+01
9.000000000000000000e+01
9.800000000000000000e+01
1.050000000000000000e+02
1.050000000000000000e+02
1.130000000000000000e+02
1.190000000000000000e+02
1.280000000000000000e+02
1.280000000000000000e+02
1.350000000000000000e+02
1.420000000000000000e+02
1.500000000000000000e+02
1.570000000000000000e+02
1.570000000000000000e+02
1.680000000000000000e+02
1.760000000000000000e+02
1.850000000000000000e+02
1.850000000000000000e+02
1.950000000000000000e+02
2.040000000000000000e+02
2.080000000000000000e+02
2.160000000000000000e+02
2.160000000000000000e+02
2.260000000000000000e+02
2.340000000000000000e+02
2.390000000000000000e+02
2.390000000000000000e+02
2.450000000000000000e+02
2.450000000000000000e+02
2.450000000000000000e+02
2.450000000000000000e+02
2.450000000000000000e+02
2.450000000000000000e+02
2.450000000000000000e+02
2.450000000000000000e+02
2.450000000000000000e+02
2.450000000000000000e+02
2.450000000000000000e+02
2.450000000000000000e+02
2.450000000000000000e+02
2.450000000000000000e+02
2.450000000000000000e+02
2.450000000000000000e+02
2.450000000000000000e+02
2.450000000000000000e+02
2.450000000000000000e+02
2.450000000000000000e+02
2.450000000000000000e+02
2.450000000000000000e+02
2.450000000000000000e+02
2.450000000000000000e+02
2.440000000000000000e+02
2.430000000000000000e+02
2.430000000000000000e+02
2.430000000000000000e+02
2.420000000000000000e+02
2.390000000000000000e+02
2.390000000000000000e+02
2.360000000000000000e+02
2.340000000000000000e+02
2.320000000000000000e+02
2.300000000000000000e+02
2.260000000000000000e+02
2.260000000000000000e+02
2.200000000000000000e+02
2.140000000000000000e+02
2.080000000000000000e+02
2.050000000000000000e+02
2.040000000000000000e+02
2.010000000000000000e+02
1.960000000000000000e+02
1.920000000000000000e+02
1.890000000000000000e+02
1.860000000000000000e+02
1.820000000000000000e+02
1.780000000000000000e+02
1.760000000000000000e+02
1.700000000000000000e+02
1.650000000000000000e+02
1.570000000000000000e+02
1.570000000000000000e+02
1.530000000000000000e+02
1.470000000000000000e+02
1.430000000000000000e+02
1.350000000000000000e+02
1.330000000000000000e+02
1.290000000000000000e+02
1.240000000000000000e+02
1.190000000000000000e+02
1.110000000000000000e+02
1.070000000000000000e+02
