0.000000000000000000e+00
0.000000000000000000e+00
0.000000000000000000e+00
0.000000000000000000e+00
0.000000000000000000e+00
0.000000000000000000e+00
0.000000000000000000e+00
0.000000000000000000e+00
0.000000000000000000e+00
0.000000000000000000e+00
0.000000000000000000e+00
0.000000000000000000e+00
0.000000000000000000e+00
0.000000000000000000e+00
0.000000000000000000e+00
0.000000000000000000e+00
0.000000000000000000e+00
0.000000000000000000e+00
0.000000000000000000e+00
0.000000000000000000e+00
0.000000000000000000e+00
0.000000000000000000e+00
0.000000000000000000e+00
0.000000000000000000e+00
0.000000000000000000e+00
0.000000000000000000e+00
0.000000000000000000e+00
0.000000000000000000e+00
0.000000000000000000e+00
0.000000000000000000e+00
0.000000000000000000e+00
0.000000000000000000e+00
0.000000000000000000e+00
0.000000000000000000e+00
0.000000000000000000e+00
1.000000000000000000e+01
1.000000000000000000e+01
2.000000000000000000e+01
2.500000000000000000e+01
3.400000000000000000e+01
3.900000000000000000e+01
3.900000000000000000e+01
4.600000000000000000e+01
5.000000000000000000e+01
5.300000000000000000e+01
5.300000000000000000e+01
6.200000000000000000e+01
7.400000000000000000e+01
8.300000000000000000e+01
9.000000000000000000e+01
9.000000000000000000e+01
9.700000000000000000e+01
1.030000000000000000e+02
1.110000000000000000e+02
1.110000000000000000e+02
1.170000000000000000e+02
1.210000000000000000e+02
1.300000000000000000e+02
1.410000000000000000e+02
1.410000000000000000e+02
1.540000000000000000e+02
1.620000000000000000e+02
1.720000000000000000e+02
1.720000000000000000e+02
1.810000000000000000e+02
1.810000000000000000e+02
1.810000000000000000e+02
1.810000000000000000e+02
1.810000000000000000e+02
1.810000000000000000e+02
1.810000000000000000e+02
1.810000000000000000e+02
1.810000000000000000e+02
1.810000000000000000e+02
1.810000000000000000e+02
1.810000000000000000e+02
1.810000000000000000e+02
1.810000000000000000e+02
1.810000000000000000e+02
1.810000000000000000e+02
1.810000000000000000e+02
1.810000000000000000e+02
1.810000000000000000e+02
1.810000000000000000e+02
1.810000000000000000e+02
1.810000000000000000e+02
1.810000000000000000e+02
1.810000000000000000e+02
1.810000000000000000e+02
1.810000000000000000e+02
1.810000000000000000e+02
1.810000000000000000e+02
1.810000000000000000e+02
1.810000000000000000e+02
1.810000000000000000e+02
1.810000000000000000e+02
1.810000000000000000e+02
1.810000000000000000e+02
1.810000000000000000e+02
1.810000000000000000e+02
1.810000000000000000e+02
1.810000000000000000e+02
1.790000000000000000e+02
1.790000000000000000e+02
1.790000000000000000e+02
1.780000000000000000e+02
1.750000000000000000e+02
1.710000000000000000e+02
1.690000000000000000e+02
1.680000000000000000e+02
1.660000000000000000e+02
1.630000000000000000e+02
1.590000000000000000e+02
1.560000000000000000e+02
1.530000000000000000e+02
1.520000000000000000e+02
1.450000000000000000e+02
1.400000000000000000e+02
1.390000000000000000e+02
1.370000000000000000e+02
1.340000000000000000e+02
1.280000000000000000e+02
1.240000000000000000e+02
1.190000000000000000e+02
1.140000000000000000e+02
1.070000000000000000e+02
1.030000000000000000e+02
9.700000000000000000e+01
