0.000000000000000000e+00
0.000000000000000000e+00
0.000000000000000000e+00
0.000000000000000000e+00
0.000000000000000000e+00
0.000000000000000000e+00
0.000000000000000000e+00
0.000000000000000000e+00
0.000000000000000000e+00
0.000000000000000000e+00
0.000000000000000000e+00
0.000000000000000000e+00
0.000000000000000000e+00
0.000000000000000000e+00
0.000000000000000000e+00
0.000000000000000000e+00
0.000000000000000000e+00
0.000000000000000000e+00
0.000000000000000000e+00
0.000000000000000000e+00
0.000000000000000000e+00
0.000000000000000000e+00
0.000000000000000000e+00
0.000000000000000000e+00
0.000000000000000000e+00
0.000000000000000000e+00
0.000000000000000000e+00
0.000000000000000000e+00
0.000000000000000000e+00
0.000000000000000000e+00
0.000000000000000000e+00
0.000000000000000000e+00
0.000000000000000000e+00
0.000000000000000000e+00
0.000000000000000000e+00
2.000000000000000000e+00
2.000000000000000000e+00
1.000000000000000000e+01
1.900000000000000000e+01
2.500000000000000000e+01
3.500000000000000000e+01
3.500000000000000000e+01
4.200000000000000000e+01
4.700000000000000000e+01
5.300000000000000000e+01
5.300000000000000000e+01
6.200000000000000000e+01
6.800000000000000000e+01
7.200000000000000000e+01
7.700000000000000000e+01
7.700000000000000000e+01
8.300000000000000000e+01
9.300000000000000000e+01
1.070000000000000000e+02
1.070000000000000000e+02
1.170000000000000000e+02
1.210000000000000000e+02
1.290000000000000000e+02
1.330000000000000000e+02
1.330000000000000000e+02
1.450000000000000000e+02
1.540000000000000000e+02
1.620000000000000000e+02
1.620000000000000000e+02
1.710000000000000000e+02
1.710000000000000000e+02
1.710000000000000000e+02
1.710000000000000000e+02
1.710000000000000000e+02
1.710000000000000000e+02
1.710000000000000000e+02
1.710000000000000000e+02
1.710000000000000000e+02
1.710000000000000000e+02
1.710000000000000000e+02
1.710000000000000000e+02
1.710000000000000000e+02
1.710000000000000000e+02
1.710000000000000000e+02
1.710000000000000000e+02
1.710000000000000000e+02
1.710000000000000000e+02
1.710000000000000000e+02
1.710000000000000000e+02
1.710000000000000000e+02
1.710000000000000000e+02
1.710000000000000000e+02
1.710000000000000000e+02
1.710000000000000000e+02
1.710000000000000000e+02
1.710000000000000000e+02
1.710000000000000000e+02
1.710000000000000000e+02
1.710000000000000000e+02
1.710000000000000000e+02
1.710000000000000000e+02
1.710000000000000000e+02
1.710000000000000000e+02
1.710000000000000000e+02
1.710000000000000000e+02
1.710000000000000000e+02
1.710000000000000000e+02
1.680000000000000000e+02
1.680000000000000000e+02
1.680000000000000000e+02
1.670000000000000000e+02
1.660000000000000000e+02
1.630000000000000000e+02
1.610000000000000000e+02
1.600000000000000000e+02
1.580000000000000000e+02
1.550000000000000000e+02
1.520000000000000000e+02
1.460000000000000000e+02
1.440000000000000000e+02
1.420000000000000000e+02
1.400000000000000000e+02
1.400000000000000000e+02
1.350000000000000000e+02
1.280000000000000000e+02
1.250000000000000000e+02
1.230000000000000000e+02
1.210000000000000000e+02
1.140000000000000000e+02
1.110000000000000000e+02
1.060000000000000000e+02
1.020000000000000000e+02
1.000000000000000000e+02
