0.000000000000000000e+00
0.000000000000000000e+00
0.000000000000000000e+00
0.000000000000000000e+00
0.000000000000000000e+00
0.000000000000000000e+00
0.000000000000000000e+00
0.000000000000000000e+00
0.000000000000000000e+00
0.000000000000000000e+00
0.000000000000000000e+00
0.000000000000000000e+00
0.000000000000000000e+00
0.000000000000000000e+00
0.000000000000000000e+00
0.000000000000000000e+00
0.000000000000000000e+00
0.000000000000000000e+00
0.000000000000000000e+00
0.000000000000000000e+00
0.000000000000000000e+00
0.000000000000000000e+00
0.000000000000000000e+00
0.000000000000000000e+00
0.000000000000000000e+00
0.000000000000000000e+00
0.000000000000000000e+00
0.000000000000000000e+00
0.000000000000000000e+00
0.000000000000000000e+00
0.000000000000000000e+00
0.000000000000000000e+00
0.000000000000000000e+00
0.000000000000000000e+00
0.000000000000000000e+00
0.000000000000000000e+00
0.000000000000000000e+00
0.000000000000000000e+00
0.000000000000000000e+00
0.000000000000000000e+00
0.000000000000000000e+00
0.000000000000000000e+00
0.000000000000000000e+00
0.000000000000000000e+00
0.000000000000000000e+00
0.000000000000000000e+00
0.000000000000000000e+00
0.000000000000000000e+00
0.000000000000000000e+00
0.000000000000000000e+00
0.000000000000000000e+00
0.000000000000000000e+00
0.000000000000000000e+00
0.000000000000000000e+00
0.000000000000000000e+00
0.000000000000000000e+00
0.000000000000000000e+00
9.000000000000000000e+00
1.900000000000000000e+01
1.900000000000000000e+01
2.900000000000000000e+01
3.800000000000000000e+01
4.600000000000000000e+01
4.600000000000000000e+01
5.400000000000000000e+01
5.400000000000000000e+01
5.400000000000000000e+01
5.400000000000000000e+01
5.400000000000000000e+01
5.400000000000000000e+01
5.400000000000000000e+01
5.400000000000000000e+01
5.400000000000000000e+01
5.400000000000000000e+01
5.400000000000000000e+01
5.400000000000000000e+01
5.400000000000000000e+01
5.400000000000000000e+01
5.400000000000000000e+01
5.400000000000000000e+01
5.400000000000000000e+01
5.400000000000000000e+01
5.400000000000000000e+01
5.400000000000000000e+01
5.400000000000000000e+01
5.400000000000000000e+01
5.400000000000000000e+01
5.400000000000000000e+01
5.400000000000000000e+01
5.400000000000000000e+01
5.400000000000000000e+01
5.400000000000000000e+01
5.400000000000000000e+01
5.400000000000000000e+01
5.400000000000000000e+01
5.400000000000000000e+01
5.400000000000000000e+01
5.400000000000000000e+01
5.400000000000000000e+01
5.400000000000000000e+01
5.400000000000000000e+01
5.400000000000000000e+01
5.400000000000000000e+01
5.400000000000000000e+01
5.400000000000000000e+01
5.400000000000000000e+01
5.400000000000000000e+01
5.400000000000000000e+01
5.400000000000000000e+01
5.400000000000000000e+01
5.400000000000000000e+01
5.400000000000000000e+01
5.400000000000000000e+01
5.400000000000000000e+01
5.400000000000000000e+01
5.400000000000000000e+01
5.400000000000000000e+01
5.400000000000000000e+01
5.400000000000000000e+01
5.400000000000000000e+01
5.400000000000000000e+01
5.400000000000000000e+01
5.300000000000000000e+01
5.000000000000000000e+01
4.900000000000000000e+01
4.600000000000000000e+01
4.500000000000000000e+01
4.200000000000000000e+01
