0.000000000000000000e+00
0.000000000000000000e+00
0.000000000000000000e+00
0.000000000000000000e+00
0.000000000000000000e+00
0.000000000000000000e+00
0.000000000000000000e+00
0.000000000000000000e+00
0.000000000000000000e+00
0.000000000000000000e+00
0.000000000000000000e+00
0.000000000000000000e+00
0.000000000000000000e+00
0.000000000000000000e+00
0.000000000000000000e+00
0.000000000000000000e+00
0.000000000000000000e+00
0.000000000000000000e+00
0.000000000000000000e+00
0.000000000000000000e+00
0.000000000000000000e+00
0.000000000000000000e+00
0.000000000000000000e+00
0.000000000000000000e+00
0.000000000000000000e+00
0.000000000000000000e+00
0.000000000000000000e+00
0.000000000000000000e+00
0.000000000000000000e+00
0.000000000000000000e+00
0.000000000000000000e+00
0.000000000000000000e+00
6.000000000000000000e+00
1.600000000000000000e+01
2.200000000000000000e+01
3.000000000000000000e+01
3.000000000000000000e+01
4.100000000000000000e+01
4.700000000000000000e+01
5.400000000000000000e+01
6.300000000000000000e+01
6.300000000000000000e+01
7.100000000000000000e+01
8.100000000000000000e+01
8.900000000000000000e+01
8.900000000000000000e+01
9.600000000000000000e+01
1.040000000000000000e+02
1.090000000000000000e+02
1.150000000000000000e+02
1.150000000000000000e+02
1.210000000000000000e+02
1.310000000000000000e+02
1.390000000000000000e+02
1.390000000000000000e+02
1.490000000000000000e+02
1.530000000000000000e+02
1.610000000000000000e+02
1.730000000000000000e+02
1.730000000000000000e+02
1.820000000000000000e+02
1.910000000000000000e+02
1.990000000000000000e+02
1.990000000000000000e+02
2.030000000000000000e+02
2.030000000000000000e+02
2.030000000000000000e+02
2.030000000000000000e+02
2.030000000000000000e+02
2.030000000000000000e+02
2.030000000000000000e+02
2.030000000000000000e+02
2.030000000000000000e+02
2.030000000000000000e+02
2.030000000000000000e+02
2.030000000000000000e+02
2.030000000000000000e+02
2.030000000000000000e+02
2.030000000000000000e+02
2.030000000000000000e+02
2.030000000000000000e+02
2.030000000000000000e+02
2.030000000000000000e+02
2.030000000000000000e+02
2.030000000000000000e+02
2.030000000000000000e+02
2.030000000000000000e+02
2.030000000000000000e+02
2.030000000000000000e+02
2.030000000000000000e+02
2.030000000000000000e+02
2.030000000000000000e+02
2.030000000000000000e+02
2.030000000000000000e+02
2.030000000000000000e+02
2.030000000000000000e+02
2.030000000000000000e+02
2.020000000000000000e+02
2.010000000000000000e+02
1.990000000000000000e+02
1.980000000000000000e+02
1.950000000000000000e+02
1.940000000000000000e+02
1.890000000000000000e+02
1.880000000000000000e+02
1.870000000000000000e+02
1.830000000000000000e+02
1.810000000000000000e+02
1.790000000000000000e+02
1.740000000000000000e+02
1.720000000000000000e+02
1.670000000000000000e+02
1.670000000000000000e+02
1.640000000000000000e+02
1.590000000000000000e+02
1.550000000000000000e+02
1.500000000000000000e+02
1.470000000000000000e+02
1.460000000000000000e+02
1.390000000000000000e+02
1.300000000000000000e+02
1.260000000000000000e+02
1.230000000000000000e+02
1.150000000000000000e+02
1.130000000000000000e+02
1.080000000000000000e+02
1.050000000000000000e+02
1.030000000000000000e+02
