6.500000000000000000e+01
6.600000000000000000e+01
6.900000000000000000e+01
7.000000000000000000e+01
7.000000000000000000e+01
7.100000000000000000e+01
7.400000000000000000e+01
7.700000000000000000e+01
8.000000000000000000e+01
8.000000000000000000e+01
8.000000000000000000e+01
8.000000000000000000e+01
8.000000000000000000e+01
8.000000000000000000e+01
8.000000000000000000e+01
8.100000000000000000e+01
8.100000000000000000e+01
8.100000000000000000e+01
8.100000000000000000e+01
8.100000000000000000e+01
8.100000000000000000e+01
8.100000000000000000e+01
8.100000000000000000e+01
8.100000000000000000e+01
8.100000000000000000e+01
8.100000000000000000e+01
8.100000000000000000e+01
8.100000000000000000e+01
8.100000000000000000e+01
8.100000000000000000e+01
8.100000000000000000e+01
8.100000000000000000e+01
8.100000000000000000e+01
8.100000000000000000e+01
8.100000000000000000e+01
8.100000000000000000e+01
8.100000000000000000e+01
8.100000000000000000e+01
8.100000000000000000e+01
8.100000000000000000e+01
8.100000000000000000e+01
8.100000000000000000e+01
8.100000000000000000e+01
8.100000000000000000e+01
8.100000000000000000e+01
8.100000000000000000e+01
8.100000000000000000e+01
8.700000000000000000e+01
9.300000000000000000e+01
1.030000000000000000e+02
1.030000000000000000e+02
1.100000000000000000e+02
1.150000000000000000e+02
1.200000000000000000e+02
1.200000000000000000e+02
1.330000000000000000e+02
1.400000000000000000e+02
1.480000000000000000e+02
1.570000000000000000e+02
1.570000000000000000e+02
1.600000000000000000e+02
1.660000000000000000e+02
1.750000000000000000e+02
1.750000000000000000e+02
1.780000000000000000e+02
1.730000000000000000e+02
1.680000000000000000e+02
1.620000000000000000e+02
1.560000000000000000e+02
1.500000000000000000e+02
1.470000000000000000e+02
1.410000000000000000e+02
1.350000000000000000e+02
1.290000000000000000e+02
1.260000000000000000e+02
1.190000000000000000e+02
1.130000000000000000e+02
1.090000000000000000e+02
1.040000000000000000e+02
1.040000000000000000e+02
1.040000000000000000e+02
1.040000000000000000e+02
1.040000000000000000e+02
1.040000000000000000e+02
1.040000000000000000e+02
1.040000000000000000e+02
1.040000000000000000e+02
1.040000000000000000e+02
1.040000000000000000e+02
1.040000000000000000e+02
1.040000000000000000e+02
1.040000000000000000e+02
1.040000000000000000e+02
1.040000000000000000e+02
1.040000000000000000e+02
1.040000000000000000e+02
1.040000000000000000e+02
1.040000000000000000e+02
1.040000000000000000e+02
1.040000000000000000e+02
1.030000000000000000e+02
1.030000000000000000e+02
1.030000000000000000e+02
1.030000000000000000e+02
1.030000000000000000e+02
1.030000000000000000e+02
1.030000000000000000e+02
1.030000000000000000e+02
1.030000000000000000e+02
1.030000000000000000e+02
1.030000000000000000e+02
1.010000000000000000e+02
1.010000000000000000e+02
1.000000000000000000e+02
9.900000000000000000e+01
9.800000000000000000e+01
9.600000000000000000e+01
9.400000000000000000e+01
9.300000000000000000e+01
9.100000000000000000e+01
9.100000000000000000e+01
8.600000000000000000e+01
8.400000000000000000e+01
8.300000000000000000e+01
8.100000000000000000e+01
8.000000000000000000e+01
7.700000000000000000e+01
7.300000000000000000e+01
