0.000000000000000000e+00
0.000000000000000000e+00
0.000000000000000000e+00
0.000000000000000000e+00
0.000000000000000000e+00
0.000000000000000000e+00
0.000000000000000000e+00
0.000000000000000000e+00
0.000000000000000000e+00
0.000000000000000000e+00
0.000000000000000000e+00
0.000000000000000000e+00
0.000000000000000000e+00
0.000000000000000000e+00
0.000000000000000000e+00
0.000000000000000000e+00
0.000000000000000000e+00
0.000000000000000000e+00
0.000000000000000000e+00
0.000000000000000000e+00
0.000000000000000000e+00
0.000000000000000000e+00
0.000000000000000000e+00
0.000000000000000000e+00
2.000000000000000000e+00
3.000000000000000000e+00
4.000000000000000000e+00
4.000000000000000000e+00
1.200000000000000000e+01
1.800000000000000000e+01
2.300000000000000000e+01
2.300000000000000000e+01
3.100000000000000000e+01
4.100000000000000000e+01
4.900000000000000000e+01
5.800000000000000000e+01
5.800000000000000000e+01
7.400000000000000000e+01
8.000000000000000000e+01
8.900000000000000000e+01
9.500000000000000000e+01
9.500000000000000000e+01
1.040000000000000000e+02
1.090000000000000000e+02
1.120000000000000000e+02
1.120000000000000000e+02
1.190000000000000000e+02
1.260000000000000000e+02
1.360000000000000000e+02
1.400000000000000000e+02
1.400000000000000000e+02
1.450000000000000000e+02
1.510000000000000000e+02
1.590000000000000000e+02
1.590000000000000000e+02
1.670000000000000000e+02
1.740000000000000000e+02
1.820000000000000000e+02
1.870000000000000000e+02
1.870000000000000000e+02
1.930000000000000000e+02
2.030000000000000000e+02
2.150000000000000000e+02
2.150000000000000000e+02
2.240000000000000000e+02
2.240000000000000000e+02
2.240000000000000000e+02
2.240000000000000000e+02
2.240000000000000000e+02
2.240000000000000000e+02
2.240000000000000000e+02
2.240000000000000000e+02
2.240000000000000000e+02
2.240000000000000000e+02
2.240000000000000000e+02
2.240000000000000000e+02
2.240000000000000000e+02
2.240000000000000000e+02
2.240000000000000000e+02
2.240000000000000000e+02
2.240000000000000000e+02
2.240000000000000000e+02
2.240000000000000000e+02
2.240000000000000000e+02
2.240000000000000000e+02
2.240000000000000000e+02
2.240000000000000000e+02
2.240000000000000000e+02
2.240000000000000000e+02
2.240000000000000000e+02
2.240000000000000000e+02
2.240000000000000000e+02
2.240000000000000000e+02
2.240000000000000000e+02
2.230000000000000000e+02
2.220000000000000000e+02
2.210000000000000000e+02
2.200000000000000000e+02
2.180000000000000000e+02
2.120000000000000000e+02
2.100000000000000000e+02
2.060000000000000000e+02
2.040000000000000000e+02
2.020000000000000000e+02
1.980000000000000000e+02
1.910000000000000000e+02
1.860000000000000000e+02
1.820000000000000000e+02
1.740000000000000000e+02
1.700000000000000000e+02
1.680000000000000000e+02
1.640000000000000000e+02
1.610000000000000000e+02
1.580000000000000000e+02
1.550000000000000000e+02
1.490000000000000000e+02
1.490000000000000000e+02
1.480000000000000000e+02
1.450000000000000000e+02
1.370000000000000000e+02
1.340000000000000000e+02
1.290000000000000000e+02
1.230000000000000000e+02
1.190000000000000000e+02
1.150000000000000000e+02
1.110000000000000000e+02
1.080000000000000000e+02
1.030000000000000000e+02
