0.000000000000000000e+00
0.000000000000000000e+00
0.000000000000000000e+00
0.000000000000000000e+00
0.000000000000000000e+00
0.000000000000000000e+00
0.000000000000000000e+00
0.000000000000000000e+00
0.000000000000000000e+00
0.000000000000000000e+00
0.000000000000000000e+00
0.000000000000000000e+00
0.000000000000000000e+00
0.000000000000000000e+00
0.000000000000000000e+00
0.000000000000000000e+00
0.000000000000000000e+00
0.000000000000000000e+00
0.000000000000000000e+00
0.000000000000000000e+00
0.000000000000000000e+00
0.000000000000000000e+00
0.000000000000000000e+00
0.000000000000000000e+00
0.000000000000000000e+00
0.000000000000000000e+00
0.000000000000000000e+00
0.000000000000000000e+00
0.000000000000000000e+00
0.000000000000000000e+00
0.000000000000000000e+00
0.000000000000000000e+00
0.000000000000000000e+00
4.000000000000000000e+00
7.000000000000000000e+00
8.000000000000000000e+00
8.000000000000000000e+00
1.300000000000000000e+01
2.100000000000000000e+01
2.700000000000000000e+01
3.400000000000000000e+01
3.400000000000000000e+01
4.600000000000000000e+01
5.400000000000000000e+01
5.800000000000000000e+01
5.800000000000000000e+01
7.100000000000000000e+01
7.700000000000000000e+01
8.300000000000000000e+01
9.000000000000000000e+01
9.000000000000000000e+01
9.900000000000000000e+01
1.040000000000000000e+02
1.130000000000000000e+02
1.130000000000000000e+02
1.240000000000000000e+02
1.270000000000000000e+02
1.400000000000000000e+02
1.460000000000000000e+02
1.460000000000000000e+02
1.550000000000000000e+02
1.630000000000000000e+02
1.720000000000000000e+02
1.720000000000000000e+02
1.810000000000000000e+02
1.810000000000000000e+02
1.810000000000000000e+02
1.810000000000000000e+02
1.810000000000000000e+02
1.810000000000000000e+02
1.810000000000000000e+02
1.810000000000000000e+02
1.810000000000000000e+02
1.810000000000000000e+02
1.810000000000000000e+02
1.810000000000000000e+02
1.810000000000000000e+02
1.810000000000000000e+02
1.810000000000000000e+02
1.810000000000000000e+02
1.810000000000000000e+02
1.810000000000000000e+02
1.810000000000000000e+02
1.810000000000000000e+02
1.810000000000000000e+02
1.810000000000000000e+02
1.810000000000000000e+02
1.810000000000000000e+02
1.810000000000000000e+02
1.810000000000000000e+02
1.810000000000000000e+02
1.810000000000000000e+02
1.810000000000000000e+02
1.810000000000000000e+02
1.810000000000000000e+02
1.810000000000000000e+02
1.810000000000000000e+02
1.810000000000000000e+02
1.810000000000000000e+02
1.810000000000000000e+02
1.810000000000000000e+02
1.810000000000000000e+02
1.810000000000000000e+02
1.810000000000000000e+02
1.810000000000000000e+02
1.810000000000000000e+02
1.790000000000000000e+02
1.790000000000000000e+02
1.790000000000000000e+02
1.790000000000000000e+02
1.760000000000000000e+02
1.730000000000000000e+02
1.700000000000000000e+02
1.680000000000000000e+02
1.650000000000000000e+02
1.630000000000000000e+02
1.580000000000000000e+02
1.540000000000000000e+02
1.520000000000000000e+02
1.460000000000000000e+02
1.420000000000000000e+02
1.400000000000000000e+02
1.320000000000000000e+02
1.270000000000000000e+02
1.220000000000000000e+02
1.150000000000000000e+02
1.110000000000000000e+02
1.070000000000000000e+02
