0.000000000000000000e+00
0.000000000000000000e+00
0.000000000000000000e+00
0.000000000000000000e+00
0.000000000000000000e+00
0.000000000000000000e+00
0.000000000000000000e+00
0.000000000000000000e+00
0.000000000000000000e+00
0.000000000000000000e+00
0.000000000000000000e+00
0.000000000000000000e+00
0.000000000000000000e+00
0.000000000000000000e+00
0.000000000000000000e+00
0.000000000000000000e+00
0.000000000000000000e+00
0.000000000000000000e+00
0.000000000000000000e+00
0.000000000000000000e+00
0.000000000000000000e+00
0.000000000000000000e+00
0.000000000000000000e+00
0.000000000000000000e+00
0.000000000000000000e+00
0.000000000000000000e+00
0.000000000000000000e+00
0.000000000000000000e+00
0.000000000000000000e+00
0.000000000000000000e+00
0.000000000000000000e+00
0.000000000000000000e+00
0.000000000000000000e+00
7.000000000000000000e+00
1.500000000000000000e+01
2.400000000000000000e+01
2.400000000000000000e+01
3.200000000000000000e+01
3.700000000000000000e+01
4.300000000000000000e+01
4.700000000000000000e+01
4.700000000000000000e+01
5.400000000000000000e+01
6.300000000000000000e+01
7.100000000000000000e+01
7.100000000000000000e+01
8.100000000000000000e+01
8.700000000000000000e+01
9.400000000000000000e+01
1.010000000000000000e+02
1.010000000000000000e+02
1.060000000000000000e+02
1.130000000000000000e+02
1.220000000000000000e+02
1.220000000000000000e+02
1.310000000000000000e+02
1.390000000000000000e+02
1.490000000000000000e+02
1.590000000000000000e+02
1.590000000000000000e+02
1.630000000000000000e+02
1.720000000000000000e+02
1.830000000000000000e+02
1.830000000000000000e+02
1.910000000000000000e+02
1.910000000000000000e+02
1.910000000000000000e+02
1.910000000000000000e+02
1.910000000000000000e+02
1.910000000000000000e+02
1.910000000000000000e+02
1.910000000000000000e+02
1.910000000000000000e+02
1.910000000000000000e+02
1.910000000000000000e+02
1.910000000000000000e+02
1.910000000000000000e+02
1.910000000000000000e+02
1.910000000000000000e+02
1.910000000000000000e+02
1.910000000000000000e+02
1.910000000000000000e+02
1.910000000000000000e+02
1.910000000000000000e+02
1.910000000000000000e+02
1.910000000000000000e+02
1.910000000000000000e+02
1.910000000000000000e+02
1.910000000000000000e+02
1.910000000000000000e+02
1.910000000000000000e+02
1.910000000000000000e+02
1.910000000000000000e+02
1.910000000000000000e+02
1.910000000000000000e+02
1.910000000000000000e+02
1.910000000000000000e+02
1.910000000000000000e+02
1.910000000000000000e+02
1.910000000000000000e+02
1.910000000000000000e+02
1.870000000000000000e+02
1.860000000000000000e+02
1.860000000000000000e+02
1.830000000000000000e+02
1.830000000000000000e+02
1.820000000000000000e+02
1.800000000000000000e+02
1.770000000000000000e+02
1.730000000000000000e+02
1.700000000000000000e+02
1.660000000000000000e+02
1.650000000000000000e+02
1.640000000000000000e+02
1.580000000000000000e+02
1.550000000000000000e+02
1.530000000000000000e+02
1.460000000000000000e+02
1.430000000000000000e+02
1.400000000000000000e+02
1.370000000000000000e+02
1.320000000000000000e+02
1.280000000000000000e+02
1.240000000000000000e+02
1.200000000000000000e+02
1.170000000000000000e+02
1.100000000000000000e+02
1.060000000000000000e+02
