7.300000000000000000e+01
7.600000000000000000e+01
7.900000000000000000e+01
8.200000000000000000e+01
8.200000000000000000e+01
8.600000000000000000e+01
8.700000000000000000e+01
8.800000000000000000e+01
8.800000000000000000e+01
8.800000000000000000e+01
8.900000000000000000e+01
8.900000000000000000e+01
8.900000000000000000e+01
8.900000000000000000e+01
8.900000000000000000e+01
8.900000000000000000e+01
8.900000000000000000e+01
8.900000000000000000e+01
8.900000000000000000e+01
8.900000000000000000e+01
8.900000000000000000e+01
8.900000000000000000e+01
8.900000000000000000e+01
8.900000000000000000e+01
8.900000000000000000e+01
8.900000000000000000e+01
8.900000000000000000e+01
8.900000000000000000e+01
8.900000000000000000e+01
8.900000000000000000e+01
8.900000000000000000e+01
8.900000000000000000e+01
8.900000000000000000e+01
8.900000000000000000e+01
8.900000000000000000e+01
8.900000000000000000e+01
8.900000000000000000e+01
8.900000000000000000e+01
8.900000000000000000e+01
8.900000000000000000e+01
8.900000000000000000e+01
8.900000000000000000e+01
8.900000000000000000e+01
8.900000000000000000e+01
8.900000000000000000e+01
8.900000000000000000e+01
8.900000000000000000e+01
8.900000000000000000e+01
8.900000000000000000e+01
8.900000000000000000e+01
8.900000000000000000e+01
9.900000000000000000e+01
1.080000000000000000e+02
1.150000000000000000e+02
1.150000000000000000e+02
1.200000000000000000e+02
1.280000000000000000e+02
1.320000000000000000e+02
1.390000000000000000e+02
1.390000000000000000e+02
1.420000000000000000e+02
1.540000000000000000e+02
1.620000000000000000e+02
1.620000000000000000e+02
1.590000000000000000e+02
1.500000000000000000e+02
1.440000000000000000e+02
1.330000000000000000e+02
1.230000000000000000e+02
1.130000000000000000e+02
1.060000000000000000e+02
1.010000000000000000e+02
9.600000000000000000e+01
8.800000000000000000e+01
8.200000000000000000e+01
7.900000000000000000e+01
7.900000000000000000e+01
7.900000000000000000e+01
7.900000000000000000e+01
7.900000000000000000e+01
7.900000000000000000e+01
7.900000000000000000e+01
7.900000000000000000e+01
7.900000000000000000e+01
7.900000000000000000e+01
7.900000000000000000e+01
7.900000000000000000e+01
7.900000000000000000e+01
7.900000000000000000e+01
7.900000000000000000e+01
7.900000000000000000e+01
7.900000000000000000e+01
7.900000000000000000e+01
7.900000000000000000e+01
7.900000000000000000e+01
7.900000000000000000e+01
7.900000000000000000e+01
7.900000000000000000e+01
7.900000000000000000e+01
7.900000000000000000e+01
7.900000000000000000e+01
7.900000000000000000e+01
7.900000000000000000e+01
7.900000000000000000e+01
7.900000000000000000e+01
7.900000000000000000e+01
7.900000000000000000e+01
7.900000000000000000e+01
7.900000000000000000e+01
7.900000000000000000e+01
7.900000000000000000e+01
7.900000000000000000e+01
7.900000000000000000e+01
7.900000000000000000e+01
7.900000000000000000e+01
7.900000000000000000e+01
7.700000000000000000e+01
7.600000000000000000e+01
7.500000000000000000e+01
7.400000000000000000e+01
7.100000000000000000e+01
6.900000000000000000e+01
6.500000000000000000e+01
6.400000000000000000e+01
6.400000000000000000e+01
6.200000000000000000e+01
6.000000000000000000e+01
5.600000000000000000e+01
