0.000000000000000000e+00
0.000000000000000000e+00
0.000000000000000000e+00
0.000000000000000000e+00
0.000000000000000000e+00
0.000000000000000000e+00
0.000000000000000000e+00
0.000000000000000000e+00
0.000000000000000000e+00
0.000000000000000000e+00
0.000000000000000000e+00
0.000000000000000000e+00
0.000000000000000000e+00
0.000000000000000000e+00
0.000000000000000000e+00
0.000000000000000000e+00
0.000000000000000000e+00
0.000000000000000000e+00
0.000000000000000000e+00
0.000000000000000000e+00
0.000000000000000000e+00
0.000000000000000000e+00
0.000000000000000000e+00
0.000000000000000000e+00
0.000000000000000000e+00
0.000000000000000000e+00
0.000000000000000000e+00
0.000000000000000000e+00
0.000000000000000000e+00
0.000000000000000000e+00
0.000000000000000000e+00
0.000000000000000000e+00
0.000000000000000000e+00
0.000000000000000000e+00
0.000000000000000000e+00
0.000000000000000000e+00
0.000000000000000000e+00
0.000000000000000000e+00
0.000000000000000000e+00
0.000000000000000000e+00
0.000000000000000000e+00
0.000000000000000000e+00
0.000000000000000000e+00
1.000000000000000000e+00
8.000000000000000000e+00
8.000000000000000000e+00
1.600000000000000000e+01
2.400000000000000000e+01
3.600000000000000000e+01
4.700000000000000000e+01
4.700000000000000000e+01
5.500000000000000000e+01
5.900000000000000000e+01
7.300000000000000000e+01
7.300000000000000000e+01
8.200000000000000000e+01
9.200000000000000000e+01
1.010000000000000000e+02
1.080000000000000000e+02
1.080000000000000000e+02
1.180000000000000000e+02
1.220000000000000000e+02
1.310000000000000000e+02
1.310000000000000000e+02
1.420000000000000000e+02
1.420000000000000000e+02
1.420000000000000000e+02
1.420000000000000000e+02
1.420000000000000000e+02
1.420000000000000000e+02
1.420000000000000000e+02
1.420000000000000000e+02
1.420000000000000000e+02
1.420000000000000000e+02
1.420000000000000000e+02
1.420000000000000000e+02
1.420000000000000000e+02
1.420000000000000000e+02
1.420000000000000000e+02
1.420000000000000000e+02
1.420000000000000000e+02
1.420000000000000000e+02
1.420000000000000000e+02
1.420000000000000000e+02
1.420000000000000000e+02
1.420000000000000000e+02
1.420000000000000000e+02
1.420000000000000000e+02
1.420000000000000000e+02
1.420000000000000000e+02
1.420000000000000000e+02
1.420000000000000000e+02
1.420000000000000000e+02
1.420000000000000000e+02
1.420000000000000000e+02
1.420000000000000000e+02
1.420000000000000000e+02
1.420000000000000000e+02
1.420000000000000000e+02
1.420000000000000000e+02
1.420000000000000000e+02
1.420000000000000000e+02
1.420000000000000000e+02
1.420000000000000000e+02
1.420000000000000000e+02
1.420000000000000000e+02
1.420000000000000000e+02
1.420000000000000000e+02
1.410000000000000000e+02
1.400000000000000000e+02
1.390000000000000000e+02
1.360000000000000000e+02
1.350000000000000000e+02
1.310000000000000000e+02
1.310000000000000000e+02
1.280000000000000000e+02
1.270000000000000000e+02
1.240000000000000000e+02
1.220000000000000000e+02
1.170000000000000000e+02
1.110000000000000000e+02
1.070000000000000000e+02
1.040000000000000000e+02
1.020000000000000000e+02
9.900000000000000000e+01
9.700000000000000000e+01
9.200000000000000000e+01
8.800000000000000000e+01
