8.100000000000000000e+01
8.800000000000000000e+01
9.000000000000000000e+01
9.500000000000000000e+01
9.500000000000000000e+01
1.020000000000000000e+02
1.040000000000000000e+02
1.080000000000000000e+02
1.110000000000000000e+02
1.110000000000000000e+02
1.130000000000000000e+02
1.170000000000000000e+02
1.180000000000000000e+02
1.180000000000000000e+02
1.190000000000000000e+02
1.200000000000000000e+02
1.210000000000000000e+02
1.210000000000000000e+02
1.210000000000000000e+02
1.210000000000000000e+02
1.210000000000000000e+02
1.210000000000000000e+02
1.210000000000000000e+02
1.210000000000000000e+02
1.210000000000000000e+02
1.210000000000000000e+02
1.210000000000000000e+02
1.210000000000000000e+02
1.210000000000000000e+02
1.210000000000000000e+02
1.210000000000000000e+02
1.210000000000000000e+02
1.210000000000000000e+02
1.210000000000000000e+02
1.210000000000000000e+02
1.210000000000000000e+02
1.210000000000000000e+02
1.210000000000000000e+02
1.210000000000000000e+02
1.210000000000000000e+02
1.210000000000000000e+02
1.210000000000000000e+02
1.210000000000000000e+02
1.210000000000000000e+02
1.210000000000000000e+02
1.210000000000000000e+02
1.210000000000000000e+02
1.210000000000000000e+02
1.210000000000000000e+02
1.210000000000000000e+02
1.210000000000000000e+02
1.210000000000000000e+02
1.210000000000000000e+02
1.210000000000000000e+02
1.210000000000000000e+02
1.210000000000000000e+02
1.280000000000000000e+02
1.380000000000000000e+02
1.460000000000000000e+02
1.460000000000000000e+02
1.520000000000000000e+02
1.590000000000000000e+02
1.650000000000000000e+02
1.650000000000000000e+02
1.660000000000000000e+02
1.610000000000000000e+02
1.550000000000000000e+02
1.450000000000000000e+02
1.390000000000000000e+02
1.310000000000000000e+02
1.230000000000000000e+02
1.180000000000000000e+02
1.100000000000000000e+02
1.030000000000000000e+02
9.900000000000000000e+01
9.300000000000000000e+01
8.700000000000000000e+01
8.000000000000000000e+01
7.600000000000000000e+01
7.000000000000000000e+01
6.600000000000000000e+01
5.900000000000000000e+01
5.200000000000000000e+01
5.200000000000000000e+01
5.200000000000000000e+01
5.200000000000000000e+01
5.200000000000000000e+01
5.200000000000000000e+01
5.200000000000000000e+01
5.200000000000000000e+01
5.200000000000000000e+01
5.200000000000000000e+01
5.200000000000000000e+01
5.200000000000000000e+01
5.200000000000000000e+01
5.200000000000000000e+01
5.200000000000000000e+01
5.200000000000000000e+01
5.200000000000000000e+01
5.200000000000000000e+01
5.200000000000000000e+01
5.200000000000000000e+01
5.200000000000000000e+01
5.200000000000000000e+01
5.200000000000000000e+01
5.200000000000000000e+01
5.200000000000000000e+01
5.200000000000000000e+01
5.200000000000000000e+01
5.200000000000000000e+01
5.200000000000000000e+01
5.200000000000000000e+01
5.200000000000000000e+01
5.200000000000000000e+01
5.200000000000000000e+01
5.200000000000000000e+01
5.200000000000000000e+01
5.200000000000000000e+01
5.200000000000000000e+01
5.200000000000000000e+01
5.100000000000000000e+01
5.000000000000000000e+01
5.000000000000000000e+01
5.000000000000000000e+01
4.900000000000000000e+01
4.800000000000000000e+01
4.500000000000000000e+01
4.500000000000000000e+01
