0.000000000000000000e+00
0.000000000000000000e+00
0.000000000000000000e+00
0.000000000000000000e+00
0.000000000000000000e+00
0.000000000000000000e+00
0.000000000000000000e+00
0.000000000000000000e+00
0.000000000000000000e+00
0.000000000000000000e+00
0.000000000000000000e+00
0.000000000000000000e+00
0.000000000000000000e+00
0.000000000000000000e+00
0.000000000000000000e+00
0.000000000000000000e+00
0.000000000000000000e+00
0.000000000000000000e+00
0.000000000000000000e+00
0.000000000000000000e+00
0.000000000000000000e+00
0.000000000000000000e+00
0.000000000000000000e+00
0.000000000000000000e+00
0.000000000000000000e+00
0.000000000000000000e+00
0.000000000000000000e+00
0.000000000000000000e+00
0.000000000000000000e+00
0.000000000000000000e+00
0.000000000000000000e+00
0.000000000000000000e+00
0.000000000000000000e+00
0.000000000000000000e+00
0.000000000000000000e+00
0.000000000000000000e+00
0.000000000000000000e+00
0.000000000000000000e+00
0.000000000000000000e+00
0.000000000000000000e+00
0.000000000000000000e+00
0.000000000000000000e+00
0.000000000000000000e+00
0.000000000000000000e+00
0.000000000000000000e+00
0.000000000000000000e+00
0.000000000000000000e+00
3.000000000000000000e+00
6.000000000000000000e+00
1.400000000000000000e+01
1.400000000000000000e+01
1.700000000000000000e+01
2.800000000000000000e+01
3.800000000000000000e+01
3.800000000000000000e+01
4.200000000000000000e+01
4.600000000000000000e+01
5.700000000000000000e+01
6.800000000000000000e+01
6.800000000000000000e+01
6.900000000000000000e+01
7.900000000000000000e+01
9.000000000000000000e+01
9.000000000000000000e+01
1.050000000000000000e+02
1.050000000000000000e+02
1.050000000000000000e+02
1.050000000000000000e+02
1.050000000000000000e+02
1.050000000000000000e+02
1.050000000000000000e+02
1.050000000000000000e+02
1.050000000000000000e+02
1.050000000000000000e+02
1.050000000000000000e+02
1.050000000000000000e+02
1.050000000000000000e+02
1.050000000000000000e+02
1.050000000000000000e+02
1.050000000000000000e+02
1.050000000000000000e+02
1.050000000000000000e+02
1.050000000000000000e+02
1.050000000000000000e+02
1.050000000000000000e+02
1.050000000000000000e+02
1.050000000000000000e+02
1.050000000000000000e+02
1.050000000000000000e+02
1.050000000000000000e+02
1.050000000000000000e+02
1.050000000000000000e+02
1.050000000000000000e+02
1.050000000000000000e+02
1.050000000000000000e+02
1.050000000000000000e+02
1.050000000000000000e+02
1.050000000000000000e+02
1.050000000000000000e+02
1.050000000000000000e+02
1.050000000000000000e+02
1.050000000000000000e+02
1.050000000000000000e+02
1.050000000000000000e+02
1.050000000000000000e+02
1.050000000000000000e+02
1.050000000000000000e+02
1.050000000000000000e+02
1.050000000000000000e+02
1.050000000000000000e+02
1.050000000000000000e+02
1.050000000000000000e+02
1.050000000000000000e+02
1.040000000000000000e+02
1.040000000000000000e+02
1.030000000000000000e+02
1.020000000000000000e+02
1.020000000000000000e+02
1.000000000000000000e+02
9.900000000000000000e+01
9.600000000000000000e+01
9.500000000000000000e+01
9.400000000000000000e+01
9.300000000000000000e+01
8.900000000000000000e+01
8.700000000000000000e+01
8.500000000000000000e+01
8.300000000000000000e+01
