0.000000000000000000e+00
0.000000000000000000e+00
0.000000000000000000e+00
0.000000000000000000e+00
0.000000000000000000e+00
0.000000000000000000e+00
0.000000000000000000e+00
0.000000000000000000e+00
0.000000000000000000e+00
0.000000000000000000e+00
0.000000000000000000e+00
0.000000000000000000e+00
0.000000000000000000e+00
0.000000000000000000e+00
0.000000000000000000e+00
0.000000000000000000e+00
0.000000000000000000e+00
0.000000000000000000e+00
0.000000000000000000e+00
0.000000000000000000e+00
0.000000000000000000e+00
0.000000000000000000e+00
0.000000000000000000e+00
0.000000000000000000e+00
0.000000000000000000e+00
0.000000000000000000e+00
3.000000000000000000e+00
3.000000000000000000e+00
5.000000000000000000e+00
6.000000000000000000e+00
8.000000000000000000e+00
8.000000000000000000e+00
1.100000000000000000e+01
1.500000000000000000e+01
2.100000000000000000e+01
2.800000000000000000e+01
2.800000000000000000e+01
3.400000000000000000e+01
4.100000000000000000e+01
5.400000000000000000e+01
6.000000000000000000e+01
6.000000000000000000e+01
6.700000000000000000e+01
7.800000000000000000e+01
8.400000000000000000e+01
8.400000000000000000e+01
8.900000000000000000e+01
9.700000000000000000e+01
1.060000000000000000e+02
1.130000000000000000e+02
1.130000000000000000e+02
1.200000000000000000e+02
1.250000000000000000e+02
1.340000000000000000e+02
1.340000000000000000e+02
1.400000000000000000e+02
1.440000000000000000e+02
1.520000000000000000e+02
1.590000000000000000e+02
1.590000000000000000e+02
1.670000000000000000e+02
1.700000000000000000e+02
1.820000000000000000e+02
1.820000000000000000e+02
1.890000000000000000e+02
1.890000000000000000e+02
1.890000000000000000e+02
1.890000000000000000e+02
1.890000000000000000e+02
1.890000000000000000e+02
1.890000000000000000e+02
1.890000000000000000e+02
1.890000000000000000e+02
1.890000000000000000e+02
1.890000000000000000e+02
1.890000000000000000e+02
1.890000000000000000e+02
1.890000000000000000e+02
1.890000000000000000e+02
1.890000000000000000e+02
1.890000000000000000e+02
1.890000000000000000e+02
1.890000000000000000e+02
1.890000000000000000e+02
1.890000000000000000e+02
1.890000000000000000e+02
1.890000000000000000e+02
1.890000000000000000e+02
1.890000000000000000e+02
1.890000000000000000e+02
1.890000000000000000e+02
1.890000000000000000e+02
1.890000000000000000e+02
1.890000000000000000e+02
1.890000000000000000e+02
1.890000000000000000e+02
1.890000000000000000e+02
1.890000000000000000e+02
1.890000000000000000e+02
1.880000000000000000e+02
1.870000000000000000e+02
1.870000000000000000e+02
1.850000000000000000e+02
1.840000000000000000e+02
1.830000000000000000e+02
1.820000000000000000e+02
1.790000000000000000e+02
1.750000000000000000e+02
1.710000000000000000e+02
1.710000000000000000e+02
1.700000000000000000e+02
1.660000000000000000e+02
1.600000000000000000e+02
1.570000000000000000e+02
1.530000000000000000e+02
1.520000000000000000e+02
1.490000000000000000e+02
1.470000000000000000e+02
1.450000000000000000e+02
1.400000000000000000e+02
1.350000000000000000e+02
1.320000000000000000e+02
1.310000000000000000e+02
1.280000000000000000e+02
1.200000000000000000e+02
1.170000000000000000e+02
1.120000000000000000e+02
1.060000000000000000e+02
