0.000000000000000000e+00
0.000000000000000000e+00
0.000000000000000000e+00
0.000000000000000000e+00
0.000000000000000000e+00
0.000000000000000000e+00
0.000000000000000000e+00
0.000000000000000000e+00
0.000000000000000000e+00
0.000000000000000000e+00
0.000000000000000000e+00
0.000000000000000000e+00
0.000000000000000000e+00
0.000000000000000000e+00
0.000000000000000000e+00
0.000000000000000000e+00
0.000000000000000000e+00
0.000000000000000000e+00
0.000000000000000000e+00
0.000000000000000000e+00
0.000000000000000000e+00
0.000000000000000000e+00
0.000000000000000000e+00
0.000000000000000000e+00
0.000000000000000000e+00
0.000000000000000000e+00
0.000000000000000000e+00
0.000000000000000000e+00
0.000000000000000000e+00
0.000000000000000000e+00
0.000000000000000000e+00
0.000000000000000000e+00
0.000000000000000000e+00
0.000000000000000000e+00
0.000000000000000000e+00
0.000000000000000000e+00
0.000000000000000000e+00
0.000000000000000000e+00
0.000000000000000000e+00
0.000000000000000000e+00
0.000000000000000000e+00
0.000000000000000000e+00
0.000000000000000000e+00
0.000000000000000000e+00
0.000000000000000000e+00
0.000000000000000000e+00
0.000000000000000000e+00
0.000000000000000000e+00
0.000000000000000000e+00
0.000000000000000000e+00
0.000000000000000000e+00
0.000000000000000000e+00
8.000000000000000000e+00
1.400000000000000000e+01
1.400000000000000000e+01
2.000000000000000000e+01
2.900000000000000000e+01
3.900000000000000000e+01
4.900000000000000000e+01
4.900000000000000000e+01
5.600000000000000000e+01
6.600000000000000000e+01
7.100000000000000000e+01
7.100000000000000000e+01
7.800000000000000000e+01
7.800000000000000000e+01
7.800000000000000000e+01
7.800000000000000000e+01
7.800000000000000000e+01
7.800000000000000000e+01
7.800000000000000000e+01
7.800000000000000000e+01
7.800000000000000000e+01
7.800000000000000000e+01
7.800000000000000000e+01
7.800000000000000000e+01
7.800000000000000000e+01
7.800000000000000000e+01
7.800000000000000000e+01
7.800000000000000000e+01
7.800000000000000000e+01
7.800000000000000000e+01
7.800000000000000000e+01
7.800000000000000000e+01
7.800000000000000000e+01
7.800000000000000000e+01
7.800000000000000000e+01
7.800000000000000000e+01
7.800000000000000000e+01
7.800000000000000000e+01
7.800000000000000000e+01
7.800000000000000000e+01
7.800000000000000000e+01
7.800000000000000000e+01
7.800000000000000000e+01
7.800000000000000000e+01
7.800000000000000000e+01
7.800000000000000000e+01
7.800000000000000000e+01
7.800000000000000000e+01
7.800000000000000000e+01
7.800000000000000000e+01
7.800000000000000000e+01
7.800000000000000000e+01
7.800000000000000000e+01
7.800000000000000000e+01
7.800000000000000000e+01
7.800000000000000000e+01
7.800000000000000000e+01
7.800000000000000000e+01
7.800000000000000000e+01
7.800000000000000000e+01
7.800000000000000000e+01
7.800000000000000000e+01
7.800000000000000000e+01
7.800000000000000000e+01
7.800000000000000000e+01
7.800000000000000000e+01
7.800000000000000000e+01
7.800000000000000000e+01
7.700000000000000000e+01
7.500000000000000000e+01
7.000000000000000000e+01
6.800000000000000000e+01
6.600000000000000000e+01
6.500000000000000000e+01
6.500000000000000000e+01
6.500000000000000000e+01
