0.000000000000000000e+00
0.000000000000000000e+00
0.000000000000000000e+00
0.000000000000000000e+00
0.000000000000000000e+00
0.000000000000000000e+00
0.000000000000000000e+00
1.000000000000000000e+00
1.000000000000000000e+00
1.000000000000000000e+00
2.000000000000000000e+00
4.000000000000000000e+00
4.000000000000000000e+00
4.000000000000000000e+00
5.000000000000000000e+00
6.000000000000000000e+00
7.000000000000000000e+00
1.400000000000000000e+01
1.400000000000000000e+01
1.600000000000000000e+01
2.000000000000000000e+01
3.000000000000000000e+01
3.000000000000000000e+01
3.500000000000000000e+01
4.100000000000000000e+01
4.900000000000000000e+01
6.100000000000000000e+01
6.100000000000000000e+01
6.700000000000000000e+01
7.900000000000000000e+01
8.600000000000000000e+01
8.600000000000000000e+01
9.900000000000000000e+01
1.100000000000000000e+02
1.220000000000000000e+02
1.350000000000000000e+02
1.350000000000000000e+02
1.390000000000000000e+02
1.480000000000000000e+02
1.580000000000000000e+02
1.660000000000000000e+02
1.660000000000000000e+02
1.750000000000000000e+02
1.830000000000000000e+02
1.870000000000000000e+02
1.870000000000000000e+02
1.900000000000000000e+02
1.950000000000000000e+02
1.980000000000000000e+02
2.070000000000000000e+02
2.070000000000000000e+02
2.120000000000000000e+02
2.200000000000000000e+02
2.280000000000000000e+02
2.280000000000000000e+02
2.370000000000000000e+02
2.400000000000000000e+02
2.460000000000000000e+02
2.570000000000000000e+02
2.570000000000000000e+02
2.670000000000000000e+02
2.780000000000000000e+02
2.890000000000000000e+02
2.890000000000000000e+02
2.960000000000000000e+02
2.960000000000000000e+02
2.960000000000000000e+02
2.960000000000000000e+02
2.960000000000000000e+02
2.960000000000000000e+02
2.960000000000000000e+02
2.960000000000000000e+02
2.960000000000000000e+02
2.960000000000000000e+02
2.960000000000000000e+02
2.960000000000000000e+02
2.960000000000000000e+02
2.960000000000000000e+02
2.960000000000000000e+02
2.960000000000000000e+02
2.960000000000000000e+02
2.960000000000000000e+02
2.960000000000000000e+02
2.960000000000000000e+02
2.960000000000000000e+02
2.960000000000000000e+02
2.960000000000000000e+02
2.960000000000000000e+02
2.950000000000000000e+02
2.930000000000000000e+02
2.870000000000000000e+02
2.850000000000000000e+02
2.840000000000000000e+02
2.840000000000000000e+02
2.810000000000000000e+02
2.780000000000000000e+02
2.730000000000000000e+02
2.710000000000000000e+02
2.700000000000000000e+02
2.650000000000000000e+02
2.610000000000000000e+02
2.560000000000000000e+02
2.500000000000000000e+02
2.410000000000000000e+02
2.390000000000000000e+02
2.350000000000000000e+02
2.300000000000000000e+02
2.250000000000000000e+02
2.180000000000000000e+02
2.130000000000000000e+02
2.070000000000000000e+02
2.000000000000000000e+02
1.900000000000000000e+02
1.860000000000000000e+02
1.820000000000000000e+02
1.810000000000000000e+02
1.770000000000000000e+02
1.710000000000000000e+02
1.690000000000000000e+02
1.620000000000000000e+02
1.550000000000000000e+02
1.530000000000000000e+02
1.460000000000000000e+02
1.450000000000000000e+02
1.400000000000000000e+02
1.380000000000000000e+02
1.320000000000000000e+02
1.280000000000000000e+02
