0.000000000000000000e+00
0.000000000000000000e+00
0.000000000000000000e+00
0.000000000000000000e+00
0.000000000000000000e+00
0.000000000000000000e+00
0.000000000000000000e+00
0.000000000000000000e+00
0.000000000000000000e+00
0.000000000000000000e+00
0.000000000000000000e+00
0.000000000000000000e+00
0.000000000000000000e+00
0.000000000000000000e+00
0.000000000000000000e+00
0.000000000000000000e+00
0.000000000000000000e+00
0.000000000000000000e+00
0.000000000000000000e+00
0.000000000000000000e+00
0.000000000000000000e+00
0.000000000000000000e+00
0.000000000000000000e+00
0.000000000000000000e+00
0.000000000000000000e+00
0.000000000000000000e+00
0.000000000000000000e+00
0.000000000000000000e+00
0.000000000000000000e+00
0.000000000000000000e+00
0.000000000000000000e+00
0.000000000000000000e+00
0.000000000000000000e+00
0.000000000000000000e+00
0.000000000000000000e+00
0.000000000000000000e+00
0.000000000000000000e+00
0.000000000000000000e+00
0.000000000000000000e+00
0.000000000000000000e+00
0.000000000000000000e+00
0.000000000000000000e+00
0.000000000000000000e+00
0.000000000000000000e+00
0.000000000000000000e+00
0.000000000000000000e+00
0.000000000000000000e+00
0.000000000000000000e+00
0.000000000000000000e+00
0.000000000000000000e+00
0.000000000000000000e+00
0.000000000000000000e+00
0.000000000000000000e+00
0.000000000000000000e+00
0.000000000000000000e+00
5.000000000000000000e+00
1.100000000000000000e+01
1.700000000000000000e+01
2.400000000000000000e+01
2.400000000000000000e+01
3.200000000000000000e+01
3.800000000000000000e+01
4.200000000000000000e+01
4.200000000000000000e+01
4.700000000000000000e+01
4.700000000000000000e+01
4.700000000000000000e+01
4.700000000000000000e+01
4.700000000000000000e+01
4.700000000000000000e+01
4.700000000000000000e+01
4.700000000000000000e+01
4.700000000000000000e+01
4.700000000000000000e+01
4.700000000000000000e+01
4.700000000000000000e+01
4.700000000000000000e+01
4.700000000000000000e+01
4.700000000000000000e+01
4.700000000000000000e+01
4.700000000000000000e+01
4.700000000000000000e+01
4.700000000000000000e+01
4.700000000000000000e+01
4.700000000000000000e+01
4.700000000000000000e+01
4.700000000000000000e+01
4.700000000000000000e+01
4.700000000000000000e+01
4.700000000000000000e+01
4.700000000000000000e+01
4.700000000000000000e+01
4.700000000000000000e+01
4.700000000000000000e+01
4.700000000000000000e+01
4.700000000000000000e+01
4.700000000000000000e+01
4.700000000000000000e+01
4.700000000000000000e+01
4.700000000000000000e+01
4.700000000000000000e+01
4.700000000000000000e+01
4.700000000000000000e+01
4.700000000000000000e+01
4.700000000000000000e+01
4.700000000000000000e+01
4.700000000000000000e+01
4.700000000000000000e+01
4.700000000000000000e+01
4.700000000000000000e+01
4.700000000000000000e+01
4.700000000000000000e+01
4.700000000000000000e+01
4.700000000000000000e+01
4.700000000000000000e+01
4.700000000000000000e+01
4.700000000000000000e+01
4.700000000000000000e+01
4.700000000000000000e+01
4.700000000000000000e+01
4.700000000000000000e+01
4.700000000000000000e+01
4.700000000000000000e+01
4.700000000000000000e+01
4.700000000000000000e+01
4.700000000000000000e+01
4.700000000000000000e+01
4.700000000000000000e+01
