0.000000000000000000e+00
0.000000000000000000e+00
0.000000000000000000e+00
0.000000000000000000e+00
0.000000000000000000e+00
0.000000000000000000e+00
0.000000000000000000e+00
0.000000000000000000e+00
0.000000000000000000e+00
0.000000000000000000e+00
0.000000000000000000e+00
0.000000000000000000e+00
0.000000000000000000e+00
0.000000000000000000e+00
0.000000000000000000e+00
0.000000000000000000e+00
0.000000000000000000e+00
0.000000000000000000e+00
0.000000000000000000e+00
0.000000000000000000e+00
0.000000000000000000e+00
0.000000000000000000e+00
0.000000000000000000e+00
0.000000000000000000e+00
0.000000000000000000e+00
0.000000000000000000e+00
0.000000000000000000e+00
0.000000000000000000e+00
0.000000000000000000e+00
0.000000000000000000e+00
3.000000000000000000e+00
3.000000000000000000e+00
6.000000000000000000e+00
1.200000000000000000e+01
1.600000000000000000e+01
2.200000000000000000e+01
2.200000000000000000e+01
3.200000000000000000e+01
4.100000000000000000e+01
4.800000000000000000e+01
5.800000000000000000e+01
5.800000000000000000e+01
6.300000000000000000e+01
7.700000000000000000e+01
8.600000000000000000e+01
8.600000000000000000e+01
9.900000000000000000e+01
1.100000000000000000e+02
1.130000000000000000e+02
1.240000000000000000e+02
1.240000000000000000e+02
1.340000000000000000e+02
1.400000000000000000e+02
1.460000000000000000e+02
1.460000000000000000e+02
1.550000000000000000e+02
1.640000000000000000e+02
1.730000000000000000e+02
1.800000000000000000e+02
1.800000000000000000e+02
1.840000000000000000e+02
1.920000000000000000e+02
1.960000000000000000e+02
1.960000000000000000e+02
2.020000000000000000e+02
2.020000000000000000e+02
2.020000000000000000e+02
2.020000000000000000e+02
2.020000000000000000e+02
2.020000000000000000e+02
2.020000000000000000e+02
2.020000000000000000e+02
2.020000000000000000e+02
2.020000000000000000e+02
2.020000000000000000e+02
2.020000000000000000e+02
2.020000000000000000e+02
2.020000000000000000e+02
2.020000000000000000e+02
2.020000000000000000e+02
2.020000000000000000e+02
2.020000000000000000e+02
2.020000000000000000e+02
2.020000000000000000e+02
2.020000000000000000e+02
2.020000000000000000e+02
2.020000000000000000e+02
2.020000000000000000e+02
2.020000000000000000e+02
2.020000000000000000e+02
2.020000000000000000e+02
2.020000000000000000e+02
2.020000000000000000e+02
2.020000000000000000e+02
2.020000000000000000e+02
2.020000000000000000e+02
2.020000000000000000e+02
2.020000000000000000e+02
2.020000000000000000e+02
2.020000000000000000e+02
2.020000000000000000e+02
2.010000000000000000e+02
1.990000000000000000e+02
1.980000000000000000e+02
1.940000000000000000e+02
1.910000000000000000e+02
1.890000000000000000e+02
1.870000000000000000e+02
1.840000000000000000e+02
1.820000000000000000e+02
1.800000000000000000e+02
1.780000000000000000e+02
1.750000000000000000e+02
1.700000000000000000e+02
1.690000000000000000e+02
1.640000000000000000e+02
1.600000000000000000e+02
1.540000000000000000e+02
1.510000000000000000e+02
1.450000000000000000e+02
1.380000000000000000e+02
1.300000000000000000e+02
1.270000000000000000e+02
1.250000000000000000e+02
1.210000000000000000e+02
1.180000000000000000e+02
1.120000000000000000e+02
1.060000000000000000e+02
