0.000000000000000000e+00
0.000000000000000000e+00
0.000000000000000000e+00
0.000000000000000000e+00
0.000000000000000000e+00
0.000000000000000000e+00
0.000000000000000000e+00
0.000000000000000000e+00
0.000000000000000000e+00
0.000000000000000000e+00
0.000000000000000000e+00
0.000000000000000000e+00
0.000000000000000000e+00
0.000000000000000000e+00
0.000000000000000000e+00
0.000000000000000000e+00
0.000000000000000000e+00
0.000000000000000000e+00
0.000000000000000000e+00
0.000000000000000000e+00
0.000000000000000000e+00
0.000000000000000000e+00
0.000000000000000000e+00
0.000000000000000000e+00
0.000000000000000000e+00
0.000000000000000000e+00
0.000000000000000000e+00
0.000000000000000000e+00
0.000000000000000000e+00
0.000000000000000000e+00
0.000000000000000000e+00
0.000000000000000000e+00
0.000000000000000000e+00
0.000000000000000000e+00
0.000000000000000000e+00
0.000000000000000000e+00
0.000000000000000000e+00
1.400000000000000000e+01
1.900000000000000000e+01
2.900000000000000000e+01
3.600000000000000000e+01
3.600000000000000000e+01
4.300000000000000000e+01
5.200000000000000000e+01
5.900000000000000000e+01
5.900000000000000000e+01
6.900000000000000000e+01
8.000000000000000000e+01
8.400000000000000000e+01
9.000000000000000000e+01
9.000000000000000000e+01
9.700000000000000000e+01
1.060000000000000000e+02
1.090000000000000000e+02
1.090000000000000000e+02
1.150000000000000000e+02
1.190000000000000000e+02
1.250000000000000000e+02
1.350000000000000000e+02
1.350000000000000000e+02
1.410000000000000000e+02
1.470000000000000000e+02
1.550000000000000000e+02
1.550000000000000000e+02
1.680000000000000000e+02
1.680000000000000000e+02
1.680000000000000000e+02
1.680000000000000000e+02
1.680000000000000000e+02
1.680000000000000000e+02
1.680000000000000000e+02
1.680000000000000000e+02
1.680000000000000000e+02
1.680000000000000000e+02
1.680000000000000000e+02
1.680000000000000000e+02
1.680000000000000000e+02
1.680000000000000000e+02
1.680000000000000000e+02
1.680000000000000000e+02
1.680000000000000000e+02
1.680000000000000000e+02
1.680000000000000000e+02
1.680000000000000000e+02
1.680000000000000000e+02
1.680000000000000000e+02
1.680000000000000000e+02
1.680000000000000000e+02
1.680000000000000000e+02
1.680000000000000000e+02
1.680000000000000000e+02
1.680000000000000000e+02
1.680000000000000000e+02
1.680000000000000000e+02
1.680000000000000000e+02
1.680000000000000000e+02
1.680000000000000000e+02
1.680000000000000000e+02
1.680000000000000000e+02
1.680000000000000000e+02
1.680000000000000000e+02
1.670000000000000000e+02
1.670000000000000000e+02
1.660000000000000000e+02
1.650000000000000000e+02
1.630000000000000000e+02
1.620000000000000000e+02
1.580000000000000000e+02
1.550000000000000000e+02
1.530000000000000000e+02
1.500000000000000000e+02
1.470000000000000000e+02
1.460000000000000000e+02
1.430000000000000000e+02
1.400000000000000000e+02
1.350000000000000000e+02
1.310000000000000000e+02
1.260000000000000000e+02
1.200000000000000000e+02
1.180000000000000000e+02
1.170000000000000000e+02
1.110000000000000000e+02
1.070000000000000000e+02
1.040000000000000000e+02
9.900000000000000000e+01
9.300000000000000000e+01
9.100000000000000000e+01
8.800000000000000000e+01
