0.000000000000000000e+00
0.000000000000000000e+00
0.000000000000000000e+00
0.000000000000000000e+00
0.000000000000000000e+00
0.000000000000000000e+00
0.000000000000000000e+00
0.000000000000000000e+00
0.000000000000000000e+00
0.000000000000000000e+00
0.000000000000000000e+00
0.000000000000000000e+00
0.000000000000000000e+00
0.000000000000000000e+00
0.000000000000000000e+00
0.000000000000000000e+00
0.000000000000000000e+00
0.000000000000000000e+00
0.000000000000000000e+00
0.000000000000000000e+00
0.000000000000000000e+00
0.000000000000000000e+00
0.000000000000000000e+00
0.000000000000000000e+00
0.000000000000000000e+00
0.000000000000000000e+00
0.000000000000000000e+00
0.000000000000000000e+00
0.000000000000000000e+00
0.000000000000000000e+00
0.000000000000000000e+00
0.000000000000000000e+00
0.000000000000000000e+00
0.000000000000000000e+00
0.000000000000000000e+00
0.000000000000000000e+00
0.000000000000000000e+00
0.000000000000000000e+00
0.000000000000000000e+00
0.000000000000000000e+00
0.000000000000000000e+00
0.000000000000000000e+00
5.000000000000000000e+00
1.600000000000000000e+01
2.400000000000000000e+01
2.400000000000000000e+01
3.000000000000000000e+01
3.800000000000000000e+01
4.500000000000000000e+01
5.400000000000000000e+01
5.400000000000000000e+01
6.000000000000000000e+01
6.400000000000000000e+01
7.200000000000000000e+01
7.200000000000000000e+01
7.500000000000000000e+01
8.300000000000000000e+01
9.300000000000000000e+01
9.900000000000000000e+01
9.900000000000000000e+01
1.070000000000000000e+02
1.150000000000000000e+02
1.220000000000000000e+02
1.220000000000000000e+02
1.290000000000000000e+02
1.290000000000000000e+02
1.290000000000000000e+02
1.290000000000000000e+02
1.290000000000000000e+02
1.290000000000000000e+02
1.290000000000000000e+02
1.290000000000000000e+02
1.290000000000000000e+02
1.290000000000000000e+02
1.290000000000000000e+02
1.290000000000000000e+02
1.290000000000000000e+02
1.290000000000000000e+02
1.290000000000000000e+02
1.290000000000000000e+02
1.290000000000000000e+02
1.290000000000000000e+02
1.290000000000000000e+02
1.290000000000000000e+02
1.290000000000000000e+02
1.290000000000000000e+02
1.290000000000000000e+02
1.290000000000000000e+02
1.290000000000000000e+02
1.290000000000000000e+02
1.290000000000000000e+02
1.290000000000000000e+02
1.290000000000000000e+02
1.290000000000000000e+02
1.290000000000000000e+02
1.290000000000000000e+02
1.290000000000000000e+02
1.290000000000000000e+02
1.290000000000000000e+02
1.290000000000000000e+02
1.290000000000000000e+02
1.290000000000000000e+02
1.290000000000000000e+02
1.290000000000000000e+02
1.290000000000000000e+02
1.290000000000000000e+02
1.280000000000000000e+02
1.280000000000000000e+02
1.260000000000000000e+02
1.260000000000000000e+02
1.240000000000000000e+02
1.230000000000000000e+02
1.220000000000000000e+02
1.190000000000000000e+02
1.170000000000000000e+02
1.150000000000000000e+02
1.140000000000000000e+02
1.140000000000000000e+02
1.140000000000000000e+02
1.090000000000000000e+02
1.060000000000000000e+02
1.010000000000000000e+02
9.900000000000000000e+01
9.700000000000000000e+01
9.700000000000000000e+01
9.600000000000000000e+01
9.000000000000000000e+01
8.800000000000000000e+01
