0.000000000000000000e+00
0.000000000000000000e+00
0.000000000000000000e+00
0.000000000000000000e+00
0.000000000000000000e+00
0.000000000000000000e+00
0.000000000000000000e+00
0.000000000000000000e+00
0.000000000000000000e+00
0.000000000000000000e+00
0.000000000000000000e+00
0.000000000000000000e+00
0.000000000000000000e+00
0.000000000000000000e+00
0.000000000000000000e+00
0.000000000000000000e+00
0.000000000000000000e+00
0.000000000000000000e+00
0.000000000000000000e+00
0.000000000000000000e+00
0.000000000000000000e+00
0.000000000000000000e+00
0.000000000000000000e+00
0.000000000000000000e+00
0.000000000000000000e+00
0.000000000000000000e+00
0.000000000000000000e+00
0.000000000000000000e+00
0.000000000000000000e+00
0.000000000000000000e+00
0.000000000000000000e+00
0.000000000000000000e+00
0.000000000000000000e+00
0.000000000000000000e+00
0.000000000000000000e+00
3.000000000000000000e+00
3.000000000000000000e+00
4.000000000000000000e+00
1.000000000000000000e+01
1.800000000000000000e+01
2.400000000000000000e+01
2.400000000000000000e+01
3.100000000000000000e+01
3.500000000000000000e+01
3.900000000000000000e+01
3.900000000000000000e+01
4.900000000000000000e+01
5.500000000000000000e+01
6.200000000000000000e+01
6.500000000000000000e+01
6.500000000000000000e+01
6.800000000000000000e+01
7.800000000000000000e+01
8.600000000000000000e+01
8.600000000000000000e+01
9.500000000000000000e+01
1.010000000000000000e+02
1.080000000000000000e+02
1.210000000000000000e+02
1.210000000000000000e+02
1.300000000000000000e+02
1.390000000000000000e+02
1.480000000000000000e+02
1.480000000000000000e+02
1.520000000000000000e+02
1.520000000000000000e+02
1.520000000000000000e+02
1.520000000000000000e+02
1.520000000000000000e+02
1.520000000000000000e+02
1.520000000000000000e+02
1.520000000000000000e+02
1.520000000000000000e+02
1.520000000000000000e+02
1.520000000000000000e+02
1.520000000000000000e+02
1.520000000000000000e+02
1.520000000000000000e+02
1.520000000000000000e+02
1.520000000000000000e+02
1.520000000000000000e+02
1.520000000000000000e+02
1.520000000000000000e+02
1.520000000000000000e+02
1.520000000000000000e+02
1.520000000000000000e+02
1.520000000000000000e+02
1.520000000000000000e+02
1.520000000000000000e+02
1.520000000000000000e+02
1.520000000000000000e+02
1.520000000000000000e+02
1.520000000000000000e+02
1.520000000000000000e+02
1.520000000000000000e+02
1.520000000000000000e+02
1.520000000000000000e+02
1.520000000000000000e+02
1.520000000000000000e+02
1.520000000000000000e+02
1.520000000000000000e+02
1.520000000000000000e+02
1.520000000000000000e+02
1.520000000000000000e+02
1.520000000000000000e+02
1.520000000000000000e+02
1.500000000000000000e+02
1.470000000000000000e+02
1.440000000000000000e+02
1.430000000000000000e+02
1.410000000000000000e+02
1.410000000000000000e+02
1.360000000000000000e+02
1.320000000000000000e+02
1.280000000000000000e+02
1.280000000000000000e+02
1.230000000000000000e+02
1.210000000000000000e+02
1.180000000000000000e+02
1.140000000000000000e+02
1.120000000000000000e+02
1.090000000000000000e+02
1.070000000000000000e+02
1.040000000000000000e+02
1.010000000000000000e+02
9.800000000000000000e+01
9.300000000000000000e+01
9.100000000000000000e+01
