6.700000000000000000e+01
7.200000000000000000e+01
7.600000000000000000e+01
8.000000000000000000e+01
8.000000000000000000e+01
8.200000000000000000e+01
8.800000000000000000e+01
8.900000000000000000e+01
9.100000000000000000e+01
9.100000000000000000e+01
9.400000000000000000e+01
9.600000000000000000e+01
9.600000000000000000e+01
9.600000000000000000e+01
9.600000000000000000e+01
9.700000000000000000e+01
9.700000000000000000e+01
9.700000000000000000e+01
9.700000000000000000e+01
9.700000000000000000e+01
9.700000000000000000e+01
9.700000000000000000e+01
9.700000000000000000e+01
9.700000000000000000e+01
9.700000000000000000e+01
9.700000000000000000e+01
9.700000000000000000e+01
9.700000000000000000e+01
9.700000000000000000e+01
9.700000000000000000e+01
9.700000000000000000e+01
9.700000000000000000e+01
9.700000000000000000e+01
9.700000000000000000e+01
9.700000000000000000e+01
9.700000000000000000e+01
9.700000000000000000e+01
1.100000000000000000e+02
1.210000000000000000e+02
1.260000000000000000e+02
1.310000000000000000e+02
1.310000000000000000e+02
1.350000000000000000e+02
1.410000000000000000e+02
1.530000000000000000e+02
1.530000000000000000e+02
1.640000000000000000e+02
1.750000000000000000e+02
1.870000000000000000e+02
1.890000000000000000e+02
1.890000000000000000e+02
1.940000000000000000e+02
2.010000000000000000e+02
2.130000000000000000e+02
2.130000000000000000e+02
2.160000000000000000e+02
2.290000000000000000e+02
2.400000000000000000e+02
2.460000000000000000e+02
2.460000000000000000e+02
2.510000000000000000e+02
2.580000000000000000e+02
2.670000000000000000e+02
2.670000000000000000e+02
2.670000000000000000e+02
2.580000000000000000e+02
2.530000000000000000e+02
2.500000000000000000e+02
2.490000000000000000e+02
2.430000000000000000e+02
2.330000000000000000e+02
2.270000000000000000e+02
2.190000000000000000e+02
2.150000000000000000e+02
2.080000000000000000e+02
2.040000000000000000e+02
1.990000000000000000e+02
1.920000000000000000e+02
1.820000000000000000e+02
1.750000000000000000e+02
1.740000000000000000e+02
1.740000000000000000e+02
1.740000000000000000e+02
1.740000000000000000e+02
1.740000000000000000e+02
1.740000000000000000e+02
1.740000000000000000e+02
1.740000000000000000e+02
1.740000000000000000e+02
1.740000000000000000e+02
1.740000000000000000e+02
1.740000000000000000e+02
1.740000000000000000e+02
1.740000000000000000e+02
1.740000000000000000e+02
1.740000000000000000e+02
1.740000000000000000e+02
1.740000000000000000e+02
1.740000000000000000e+02
1.740000000000000000e+02
1.740000000000000000e+02
1.740000000000000000e+02
1.720000000000000000e+02
1.700000000000000000e+02
1.700000000000000000e+02
1.700000000000000000e+02
1.680000000000000000e+02
1.660000000000000000e+02
1.660000000000000000e+02
1.650000000000000000e+02
1.610000000000000000e+02
1.590000000000000000e+02
1.570000000000000000e+02
1.510000000000000000e+02
1.490000000000000000e+02
1.470000000000000000e+02
1.440000000000000000e+02
1.410000000000000000e+02
1.350000000000000000e+02
1.330000000000000000e+02
1.310000000000000000e+02
1.260000000000000000e+02
1.200000000000000000e+02
1.150000000000000000e+02
1.100000000000000000e+02
1.040000000000000000e+02
1.020000000000000000e+02
9.300000000000000000e+01
