0.000000000000000000e+00
0.000000000000000000e+00
0.000000000000000000e+00
0.000000000000000000e+00
0.000000000000000000e+00
0.000000000000000000e+00
0.000000000000000000e+00
0.000000000000000000e+00
0.000000000000000000e+00
0.000000000000000000e+00
0.000000000000000000e+00
0.000000000000000000e+00
0.000000000000000000e+00
0.000000000000000000e+00
0.000000000000000000e+00
0.000000000000000000e+00
0.000000000000000000e+00
0.000000000000000000e+00
0.000000000000000000e+00
0.000000000000000000e+00
0.000000000000000000e+00
0.000000000000000000e+00
0.000000000000000000e+00
0.000000000000000000e+00
0.000000000000000000e+00
0.000000000000000000e+00
0.000000000000000000e+00
0.000000000000000000e+00
0.000000000000000000e+00
0.000000000000000000e+00
0.000000000000000000e+00
0.000000000000000000e+00
0.000000000000000000e+00
6.000000000000000000e+00
1.300000000000000000e+01
2.100000000000000000e+01
2.100000000000000000e+01
2.900000000000000000e+01
3.600000000000000000e+01
4.800000000000000000e+01
5.500000000000000000e+01
5.500000000000000000e+01
6.100000000000000000e+01
6.800000000000000000e+01
7.700000000000000000e+01
7.700000000000000000e+01
8.500000000000000000e+01
9.400000000000000000e+01
1.010000000000000000e+02
1.070000000000000000e+02
1.070000000000000000e+02
1.140000000000000000e+02
1.210000000000000000e+02
1.290000000000000000e+02
1.290000000000000000e+02
1.370000000000000000e+02
1.460000000000000000e+02
1.520000000000000000e+02
1.580000000000000000e+02
1.580000000000000000e+02
1.620000000000000000e+02
1.690000000000000000e+02
1.760000000000000000e+02
1.760000000000000000e+02
1.790000000000000000e+02
1.790000000000000000e+02
1.790000000000000000e+02
1.790000000000000000e+02
1.790000000000000000e+02
1.790000000000000000e+02
1.790000000000000000e+02
1.790000000000000000e+02
1.790000000000000000e+02
1.790000000000000000e+02
1.790000000000000000e+02
1.790000000000000000e+02
1.790000000000000000e+02
1.790000000000000000e+02
1.790000000000000000e+02
1.790000000000000000e+02
1.790000000000000000e+02
1.790000000000000000e+02
1.790000000000000000e+02
1.790000000000000000e+02
1.790000000000000000e+02
1.790000000000000000e+02
1.790000000000000000e+02
1.790000000000000000e+02
1.790000000000000000e+02
1.790000000000000000e+02
1.790000000000000000e+02
1.790000000000000000e+02
1.790000000000000000e+02
1.790000000000000000e+02
1.790000000000000000e+02
1.790000000000000000e+02
1.790000000000000000e+02
1.780000000000000000e+02
1.770000000000000000e+02
1.750000000000000000e+02
1.740000000000000000e+02
1.730000000000000000e+02
1.720000000000000000e+02
1.700000000000000000e+02
1.680000000000000000e+02
1.640000000000000000e+02
1.600000000000000000e+02
1.570000000000000000e+02
1.540000000000000000e+02
1.500000000000000000e+02
1.460000000000000000e+02
1.430000000000000000e+02
1.420000000000000000e+02
1.390000000000000000e+02
1.370000000000000000e+02
1.360000000000000000e+02
1.350000000000000000e+02
1.320000000000000000e+02
1.300000000000000000e+02
1.270000000000000000e+02
1.250000000000000000e+02
1.170000000000000000e+02
1.160000000000000000e+02
1.110000000000000000e+02
1.080000000000000000e+02
1.050000000000000000e+02
9.800000000000000000e+01
9.600000000000000000e+01
