0.000000000000000000e+00
0.000000000000000000e+00
0.000000000000000000e+00
0.000000000000000000e+00
0.000000000000000000e+00
0.000000000000000000e+00
0.000000000000000000e+00
0.000000000000000000e+00
0.000000000000000000e+00
0.000000000000000000e+00
0.000000000000000000e+00
0.000000000000000000e+00
0.000000000000000000e+00
0.000000000000000000e+00
0.000000000000000000e+00
0.000000000000000000e+00
0.000000000000000000e+00
0.000000000000000000e+00
0.000000000000000000e+00
0.000000000000000000e+00
0.000000000000000000e+00
0.000000000000000000e+00
0.000000000000000000e+00
0.000000000000000000e+00
0.000000000000000000e+00
0.000000000000000000e+00
0.000000000000000000e+00
0.000000000000000000e+00
0.000000000000000000e+00
0.000000000000000000e+00
0.000000000000000000e+00
0.000000000000000000e+00
0.000000000000000000e+00
0.000000000000000000e+00
0.000000000000000000e+00
0.000000000000000000e+00
0.000000000000000000e+00
0.000000000000000000e+00
0.000000000000000000e+00
0.000000000000000000e+00
0.000000000000000000e+00
0.000000000000000000e+00
0.000000000000000000e+00
4.000000000000000000e+00
9.000000000000000000e+00
9.000000000000000000e+00
1.100000000000000000e+01
1.600000000000000000e+01
2.100000000000000000e+01
2.200000000000000000e+01
2.200000000000000000e+01
2.300000000000000000e+01
2.300000000000000000e+01
2.400000000000000000e+01
2.400000000000000000e+01
2.400000000000000000e+01
3.000000000000000000e+01
3.500000000000000000e+01
4.600000000000000000e+01
4.600000000000000000e+01
5.200000000000000000e+01
6.400000000000000000e+01
7.100000000000000000e+01
7.100000000000000000e+01
8.000000000000000000e+01
8.000000000000000000e+01
8.000000000000000000e+01
8.000000000000000000e+01
8.000000000000000000e+01
8.000000000000000000e+01
8.000000000000000000e+01
8.000000000000000000e+01
8.000000000000000000e+01
8.000000000000000000e+01
8.000000000000000000e+01
8.000000000000000000e+01
8.000000000000000000e+01
8.000000000000000000e+01
8.000000000000000000e+01
8.000000000000000000e+01
8.000000000000000000e+01
8.000000000000000000e+01
8.000000000000000000e+01
8.000000000000000000e+01
8.000000000000000000e+01
8.000000000000000000e+01
8.000000000000000000e+01
8.000000000000000000e+01
8.000000000000000000e+01
8.000000000000000000e+01
8.000000000000000000e+01
8.000000000000000000e+01
8.000000000000000000e+01
8.000000000000000000e+01
8.000000000000000000e+01
8.000000000000000000e+01
8.000000000000000000e+01
8.000000000000000000e+01
8.000000000000000000e+01
8.000000000000000000e+01
8.000000000000000000e+01
8.000000000000000000e+01
8.000000000000000000e+01
8.000000000000000000e+01
8.000000000000000000e+01
8.000000000000000000e+01
8.000000000000000000e+01
7.900000000000000000e+01
7.900000000000000000e+01
7.800000000000000000e+01
7.800000000000000000e+01
7.800000000000000000e+01
7.600000000000000000e+01
7.500000000000000000e+01
7.200000000000000000e+01
6.800000000000000000e+01
6.700000000000000000e+01
6.400000000000000000e+01
5.800000000000000000e+01
5.600000000000000000e+01
5.600000000000000000e+01
5.500000000000000000e+01
5.500000000000000000e+01
5.400000000000000000e+01
5.400000000000000000e+01
5.200000000000000000e+01
4.800000000000000000e+01
4.500000000000000000e+01
