0.000000000000000000e+00
0.000000000000000000e+00
0.000000000000000000e+00
0.000000000000000000e+00
0.000000000000000000e+00
0.000000000000000000e+00
0.000000000000000000e+00
0.000000000000000000e+00
0.000000000000000000e+00
0.000000000000000000e+00
0.000000000000000000e+00
0.000000000000000000e+00
0.000000000000000000e+00
0.000000000000000000e+00
0.000000000000000000e+00
0.000000000000000000e+00
0.000000000000000000e+00
0.000000000000000000e+00
0.000000000000000000e+00
0.000000000000000000e+00
0.000000000000000000e+00
0.000000000000000000e+00
0.000000000000000000e+00
0.000000000000000000e+00
0.000000000000000000e+00
0.000000000000000000e+00
0.000000000000000000e+00
0.000000000000000000e+00
0.000000000000000000e+00
0.000000000000000000e+00
0.000000000000000000e+00
0.000000000000000000e+00
0.000000000000000000e+00
0.000000000000000000e+00
0.000000000000000000e+00
0.000000000000000000e+00
0.000000000000000000e+00
0.000000000000000000e+00
0.000000000000000000e+00
6.000000000000000000e+00
1.000000000000000000e+01
1.000000000000000000e+01
1.400000000000000000e+01
2.300000000000000000e+01
3.000000000000000000e+01
3.000000000000000000e+01
3.700000000000000000e+01
4.800000000000000000e+01
5.000000000000000000e+01
6.000000000000000000e+01
6.000000000000000000e+01
6.700000000000000000e+01
7.500000000000000000e+01
8.600000000000000000e+01
8.600000000000000000e+01
9.400000000000000000e+01
1.000000000000000000e+02
1.110000000000000000e+02
1.170000000000000000e+02
1.170000000000000000e+02
1.260000000000000000e+02
1.370000000000000000e+02
1.410000000000000000e+02
1.410000000000000000e+02
1.480000000000000000e+02
1.480000000000000000e+02
1.480000000000000000e+02
1.480000000000000000e+02
1.480000000000000000e+02
1.480000000000000000e+02
1.480000000000000000e+02
1.480000000000000000e+02
1.480000000000000000e+02
1.480000000000000000e+02
1.480000000000000000e+02
1.480000000000000000e+02
1.480000000000000000e+02
1.480000000000000000e+02
1.480000000000000000e+02
1.480000000000000000e+02
1.480000000000000000e+02
1.480000000000000000e+02
1.480000000000000000e+02
1.480000000000000000e+02
1.480000000000000000e+02
1.480000000000000000e+02
1.480000000000000000e+02
1.480000000000000000e+02
1.480000000000000000e+02
1.480000000000000000e+02
1.480000000000000000e+02
1.480000000000000000e+02
1.480000000000000000e+02
1.480000000000000000e+02
1.480000000000000000e+02
1.480000000000000000e+02
1.480000000000000000e+02
1.480000000000000000e+02
1.480000000000000000e+02
1.480000000000000000e+02
1.480000000000000000e+02
1.480000000000000000e+02
1.480000000000000000e+02
1.480000000000000000e+02
1.480000000000000000e+02
1.480000000000000000e+02
1.480000000000000000e+02
1.470000000000000000e+02
1.470000000000000000e+02
1.470000000000000000e+02
1.450000000000000000e+02
1.450000000000000000e+02
1.410000000000000000e+02
1.360000000000000000e+02
1.350000000000000000e+02
1.330000000000000000e+02
1.290000000000000000e+02
1.270000000000000000e+02
1.250000000000000000e+02
1.250000000000000000e+02
1.210000000000000000e+02
1.140000000000000000e+02
1.080000000000000000e+02
1.060000000000000000e+02
1.040000000000000000e+02
9.900000000000000000e+01
9.600000000000000000e+01
9.400000000000000000e+01
