0.000000000000000000e+00
0.000000000000000000e+00
0.000000000000000000e+00
0.000000000000000000e+00
0.000000000000000000e+00
0.000000000000000000e+00
0.000000000000000000e+00
0.000000000000000000e+00
0.000000000000000000e+00
0.000000000000000000e+00
0.000000000000000000e+00
0.000000000000000000e+00
0.000000000000000000e+00
0.000000000000000000e+00
0.000000000000000000e+00
0.000000000000000000e+00
0.000000000000000000e+00
0.000000000000000000e+00
0.000000000000000000e+00
0.000000000000000000e+00
0.000000000000000000e+00
0.000000000000000000e+00
0.000000000000000000e+00
0.000000000000000000e+00
0.000000000000000000e+00
0.000000000000000000e+00
2.000000000000000000e+00
2.000000000000000000e+00
4.000000000000000000e+00
1.500000000000000000e+01
2.200000000000000000e+01
2.200000000000000000e+01
2.900000000000000000e+01
3.600000000000000000e+01
4.400000000000000000e+01
4.600000000000000000e+01
4.600000000000000000e+01
5.300000000000000000e+01
5.800000000000000000e+01
6.400000000000000000e+01
7.600000000000000000e+01
7.600000000000000000e+01
8.300000000000000000e+01
8.700000000000000000e+01
9.700000000000000000e+01
9.700000000000000000e+01
1.090000000000000000e+02
1.180000000000000000e+02
1.230000000000000000e+02
1.310000000000000000e+02
1.310000000000000000e+02
1.430000000000000000e+02
1.500000000000000000e+02
1.610000000000000000e+02
1.610000000000000000e+02
1.680000000000000000e+02
1.790000000000000000e+02
1.820000000000000000e+02
1.940000000000000000e+02
1.940000000000000000e+02
2.040000000000000000e+02
2.120000000000000000e+02
2.190000000000000000e+02
2.190000000000000000e+02
2.320000000000000000e+02
2.320000000000000000e+02
2.320000000000000000e+02
2.320000000000000000e+02
2.320000000000000000e+02
2.320000000000000000e+02
2.320000000000000000e+02
2.320000000000000000e+02
2.320000000000000000e+02
2.320000000000000000e+02
2.320000000000000000e+02
2.320000000000000000e+02
2.320000000000000000e+02
2.320000000000000000e+02
2.320000000000000000e+02
2.320000000000000000e+02
2.320000000000000000e+02
2.320000000000000000e+02
2.320000000000000000e+02
2.320000000000000000e+02
2.320000000000000000e+02
2.320000000000000000e+02
2.320000000000000000e+02
2.320000000000000000e+02
2.320000000000000000e+02
2.320000000000000000e+02
2.320000000000000000e+02
2.320000000000000000e+02
2.320000000000000000e+02
2.320000000000000000e+02
2.320000000000000000e+02
2.300000000000000000e+02
2.290000000000000000e+02
2.290000000000000000e+02
2.290000000000000000e+02
2.280000000000000000e+02
2.260000000000000000e+02
2.240000000000000000e+02
2.230000000000000000e+02
2.220000000000000000e+02
2.200000000000000000e+02
2.170000000000000000e+02
2.140000000000000000e+02
2.120000000000000000e+02
2.080000000000000000e+02
2.040000000000000000e+02
2.030000000000000000e+02
1.980000000000000000e+02
1.960000000000000000e+02
1.930000000000000000e+02
1.880000000000000000e+02
1.840000000000000000e+02
1.810000000000000000e+02
1.770000000000000000e+02
1.740000000000000000e+02
1.690000000000000000e+02
1.670000000000000000e+02
1.610000000000000000e+02
1.580000000000000000e+02
1.580000000000000000e+02
1.540000000000000000e+02
1.470000000000000000e+02
1.330000000000000000e+02
1.290000000000000000e+02
