1.050000000000000000e+02
1.100000000000000000e+02
1.180000000000000000e+02
1.250000000000000000e+02
1.310000000000000000e+02
1.390000000000000000e+02
1.420000000000000000e+02
1.440000000000000000e+02
1.490000000000000000e+02
1.550000000000000000e+02
1.620000000000000000e+02
1.700000000000000000e+02
1.720000000000000000e+02
1.790000000000000000e+02
1.850000000000000000e+02
1.890000000000000000e+02
2.010000000000000000e+02
2.120000000000000000e+02
2.160000000000000000e+02
2.260000000000000000e+02
2.300000000000000000e+02
2.330000000000000000e+02
2.410000000000000000e+02
2.480000000000000000e+02
2.610000000000000000e+02
2.660000000000000000e+02
2.800000000000000000e+02
2.860000000000000000e+02
2.940000000000000000e+02
3.000000000000000000e+02
3.080000000000000000e+02
3.190000000000000000e+02
3.300000000000000000e+02
3.360000000000000000e+02
3.440000000000000000e+02
3.520000000000000000e+02
3.590000000000000000e+02
3.680000000000000000e+02
3.790000000000000000e+02
3.860000000000000000e+02
3.930000000000000000e+02
4.050000000000000000e+02
4.100000000000000000e+02
4.150000000000000000e+02
4.220000000000000000e+02
4.280000000000000000e+02
4.360000000000000000e+02
4.410000000000000000e+02
4.370000000000000000e+02
4.270000000000000000e+02
4.150000000000000000e+02
4.000000000000000000e+02
3.960000000000000000e+02
3.900000000000000000e+02
3.820000000000000000e+02
3.760000000000000000e+02
3.730000000000000000e+02
3.670000000000000000e+02
3.620000000000000000e+02
3.500000000000000000e+02
3.400000000000000000e+02
3.350000000000000000e+02
3.300000000000000000e+02
3.250000000000000000e+02
3.200000000000000000e+02
3.100000000000000000e+02
3.030000000000000000e+02
2.950000000000000000e+02
2.870000000000000000e+02
2.770000000000000000e+02
2.720000000000000000e+02
2.690000000000000000e+02
2.640000000000000000e+02
2.580000000000000000e+02
2.490000000000000000e+02
2.380000000000000000e+02
2.350000000000000000e+02
2.270000000000000000e+02
2.140000000000000000e+02
2.100000000000000000e+02
1.990000000000000000e+02
1.950000000000000000e+02
1.900000000000000000e+02
1.880000000000000000e+02
1.740000000000000000e+02
1.680000000000000000e+02
1.620000000000000000e+02
1.550000000000000000e+02
1.520000000000000000e+02
1.390000000000000000e+02
1.300000000000000000e+02
1.250000000000000000e+02
1.190000000000000000e+02
1.120000000000000000e+02
1.060000000000000000e+02
9.700000000000000000e+01
