1.080000000000000000e+02
1.160000000000000000e+02
1.230000000000000000e+02
1.310000000000000000e+02
1.380000000000000000e+02
1.460000000000000000e+02
1.490000000000000000e+02
1.520000000000000000e+02
1.630000000000000000e+02
1.730000000000000000e+02
1.890000000000000000e+02
1.980000000000000000e+02
2.070000000000000000e+02
2.120000000000000000e+02
2.170000000000000000e+02
2.260000000000000000e+02
2.320000000000000000e+02
2.400000000000000000e+02
2.470000000000000000e+02
2.570000000000000000e+02
2.650000000000000000e+02
2.690000000000000000e+02
2.770000000000000000e+02
2.820000000000000000e+02
2.910000000000000000e+02
2.950000000000000000e+02
3.070000000000000000e+02
3.140000000000000000e+02
3.180000000000000000e+02
3.220000000000000000e+02
3.290000000000000000e+02
3.380000000000000000e+02
3.410000000000000000e+02
3.470000000000000000e+02
3.580000000000000000e+02
3.650000000000000000e+02
3.730000000000000000e+02
3.820000000000000000e+02
3.920000000000000000e+02
3.960000000000000000e+02
4.020000000000000000e+02
4.120000000000000000e+02
4.180000000000000000e+02
4.230000000000000000e+02
4.270000000000000000e+02
4.350000000000000000e+02
4.400000000000000000e+02
4.500000000000000000e+02
4.590000000000000000e+02
4.480000000000000000e+02
4.380000000000000000e+02
4.280000000000000000e+02
4.190000000000000000e+02
4.070000000000000000e+02
3.960000000000000000e+02
3.880000000000000000e+02
3.810000000000000000e+02
3.740000000000000000e+02
3.670000000000000000e+02
3.570000000000000000e+02
3.500000000000000000e+02
3.420000000000000000e+02
3.370000000000000000e+02
3.290000000000000000e+02
3.200000000000000000e+02
3.140000000000000000e+02
3.070000000000000000e+02
3.000000000000000000e+02
2.900000000000000000e+02
2.830000000000000000e+02
2.720000000000000000e+02
2.660000000000000000e+02
2.570000000000000000e+02
2.530000000000000000e+02
2.490000000000000000e+02
2.420000000000000000e+02
2.350000000000000000e+02
2.260000000000000000e+02
2.220000000000000000e+02
2.140000000000000000e+02
2.070000000000000000e+02
2.020000000000000000e+02
1.970000000000000000e+02
1.960000000000000000e+02
1.850000000000000000e+02
1.780000000000000000e+02
1.670000000000000000e+02
1.650000000000000000e+02
1.610000000000000000e+02
1.560000000000000000e+02
1.510000000000000000e+02
1.440000000000000000e+02
1.430000000000000000e+02
1.360000000000000000e+02
1.300000000000000000e+02
1.200000000000000000e+02
