1.000000000000000000e+02
1.110000000000000000e+02
1.150000000000000000e+02
1.230000000000000000e+02
1.280000000000000000e+02
1.420000000000000000e+02
1.460000000000000000e+02
1.510000000000000000e+02
1.540000000000000000e+02
1.570000000000000000e+02
1.630000000000000000e+02
1.670000000000000000e+02
1.730000000000000000e+02
1.800000000000000000e+02
1.840000000000000000e+02
1.890000000000000000e+02
1.950000000000000000e+02
2.030000000000000000e+02
2.060000000000000000e+02
2.080000000000000000e+02
2.120000000000000000e+02
2.180000000000000000e+02
2.230000000000000000e+02
2.290000000000000000e+02
2.530000000000000000e+02
2.630000000000000000e+02
2.730000000000000000e+02
2.840000000000000000e+02
3.000000000000000000e+02
3.120000000000000000e+02
3.180000000000000000e+02
3.290000000000000000e+02
3.350000000000000000e+02
3.420000000000000000e+02
3.530000000000000000e+02
3.610000000000000000e+02
3.740000000000000000e+02
3.830000000000000000e+02
3.880000000000000000e+02
3.970000000000000000e+02
4.020000000000000000e+02
4.060000000000000000e+02
4.160000000000000000e+02
4.170000000000000000e+02
4.270000000000000000e+02
4.360000000000000000e+02
4.380000000000000000e+02
4.440000000000000000e+02
4.480000000000000000e+02
4.370000000000000000e+02
4.270000000000000000e+02
4.160000000000000000e+02
4.120000000000000000e+02
4.060000000000000000e+02
4.000000000000000000e+02
3.930000000000000000e+02
3.860000000000000000e+02
3.790000000000000000e+02
3.690000000000000000e+02
3.620000000000000000e+02
3.580000000000000000e+02
3.530000000000000000e+02
3.460000000000000000e+02
3.420000000000000000e+02
3.370000000000000000e+02
3.350000000000000000e+02
3.270000000000000000e+02
3.200000000000000000e+02
3.100000000000000000e+02
3.040000000000000000e+02
2.990000000000000000e+02
2.930000000000000000e+02
2.850000000000000000e+02
2.770000000000000000e+02
2.690000000000000000e+02
2.590000000000000000e+02
2.500000000000000000e+02
2.420000000000000000e+02
2.360000000000000000e+02
2.290000000000000000e+02
2.230000000000000000e+02
2.140000000000000000e+02
2.030000000000000000e+02
1.980000000000000000e+02
1.890000000000000000e+02
1.850000000000000000e+02
1.750000000000000000e+02
1.630000000000000000e+02
1.560000000000000000e+02
1.530000000000000000e+02
1.470000000000000000e+02
1.440000000000000000e+02
1.380000000000000000e+02
1.330000000000000000e+02
1.260000000000000000e+02
1.200000000000000000e+02
