5.400000000000000000e+01
5.500000000000000000e+01
5.500000000000000000e+01
5.600000000000000000e+01
5.800000000000000000e+01
5.800000000000000000e+01
6.200000000000000000e+01
6.200000000000000000e+01
6.200000000000000000e+01
6.200000000000000000e+01
6.200000000000000000e+01
6.200000000000000000e+01
6.200000000000000000e+01
6.200000000000000000e+01
6.200000000000000000e+01
6.200000000000000000e+01
6.200000000000000000e+01
6.200000000000000000e+01
6.200000000000000000e+01
6.200000000000000000e+01
6.200000000000000000e+01
6.200000000000000000e+01
6.200000000000000000e+01
6.200000000000000000e+01
6.200000000000000000e+01
6.200000000000000000e+01
6.200000000000000000e+01
6.200000000000000000e+01
6.200000000000000000e+01
6.200000000000000000e+01
6.200000000000000000e+01
6.200000000000000000e+01
6.200000000000000000e+01
6.200000000000000000e+01
6.200000000000000000e+01
6.200000000000000000e+01
6.200000000000000000e+01
6.200000000000000000e+01
6.200000000000000000e+01
7.000000000000000000e+01
8.000000000000000000e+01
8.900000000000000000e+01
9.300000000000000000e+01
1.000000000000000000e+02
1.070000000000000000e+02
1.140000000000000000e+02
1.210000000000000000e+02
1.270000000000000000e+02
1.360000000000000000e+02
1.290000000000000000e+02
1.220000000000000000e+02
1.170000000000000000e+02
1.130000000000000000e+02
1.100000000000000000e+02
1.060000000000000000e+02
9.400000000000000000e+01
8.400000000000000000e+01
8.400000000000000000e+01
8.400000000000000000e+01
8.400000000000000000e+01
8.400000000000000000e+01
8.400000000000000000e+01
8.400000000000000000e+01
8.400000000000000000e+01
8.400000000000000000e+01
8.400000000000000000e+01
8.400000000000000000e+01
8.400000000000000000e+01
8.400000000000000000e+01
8.400000000000000000e+01
8.400000000000000000e+01
8.400000000000000000e+01
8.400000000000000000e+01
8.400000000000000000e+01
8.400000000000000000e+01
8.400000000000000000e+01
8.400000000000000000e+01
8.400000000000000000e+01
8.400000000000000000e+01
8.400000000000000000e+01
8.400000000000000000e+01
8.400000000000000000e+01
8.400000000000000000e+01
8.400000000000000000e+01
8.400000000000000000e+01
8.400000000000000000e+01
8.400000000000000000e+01
8.300000000000000000e+01
8.300000000000000000e+01
8.200000000000000000e+01
8.200000000000000000e+01
8.000000000000000000e+01
7.800000000000000000e+01
7.600000000000000000e+01
7.400000000000000000e+01
7.300000000000000000e+01
