1.010000000000000000e+02
1.080000000000000000e+02
1.180000000000000000e+02
1.250000000000000000e+02
1.310000000000000000e+02
1.380000000000000000e+02
1.400000000000000000e+02
1.440000000000000000e+02
1.480000000000000000e+02
1.570000000000000000e+02
1.640000000000000000e+02
1.740000000000000000e+02
1.850000000000000000e+02
1.900000000000000000e+02
1.950000000000000000e+02
1.980000000000000000e+02
2.020000000000000000e+02
2.050000000000000000e+02
2.120000000000000000e+02
2.210000000000000000e+02
2.230000000000000000e+02
2.260000000000000000e+02
2.330000000000000000e+02
2.380000000000000000e+02
2.500000000000000000e+02
2.560000000000000000e+02
2.650000000000000000e+02
2.700000000000000000e+02
2.740000000000000000e+02
2.830000000000000000e+02
2.910000000000000000e+02
2.950000000000000000e+02
3.040000000000000000e+02
3.060000000000000000e+02
3.140000000000000000e+02
3.230000000000000000e+02
3.350000000000000000e+02
3.450000000000000000e+02
3.550000000000000000e+02
3.620000000000000000e+02
3.710000000000000000e+02
3.780000000000000000e+02
3.920000000000000000e+02
3.990000000000000000e+02
4.040000000000000000e+02
4.080000000000000000e+02
4.160000000000000000e+02
4.180000000000000000e+02
4.230000000000000000e+02
4.100000000000000000e+02
4.050000000000000000e+02
3.980000000000000000e+02
3.900000000000000000e+02
3.820000000000000000e+02
3.750000000000000000e+02
3.710000000000000000e+02
3.570000000000000000e+02
3.480000000000000000e+02
3.400000000000000000e+02
3.350000000000000000e+02
3.260000000000000000e+02
3.220000000000000000e+02
3.100000000000000000e+02
3.050000000000000000e+02
2.970000000000000000e+02
2.860000000000000000e+02
2.820000000000000000e+02
2.690000000000000000e+02
2.650000000000000000e+02
2.510000000000000000e+02
2.420000000000000000e+02
2.370000000000000000e+02
2.340000000000000000e+02
2.280000000000000000e+02
2.240000000000000000e+02
2.180000000000000000e+02
2.090000000000000000e+02
1.990000000000000000e+02
1.930000000000000000e+02
1.900000000000000000e+02
1.850000000000000000e+02
1.820000000000000000e+02
1.760000000000000000e+02
1.720000000000000000e+02
1.630000000000000000e+02
1.580000000000000000e+02
1.520000000000000000e+02
1.480000000000000000e+02
1.370000000000000000e+02
1.280000000000000000e+02
1.240000000000000000e+02
1.140000000000000000e+02
1.100000000000000000e+02
1.040000000000000000e+02
9.900000000000000000e+01
8.900000000000000000e+01
