8.800000000000000000e+01
9.400000000000000000e+01
1.020000000000000000e+02
1.050000000000000000e+02
1.090000000000000000e+02
1.140000000000000000e+02
1.190000000000000000e+02
1.220000000000000000e+02
1.280000000000000000e+02
1.310000000000000000e+02
1.370000000000000000e+02
1.430000000000000000e+02
1.470000000000000000e+02
1.490000000000000000e+02
1.530000000000000000e+02
1.560000000000000000e+02
1.650000000000000000e+02
1.770000000000000000e+02
1.810000000000000000e+02
1.830000000000000000e+02
1.860000000000000000e+02
1.910000000000000000e+02
1.920000000000000000e+02
1.960000000000000000e+02
2.060000000000000000e+02
2.130000000000000000e+02
2.290000000000000000e+02
2.380000000000000000e+02
2.440000000000000000e+02
2.540000000000000000e+02
2.620000000000000000e+02
2.730000000000000000e+02
2.830000000000000000e+02
2.870000000000000000e+02
2.910000000000000000e+02
2.970000000000000000e+02
3.070000000000000000e+02
3.180000000000000000e+02
3.250000000000000000e+02
3.370000000000000000e+02
3.450000000000000000e+02
3.510000000000000000e+02
3.570000000000000000e+02
3.690000000000000000e+02
3.780000000000000000e+02
3.850000000000000000e+02
3.930000000000000000e+02
3.970000000000000000e+02
4.040000000000000000e+02
3.940000000000000000e+02
3.860000000000000000e+02
3.790000000000000000e+02
3.710000000000000000e+02
3.590000000000000000e+02
3.520000000000000000e+02
3.470000000000000000e+02
3.420000000000000000e+02
3.380000000000000000e+02
3.310000000000000000e+02
3.250000000000000000e+02
3.170000000000000000e+02
3.060000000000000000e+02
2.970000000000000000e+02
2.910000000000000000e+02
2.870000000000000000e+02
2.790000000000000000e+02
2.700000000000000000e+02
2.670000000000000000e+02
2.590000000000000000e+02
2.500000000000000000e+02
2.430000000000000000e+02
2.360000000000000000e+02
2.290000000000000000e+02
2.250000000000000000e+02
2.220000000000000000e+02
2.150000000000000000e+02
2.130000000000000000e+02
2.090000000000000000e+02
2.050000000000000000e+02
2.010000000000000000e+02
2.000000000000000000e+02
1.950000000000000000e+02
1.840000000000000000e+02
1.790000000000000000e+02
1.760000000000000000e+02
1.690000000000000000e+02
1.620000000000000000e+02
1.560000000000000000e+02
1.530000000000000000e+02
1.490000000000000000e+02
1.430000000000000000e+02
1.360000000000000000e+02
1.310000000000000000e+02
1.240000000000000000e+02
1.190000000000000000e+02
1.160000000000000000e+02
