1.260000000000000000e+02
1.300000000000000000e+02
1.370000000000000000e+02
1.470000000000000000e+02
1.520000000000000000e+02
1.590000000000000000e+02
1.640000000000000000e+02
1.810000000000000000e+02
1.840000000000000000e+02
1.930000000000000000e+02
1.970000000000000000e+02
2.030000000000000000e+02
2.090000000000000000e+02
2.120000000000000000e+02
2.180000000000000000e+02
2.240000000000000000e+02
2.270000000000000000e+02
2.330000000000000000e+02
2.390000000000000000e+02
2.420000000000000000e+02
2.470000000000000000e+02
2.520000000000000000e+02
2.570000000000000000e+02
2.640000000000000000e+02
2.780000000000000000e+02
2.820000000000000000e+02
2.900000000000000000e+02
2.980000000000000000e+02
3.040000000000000000e+02
3.070000000000000000e+02
3.140000000000000000e+02
3.210000000000000000e+02
3.250000000000000000e+02
3.330000000000000000e+02
3.440000000000000000e+02
3.490000000000000000e+02
3.540000000000000000e+02
3.630000000000000000e+02
3.700000000000000000e+02
3.780000000000000000e+02
3.860000000000000000e+02
3.990000000000000000e+02
4.040000000000000000e+02
4.090000000000000000e+02
4.160000000000000000e+02
4.200000000000000000e+02
4.230000000000000000e+02
4.320000000000000000e+02
4.440000000000000000e+02
4.310000000000000000e+02
4.230000000000000000e+02
4.090000000000000000e+02
4.050000000000000000e+02
3.950000000000000000e+02
3.900000000000000000e+02
3.830000000000000000e+02
3.770000000000000000e+02
3.680000000000000000e+02
3.590000000000000000e+02
3.490000000000000000e+02
3.410000000000000000e+02
3.350000000000000000e+02
3.210000000000000000e+02
3.070000000000000000e+02
2.950000000000000000e+02
2.890000000000000000e+02
2.840000000000000000e+02
2.800000000000000000e+02
2.750000000000000000e+02
2.650000000000000000e+02
2.530000000000000000e+02
2.440000000000000000e+02
2.340000000000000000e+02
2.290000000000000000e+02
2.190000000000000000e+02
2.070000000000000000e+02
2.000000000000000000e+02
1.950000000000000000e+02
1.870000000000000000e+02
1.830000000000000000e+02
1.750000000000000000e+02
1.710000000000000000e+02
1.600000000000000000e+02
1.520000000000000000e+02
1.460000000000000000e+02
1.410000000000000000e+02
1.370000000000000000e+02
1.330000000000000000e+02
1.280000000000000000e+02
1.230000000000000000e+02
1.180000000000000000e+02
1.140000000000000000e+02
1.100000000000000000e+02
1.030000000000000000e+02
9.500000000000000000e+01
9.000000000000000000e+01
