1.080000000000000000e+02
1.170000000000000000e+02
1.210000000000000000e+02
1.240000000000000000e+02
1.320000000000000000e+02
1.430000000000000000e+02
1.520000000000000000e+02
1.580000000000000000e+02
1.630000000000000000e+02
1.700000000000000000e+02
1.760000000000000000e+02
1.820000000000000000e+02
1.860000000000000000e+02
1.950000000000000000e+02
2.030000000000000000e+02
2.030000000000000000e+02
2.060000000000000000e+02
2.140000000000000000e+02
2.190000000000000000e+02
2.240000000000000000e+02
2.290000000000000000e+02
2.350000000000000000e+02
2.390000000000000000e+02
2.420000000000000000e+02
2.570000000000000000e+02
2.670000000000000000e+02
2.780000000000000000e+02
2.850000000000000000e+02
2.920000000000000000e+02
3.000000000000000000e+02
3.060000000000000000e+02
3.140000000000000000e+02
3.210000000000000000e+02
3.290000000000000000e+02
3.360000000000000000e+02
3.420000000000000000e+02
3.560000000000000000e+02
3.620000000000000000e+02
3.680000000000000000e+02
3.740000000000000000e+02
3.820000000000000000e+02
3.880000000000000000e+02
3.960000000000000000e+02
4.030000000000000000e+02
4.120000000000000000e+02
4.170000000000000000e+02
4.280000000000000000e+02
4.330000000000000000e+02
4.330000000000000000e+02
4.280000000000000000e+02
4.200000000000000000e+02
4.100000000000000000e+02
4.020000000000000000e+02
3.930000000000000000e+02
3.880000000000000000e+02
3.820000000000000000e+02
3.730000000000000000e+02
3.630000000000000000e+02
3.570000000000000000e+02
3.400000000000000000e+02
3.340000000000000000e+02
3.250000000000000000e+02
3.170000000000000000e+02
3.110000000000000000e+02
3.010000000000000000e+02
2.950000000000000000e+02
2.810000000000000000e+02
2.780000000000000000e+02
2.730000000000000000e+02
2.610000000000000000e+02
2.530000000000000000e+02
2.430000000000000000e+02
2.390000000000000000e+02
2.290000000000000000e+02
2.230000000000000000e+02
2.190000000000000000e+02
2.100000000000000000e+02
2.090000000000000000e+02
2.020000000000000000e+02
1.990000000000000000e+02
1.950000000000000000e+02
1.880000000000000000e+02
1.750000000000000000e+02
1.690000000000000000e+02
1.600000000000000000e+02
1.510000000000000000e+02
1.460000000000000000e+02
1.410000000000000000e+02
1.390000000000000000e+02
1.350000000000000000e+02
1.280000000000000000e+02
1.240000000000000000e+02
1.220000000000000000e+02
1.150000000000000000e+02
1.120000000000000000e+02
1.050000000000000000e+02
