1.150000000000000000e+02
1.190000000000000000e+02
1.230000000000000000e+02
1.340000000000000000e+02
1.390000000000000000e+02
1.430000000000000000e+02
1.470000000000000000e+02
1.570000000000000000e+02
1.670000000000000000e+02
1.750000000000000000e+02
1.840000000000000000e+02
1.900000000000000000e+02
1.930000000000000000e+02
2.010000000000000000e+02
2.050000000000000000e+02
2.110000000000000000e+02
2.150000000000000000e+02
2.220000000000000000e+02
2.280000000000000000e+02
2.350000000000000000e+02
2.370000000000000000e+02
2.430000000000000000e+02
2.480000000000000000e+02
2.600000000000000000e+02
2.780000000000000000e+02
2.890000000000000000e+02
2.970000000000000000e+02
3.010000000000000000e+02
3.100000000000000000e+02
3.200000000000000000e+02
3.290000000000000000e+02
3.350000000000000000e+02
3.430000000000000000e+02
3.490000000000000000e+02
3.570000000000000000e+02
3.640000000000000000e+02
3.710000000000000000e+02
3.780000000000000000e+02
3.850000000000000000e+02
3.940000000000000000e+02
3.990000000000000000e+02
4.080000000000000000e+02
4.180000000000000000e+02
4.270000000000000000e+02
4.340000000000000000e+02
4.430000000000000000e+02
4.470000000000000000e+02
4.500000000000000000e+02
4.540000000000000000e+02
4.470000000000000000e+02
4.410000000000000000e+02
4.350000000000000000e+02
4.250000000000000000e+02
4.200000000000000000e+02
4.150000000000000000e+02
4.020000000000000000e+02
3.960000000000000000e+02
3.830000000000000000e+02
3.740000000000000000e+02
3.670000000000000000e+02
3.580000000000000000e+02
3.500000000000000000e+02
3.450000000000000000e+02
3.370000000000000000e+02
3.310000000000000000e+02
3.250000000000000000e+02
3.120000000000000000e+02
3.030000000000000000e+02
2.970000000000000000e+02
2.900000000000000000e+02
2.840000000000000000e+02
2.740000000000000000e+02
2.670000000000000000e+02
2.550000000000000000e+02
2.410000000000000000e+02
2.370000000000000000e+02
2.320000000000000000e+02
2.220000000000000000e+02
2.130000000000000000e+02
2.030000000000000000e+02
1.980000000000000000e+02
1.920000000000000000e+02
1.880000000000000000e+02
1.810000000000000000e+02
1.780000000000000000e+02
1.740000000000000000e+02
1.660000000000000000e+02
1.540000000000000000e+02
1.470000000000000000e+02
1.400000000000000000e+02
1.340000000000000000e+02
1.290000000000000000e+02
1.230000000000000000e+02
1.190000000000000000e+02
1.140000000000000000e+02
1.120000000000000000e+02
