1.120000000000000000e+02
1.170000000000000000e+02
1.210000000000000000e+02
1.250000000000000000e+02
1.300000000000000000e+02
1.320000000000000000e+02
1.380000000000000000e+02
1.420000000000000000e+02
1.470000000000000000e+02
1.530000000000000000e+02
1.570000000000000000e+02
1.590000000000000000e+02
1.630000000000000000e+02
1.650000000000000000e+02
1.690000000000000000e+02
1.790000000000000000e+02
1.880000000000000000e+02
1.900000000000000000e+02
1.970000000000000000e+02
2.050000000000000000e+02
2.110000000000000000e+02
2.210000000000000000e+02
2.300000000000000000e+02
2.320000000000000000e+02
2.450000000000000000e+02
2.540000000000000000e+02
2.670000000000000000e+02
2.710000000000000000e+02
2.790000000000000000e+02
2.880000000000000000e+02
3.000000000000000000e+02
3.080000000000000000e+02
3.150000000000000000e+02
3.180000000000000000e+02
3.240000000000000000e+02
3.280000000000000000e+02
3.360000000000000000e+02
3.410000000000000000e+02
3.480000000000000000e+02
3.520000000000000000e+02
3.590000000000000000e+02
3.680000000000000000e+02
3.760000000000000000e+02
3.860000000000000000e+02
3.970000000000000000e+02
4.030000000000000000e+02
4.190000000000000000e+02
4.290000000000000000e+02
4.290000000000000000e+02
4.230000000000000000e+02
4.150000000000000000e+02
4.050000000000000000e+02
4.000000000000000000e+02
3.930000000000000000e+02
3.790000000000000000e+02
3.720000000000000000e+02
3.650000000000000000e+02
3.610000000000000000e+02
3.550000000000000000e+02
3.480000000000000000e+02
3.370000000000000000e+02
3.320000000000000000e+02
3.250000000000000000e+02
3.160000000000000000e+02
3.080000000000000000e+02
3.010000000000000000e+02
3.000000000000000000e+02
2.930000000000000000e+02
2.850000000000000000e+02
2.760000000000000000e+02
2.640000000000000000e+02
2.590000000000000000e+02
2.550000000000000000e+02
2.480000000000000000e+02
2.430000000000000000e+02
2.350000000000000000e+02
2.270000000000000000e+02
2.210000000000000000e+02
2.140000000000000000e+02
2.070000000000000000e+02
2.000000000000000000e+02
1.940000000000000000e+02
1.890000000000000000e+02
1.790000000000000000e+02
1.730000000000000000e+02
1.620000000000000000e+02
1.580000000000000000e+02
1.560000000000000000e+02
1.520000000000000000e+02
1.440000000000000000e+02
1.380000000000000000e+02
1.310000000000000000e+02
1.220000000000000000e+02
1.190000000000000000e+02
1.140000000000000000e+02
1.060000000000000000e+02
