0.000000000000000000e+00
1.390000000000000000e+02
1.370000000000000000e+02
1.440000000000000000e+02
1.420000000000000000e+02
1.420000000000000000e+02
1.450000000000000000e+02
1.490000000000000000e+02
1.530000000000000000e+02
1.500000000000000000e+02
1.480000000000000000e+02
1.510000000000000000e+02
1.540000000000000000e+02
1.530000000000000000e+02
1.540000000000000000e+02
1.580000000000000000e+02
1.550000000000000000e+02
1.540000000000000000e+02
1.520000000000000000e+02
1.520000000000000000e+02
1.530000000000000000e+02
1.560000000000000000e+02
1.540000000000000000e+02
1.590000000000000000e+02
1.590000000000000000e+02
1.570000000000000000e+02
1.600000000000000000e+02
1.570000000000000000e+02
1.550000000000000000e+02
1.510000000000000000e+02
1.560000000000000000e+02
1.540000000000000000e+02
1.530000000000000000e+02
1.500000000000000000e+02
1.490000000000000000e+02
1.540000000000000000e+02
1.490000000000000000e+02
1.500000000000000000e+02
1.470000000000000000e+02
1.450000000000000000e+02
1.420000000000000000e+02
1.390000000000000000e+02
1.410000000000000000e+02
1.430000000000000000e+02
1.440000000000000000e+02
1.420000000000000000e+02
1.450000000000000000e+02
1.460000000000000000e+02
1.470000000000000000e+02
1.490000000000000000e+02
1.470000000000000000e+02
1.500000000000000000e+02
1.520000000000000000e+02
1.480000000000000000e+02
1.450000000000000000e+02
1.420000000000000000e+02
1.430000000000000000e+02
1.500000000000000000e+02
1.490000000000000000e+02
1.470000000000000000e+02
1.450000000000000000e+02
1.460000000000000000e+02
1.420000000000000000e+02
1.400000000000000000e+02
1.370000000000000000e+02
1.330000000000000000e+02
1.330000000000000000e+02
1.320000000000000000e+02
1.270000000000000000e+02
1.260000000000000000e+02
1.190000000000000000e+02
1.150000000000000000e+02
1.160000000000000000e+02
1.140000000000000000e+02
1.100000000000000000e+02
1.070000000000000000e+02
1.050000000000000000e+02
1.040000000000000000e+02
1.000000000000000000e+02
9.700000000000000000e+01
9.500000000000000000e+01
9.200000000000000000e+01
9.000000000000000000e+01
8.400000000000000000e+01
8.400000000000000000e+01
8.100000000000000000e+01
7.400000000000000000e+01
7.200000000000000000e+01
7.100000000000000000e+01
6.700000000000000000e+01
6.200000000000000000e+01
5.900000000000000000e+01
5.700000000000000000e+01
5.600000000000000000e+01
5.500000000000000000e+01
5.500000000000000000e+01
5.200000000000000000e+01
5.200000000000000000e+01
5.200000000000000000e+01
4.800000000000000000e+01
4.500000000000000000e+01
4.500000000000000000e+01
4.400000000000000000e+01
4.500000000000000000e+01
4.700000000000000000e+01
4.600000000000000000e+01
4.800000000000000000e+01
4.800000000000000000e+01
4.800000000000000000e+01
4.800000000000000000e+01
5.100000000000000000e+01
5.500000000000000000e+01
5.500000000000000000e+01
5.700000000000000000e+01
5.600000000000000000e+01
5.700000000000000000e+01
5.900000000000000000e+01
6.100000000000000000e+01
6.100000000000000000e+01
6.300000000000000000e+01
6.500000000000000000e+01
6.700000000000000000e+01
7.100000000000000000e+01
6.900000000000000000e+01
7.100000000000000000e+01
7.200000000000000000e+01
7.300000000000000000e+01
7.300000000000000000e+01
