0.000000000000000000e+00
0.000000000000000000e+00
0.000000000000000000e+00
0.000000000000000000e+00
0.000000000000000000e+00
0.000000000000000000e+00
0.000000000000000000e+00
0.000000000000000000e+00
0.000000000000000000e+00
0.000000000000000000e+00
0.000000000000000000e+00
0.000000000000000000e+00
0.000000000000000000e+00
0.000000000000000000e+00
0.000000000000000000e+00
0.000000000000000000e+00
0.000000000000000000e+00
0.000000000000000000e+00
0.000000000000000000e+00
0.000000000000000000e+00
0.000000000000000000e+00
0.000000000000000000e+00
0.000000000000000000e+00
0.000000000000000000e+00
0.000000000000000000e+00
0.000000000000000000e+00
0.000000000000000000e+00
0.000000000000000000e+00
0.000000000000000000e+00
0.000000000000000000e+00
0.000000000000000000e+00
0.000000000000000000e+00
0.000000000000000000e+00
0.000000000000000000e+00
0.000000000000000000e+00
0.000000000000000000e+00
0.000000000000000000e+00
0.000000000000000000e+00
0.000000000000000000e+00
0.000000000000000000e+00
0.000000000000000000e+00
0.000000000000000000e+00
0.000000000000000000e+00
0.000000000000000000e+00
0.000000000000000000e+00
0.000000000000000000e+00
0.000000000000000000e+00
0.000000000000000000e+00
0.000000000000000000e+00
0.000000000000000000e+00
0.000000000000000000e+00
0.000000000000000000e+00
0.000000000000000000e+00
0.000000000000000000e+00
0.000000000000000000e+00
0.000000000000000000e+00
0.000000000000000000e+00
0.000000000000000000e+00
0.000000000000000000e+00
0.000000000000000000e+00
0.000000000000000000e+00
0.000000000000000000e+00
6.000000000000000000e+00
6.000000000000000000e+00
1.000000000000000000e+01
1.200000000000000000e+01
1.600000000000000000e+01
2.400000000000000000e+01
2.400000000000000000e+01
2.900000000000000000e+01
3.200000000000000000e+01
3.300000000000000000e+01
3.400000000000000000e+01
3.400000000000000000e+01
3.600000000000000000e+01
4.100000000000000000e+01
4.700000000000000000e+01
4.700000000000000000e+01
5.000000000000000000e+01
5.500000000000000000e+01
5.700000000000000000e+01
6.200000000000000000e+01
6.200000000000000000e+01
6.300000000000000000e+01
6.700000000000000000e+01
7.200000000000000000e+01
7.200000000000000000e+01
7.600000000000000000e+01
8.000000000000000000e+01
8.200000000000000000e+01
8.500000000000000000e+01
8.500000000000000000e+01
8.900000000000000000e+01
9.100000000000000000e+01
9.200000000000000000e+01
9.200000000000000000e+01
9.500000000000000000e+01
9.700000000000000000e+01
9.700000000000000000e+01
9.900000000000000000e+01
9.800000000000000000e+01
1.010000000000000000e+02
1.010000000000000000e+02
1.030000000000000000e+02
1.050000000000000000e+02
1.030000000000000000e+02
1.040000000000000000e+02
1.050000000000000000e+02
1.080000000000000000e+02
1.070000000000000000e+02
1.110000000000000000e+02
1.130000000000000000e+02
1.160000000000000000e+02
1.140000000000000000e+02
1.130000000000000000e+02
1.160000000000000000e+02
1.170000000000000000e+02
1.190000000000000000e+02
1.170000000000000000e+02
1.210000000000000000e+02
1.240000000000000000e+02
1.270000000000000000e+02
1.260000000000000000e+02
1.180000000000000000e+02
1.220000000000000000e+02
1.260000000000000000e+02
1.290000000000000000e+02
1.270000000000000000e+02
