0.000000000000000000e+00
1.400000000000000000e+02
1.430000000000000000e+02
1.500000000000000000e+02
1.500000000000000000e+02
1.560000000000000000e+02
1.610000000000000000e+02
1.640000000000000000e+02
1.700000000000000000e+02
1.670000000000000000e+02
1.640000000000000000e+02
1.630000000000000000e+02
1.640000000000000000e+02
1.610000000000000000e+02
1.590000000000000000e+02
1.590000000000000000e+02
1.610000000000000000e+02
1.620000000000000000e+02
1.600000000000000000e+02
1.630000000000000000e+02
1.620000000000000000e+02
1.610000000000000000e+02
1.600000000000000000e+02
1.640000000000000000e+02
1.660000000000000000e+02
1.700000000000000000e+02
1.690000000000000000e+02
1.660000000000000000e+02
1.700000000000000000e+02
1.710000000000000000e+02
1.730000000000000000e+02
1.670000000000000000e+02
1.620000000000000000e+02
1.670000000000000000e+02
1.670000000000000000e+02
1.710000000000000000e+02
1.650000000000000000e+02
1.660000000000000000e+02
1.640000000000000000e+02
1.670000000000000000e+02
1.680000000000000000e+02
1.670000000000000000e+02
1.670000000000000000e+02
1.700000000000000000e+02
1.700000000000000000e+02
1.680000000000000000e+02
1.660000000000000000e+02
1.680000000000000000e+02
1.700000000000000000e+02
1.750000000000000000e+02
1.730000000000000000e+02
1.710000000000000000e+02
1.720000000000000000e+02
1.740000000000000000e+02
1.690000000000000000e+02
1.710000000000000000e+02
1.680000000000000000e+02
1.670000000000000000e+02
1.620000000000000000e+02
1.590000000000000000e+02
1.570000000000000000e+02
1.530000000000000000e+02
1.500000000000000000e+02
1.430000000000000000e+02
1.430000000000000000e+02
1.420000000000000000e+02
1.380000000000000000e+02
1.340000000000000000e+02
1.330000000000000000e+02
1.290000000000000000e+02
1.220000000000000000e+02
1.190000000000000000e+02
1.150000000000000000e+02
1.100000000000000000e+02
1.100000000000000000e+02
1.080000000000000000e+02
1.040000000000000000e+02
9.800000000000000000e+01
9.500000000000000000e+01
9.200000000000000000e+01
9.000000000000000000e+01
8.500000000000000000e+01
8.300000000000000000e+01
8.200000000000000000e+01
8.000000000000000000e+01
7.900000000000000000e+01
7.500000000000000000e+01
7.400000000000000000e+01
7.300000000000000000e+01
6.800000000000000000e+01
6.600000000000000000e+01
6.300000000000000000e+01
6.100000000000000000e+01
5.900000000000000000e+01
5.600000000000000000e+01
5.400000000000000000e+01
5.100000000000000000e+01
4.600000000000000000e+01
4.400000000000000000e+01
4.300000000000000000e+01
4.100000000000000000e+01
3.900000000000000000e+01
3.700000000000000000e+01
3.400000000000000000e+01
3.400000000000000000e+01
3.200000000000000000e+01
3.000000000000000000e+01
3.000000000000000000e+01
3.000000000000000000e+01
2.900000000000000000e+01
2.700000000000000000e+01
2.700000000000000000e+01
2.400000000000000000e+01
2.300000000000000000e+01
2.300000000000000000e+01
2.200000000000000000e+01
2.100000000000000000e+01
2.100000000000000000e+01
2.100000000000000000e+01
1.900000000000000000e+01
1.800000000000000000e+01
1.700000000000000000e+01
1.700000000000000000e+01
1.600000000000000000e+01
1.600000000000000000e+01
1.600000000000000000e+01
1.600000000000000000e+01
1.500000000000000000e+01
