0.000000000000000000e+00
6.600000000000000000e+01
7.000000000000000000e+01
7.400000000000000000e+01
7.400000000000000000e+01
7.800000000000000000e+01
8.000000000000000000e+01
8.300000000000000000e+01
8.400000000000000000e+01
8.400000000000000000e+01
8.500000000000000000e+01
8.900000000000000000e+01
9.300000000000000000e+01
9.300000000000000000e+01
9.600000000000000000e+01
1.020000000000000000e+02
1.040000000000000000e+02
1.080000000000000000e+02
1.080000000000000000e+02
1.140000000000000000e+02
1.150000000000000000e+02
1.180000000000000000e+02
1.180000000000000000e+02
1.260000000000000000e+02
1.280000000000000000e+02
1.330000000000000000e+02
1.370000000000000000e+02
1.370000000000000000e+02
1.420000000000000000e+02
1.450000000000000000e+02
1.470000000000000000e+02
1.470000000000000000e+02
1.510000000000000000e+02
1.550000000000000000e+02
1.590000000000000000e+02
1.600000000000000000e+02
1.600000000000000000e+02
1.620000000000000000e+02
1.580000000000000000e+02
1.560000000000000000e+02
1.590000000000000000e+02
1.570000000000000000e+02
1.570000000000000000e+02
1.520000000000000000e+02
1.510000000000000000e+02
1.490000000000000000e+02
1.490000000000000000e+02
1.440000000000000000e+02
1.390000000000000000e+02
1.390000000000000000e+02
1.380000000000000000e+02
1.370000000000000000e+02
1.330000000000000000e+02
1.280000000000000000e+02
1.270000000000000000e+02
1.240000000000000000e+02
1.220000000000000000e+02
1.200000000000000000e+02
1.190000000000000000e+02
1.120000000000000000e+02
1.080000000000000000e+02
1.030000000000000000e+02
1.010000000000000000e+02
9.700000000000000000e+01
9.600000000000000000e+01
9.600000000000000000e+01
9.600000000000000000e+01
9.100000000000000000e+01
8.800000000000000000e+01
8.400000000000000000e+01
8.400000000000000000e+01
8.000000000000000000e+01
7.900000000000000000e+01
7.700000000000000000e+01
7.500000000000000000e+01
7.200000000000000000e+01
7.000000000000000000e+01
6.700000000000000000e+01
6.500000000000000000e+01
6.500000000000000000e+01
6.200000000000000000e+01
5.900000000000000000e+01
5.800000000000000000e+01
5.700000000000000000e+01
5.500000000000000000e+01
5.000000000000000000e+01
4.800000000000000000e+01
4.400000000000000000e+01
4.400000000000000000e+01
4.100000000000000000e+01
3.900000000000000000e+01
3.700000000000000000e+01
3.600000000000000000e+01
3.400000000000000000e+01
3.400000000000000000e+01
3.200000000000000000e+01
3.000000000000000000e+01
3.000000000000000000e+01
2.600000000000000000e+01
2.500000000000000000e+01
2.400000000000000000e+01
2.200000000000000000e+01
2.100000000000000000e+01
1.900000000000000000e+01
1.900000000000000000e+01
1.700000000000000000e+01
1.700000000000000000e+01
1.600000000000000000e+01
1.500000000000000000e+01
1.500000000000000000e+01
1.500000000000000000e+01
1.500000000000000000e+01
1.500000000000000000e+01
1.400000000000000000e+01
1.400000000000000000e+01
1.400000000000000000e+01
1.200000000000000000e+01
1.200000000000000000e+01
1.100000000000000000e+01
1.100000000000000000e+01
1.000000000000000000e+01
1.000000000000000000e+01
1.000000000000000000e+01
1.000000000000000000e+01
9.000000000000000000e+00
9.000000000000000000e+00
9.000000000000000000e+00
9.000000000000000000e+00
