0.000000000000000000e+00
1.430000000000000000e+02
1.480000000000000000e+02
1.490000000000000000e+02
1.450000000000000000e+02
1.450000000000000000e+02
1.450000000000000000e+02
1.470000000000000000e+02
1.500000000000000000e+02
1.490000000000000000e+02
1.520000000000000000e+02
1.540000000000000000e+02
1.550000000000000000e+02
1.510000000000000000e+02
1.510000000000000000e+02
1.470000000000000000e+02
1.480000000000000000e+02
1.460000000000000000e+02
1.450000000000000000e+02
1.490000000000000000e+02
1.510000000000000000e+02
1.550000000000000000e+02
1.520000000000000000e+02
1.490000000000000000e+02
1.490000000000000000e+02
1.500000000000000000e+02
1.490000000000000000e+02
1.490000000000000000e+02
1.490000000000000000e+02
1.500000000000000000e+02
1.490000000000000000e+02
1.450000000000000000e+02
1.450000000000000000e+02
1.450000000000000000e+02
1.480000000000000000e+02
1.480000000000000000e+02
1.480000000000000000e+02
1.450000000000000000e+02
1.460000000000000000e+02
1.530000000000000000e+02
1.510000000000000000e+02
1.480000000000000000e+02
1.470000000000000000e+02
1.500000000000000000e+02
1.530000000000000000e+02
1.510000000000000000e+02
1.520000000000000000e+02
1.510000000000000000e+02
1.530000000000000000e+02
1.560000000000000000e+02
1.520000000000000000e+02
1.520000000000000000e+02
1.550000000000000000e+02
1.570000000000000000e+02
1.550000000000000000e+02
1.610000000000000000e+02
1.610000000000000000e+02
1.590000000000000000e+02
1.580000000000000000e+02
1.560000000000000000e+02
1.550000000000000000e+02
1.520000000000000000e+02
1.490000000000000000e+02
1.450000000000000000e+02
1.440000000000000000e+02
1.430000000000000000e+02
1.390000000000000000e+02
1.370000000000000000e+02
1.330000000000000000e+02
1.320000000000000000e+02
1.270000000000000000e+02
1.270000000000000000e+02
1.200000000000000000e+02
1.160000000000000000e+02
1.130000000000000000e+02
1.110000000000000000e+02
1.060000000000000000e+02
1.020000000000000000e+02
1.000000000000000000e+02
9.700000000000000000e+01
9.600000000000000000e+01
9.500000000000000000e+01
9.000000000000000000e+01
8.600000000000000000e+01
8.400000000000000000e+01
7.800000000000000000e+01
7.200000000000000000e+01
7.200000000000000000e+01
7.000000000000000000e+01
6.700000000000000000e+01
6.400000000000000000e+01
6.300000000000000000e+01
5.900000000000000000e+01
5.400000000000000000e+01
5.200000000000000000e+01
5.000000000000000000e+01
4.700000000000000000e+01
4.700000000000000000e+01
4.600000000000000000e+01
4.600000000000000000e+01
4.300000000000000000e+01
4.000000000000000000e+01
3.800000000000000000e+01
3.400000000000000000e+01
3.100000000000000000e+01
3.000000000000000000e+01
2.900000000000000000e+01
2.800000000000000000e+01
2.800000000000000000e+01
2.600000000000000000e+01
2.600000000000000000e+01
2.400000000000000000e+01
2.400000000000000000e+01
2.400000000000000000e+01
2.400000000000000000e+01
2.400000000000000000e+01
2.300000000000000000e+01
2.300000000000000000e+01
2.100000000000000000e+01
2.000000000000000000e+01
1.800000000000000000e+01
1.700000000000000000e+01
1.600000000000000000e+01
1.500000000000000000e+01
1.300000000000000000e+01
1.200000000000000000e+01
1.200000000000000000e+01
1.100000000000000000e+01
