0.000000000000000000e+00
0.000000000000000000e+00
0.000000000000000000e+00
0.000000000000000000e+00
0.000000000000000000e+00
0.000000000000000000e+00
0.000000000000000000e+00
0.000000000000000000e+00
0.000000000000000000e+00
0.000000000000000000e+00
0.000000000000000000e+00
0.000000000000000000e+00
0.000000000000000000e+00
0.000000000000000000e+00
0.000000000000000000e+00
0.000000000000000000e+00
0.000000000000000000e+00
0.000000000000000000e+00
0.000000000000000000e+00
0.000000000000000000e+00
5.000000000000000000e+00
1.300000000000000000e+01
1.300000000000000000e+01
1.900000000000000000e+01
2.400000000000000000e+01
3.500000000000000000e+01
4.500000000000000000e+01
4.500000000000000000e+01
5.500000000000000000e+01
6.100000000000000000e+01
7.100000000000000000e+01
7.100000000000000000e+01
8.000000000000000000e+01
8.700000000000000000e+01
9.700000000000000000e+01
1.040000000000000000e+02
1.040000000000000000e+02
1.120000000000000000e+02
1.190000000000000000e+02
1.280000000000000000e+02
1.390000000000000000e+02
1.390000000000000000e+02
1.440000000000000000e+02
1.500000000000000000e+02
1.570000000000000000e+02
1.570000000000000000e+02
1.620000000000000000e+02
1.670000000000000000e+02
1.740000000000000000e+02
1.830000000000000000e+02
1.830000000000000000e+02
1.880000000000000000e+02
1.990000000000000000e+02
2.070000000000000000e+02
2.070000000000000000e+02
2.170000000000000000e+02
2.290000000000000000e+02
2.350000000000000000e+02
2.450000000000000000e+02
2.450000000000000000e+02
2.480000000000000000e+02
2.560000000000000000e+02
2.630000000000000000e+02
2.630000000000000000e+02
2.730000000000000000e+02
2.730000000000000000e+02
2.730000000000000000e+02
2.730000000000000000e+02
2.730000000000000000e+02
2.730000000000000000e+02
2.730000000000000000e+02
2.730000000000000000e+02
2.730000000000000000e+02
2.730000000000000000e+02
2.730000000000000000e+02
2.730000000000000000e+02
2.730000000000000000e+02
2.730000000000000000e+02
2.730000000000000000e+02
2.730000000000000000e+02
2.730000000000000000e+02
2.730000000000000000e+02
2.730000000000000000e+02
2.730000000000000000e+02
2.730000000000000000e+02
2.730000000000000000e+02
2.730000000000000000e+02
2.730000000000000000e+02
2.730000000000000000e+02
2.690000000000000000e+02
2.680000000000000000e+02
2.660000000000000000e+02
2.640000000000000000e+02
2.620000000000000000e+02
2.610000000000000000e+02
2.570000000000000000e+02
2.540000000000000000e+02
2.520000000000000000e+02
2.470000000000000000e+02
2.400000000000000000e+02
2.380000000000000000e+02
2.320000000000000000e+02
2.260000000000000000e+02
2.230000000000000000e+02
2.200000000000000000e+02
2.150000000000000000e+02
2.080000000000000000e+02
2.000000000000000000e+02
1.970000000000000000e+02
1.940000000000000000e+02
1.900000000000000000e+02
1.870000000000000000e+02
1.800000000000000000e+02
1.760000000000000000e+02
1.680000000000000000e+02
1.650000000000000000e+02
1.620000000000000000e+02
1.570000000000000000e+02
1.540000000000000000e+02
1.490000000000000000e+02
1.460000000000000000e+02
1.410000000000000000e+02
1.350000000000000000e+02
1.260000000000000000e+02
1.230000000000000000e+02
1.170000000000000000e+02
1.120000000000000000e+02
1.110000000000000000e+02
