0.000000000000000000e+00
0.000000000000000000e+00
0.000000000000000000e+00
0.000000000000000000e+00
0.000000000000000000e+00
0.000000000000000000e+00
0.000000000000000000e+00
0.000000000000000000e+00
0.000000000000000000e+00
0.000000000000000000e+00
0.000000000000000000e+00
0.000000000000000000e+00
0.000000000000000000e+00
0.000000000000000000e+00
0.000000000000000000e+00
0.000000000000000000e+00
0.000000000000000000e+00
0.000000000000000000e+00
0.000000000000000000e+00
0.000000000000000000e+00
1.600000000000000000e+01
2.100000000000000000e+01
2.100000000000000000e+01
2.900000000000000000e+01
3.900000000000000000e+01
4.800000000000000000e+01
5.800000000000000000e+01
5.800000000000000000e+01
6.200000000000000000e+01
6.700000000000000000e+01
8.000000000000000000e+01
8.000000000000000000e+01
9.100000000000000000e+01
9.500000000000000000e+01
1.000000000000000000e+02
1.040000000000000000e+02
1.040000000000000000e+02
1.110000000000000000e+02
1.200000000000000000e+02
1.300000000000000000e+02
1.360000000000000000e+02
1.360000000000000000e+02
1.480000000000000000e+02
1.510000000000000000e+02
1.600000000000000000e+02
1.600000000000000000e+02
1.680000000000000000e+02
1.780000000000000000e+02
1.860000000000000000e+02
1.930000000000000000e+02
1.930000000000000000e+02
2.040000000000000000e+02
2.080000000000000000e+02
2.150000000000000000e+02
2.150000000000000000e+02
2.180000000000000000e+02
2.280000000000000000e+02
2.350000000000000000e+02
2.480000000000000000e+02
2.480000000000000000e+02
2.560000000000000000e+02
2.630000000000000000e+02
2.720000000000000000e+02
2.720000000000000000e+02
2.780000000000000000e+02
2.780000000000000000e+02
2.780000000000000000e+02
2.780000000000000000e+02
2.780000000000000000e+02
2.780000000000000000e+02
2.780000000000000000e+02
2.780000000000000000e+02
2.780000000000000000e+02
2.780000000000000000e+02
2.780000000000000000e+02
2.780000000000000000e+02
2.780000000000000000e+02
2.780000000000000000e+02
2.780000000000000000e+02
2.780000000000000000e+02
2.780000000000000000e+02
2.780000000000000000e+02
2.780000000000000000e+02
2.780000000000000000e+02
2.780000000000000000e+02
2.770000000000000000e+02
2.760000000000000000e+02
2.740000000000000000e+02
2.740000000000000000e+02
2.720000000000000000e+02
2.700000000000000000e+02
2.690000000000000000e+02
2.660000000000000000e+02
2.600000000000000000e+02
2.580000000000000000e+02
2.560000000000000000e+02
2.530000000000000000e+02
2.490000000000000000e+02
2.460000000000000000e+02
2.400000000000000000e+02
2.360000000000000000e+02
2.340000000000000000e+02
2.300000000000000000e+02
2.270000000000000000e+02
2.240000000000000000e+02
2.210000000000000000e+02
2.170000000000000000e+02
2.130000000000000000e+02
2.070000000000000000e+02
2.030000000000000000e+02
2.000000000000000000e+02
1.960000000000000000e+02
1.880000000000000000e+02
1.830000000000000000e+02
1.810000000000000000e+02
1.750000000000000000e+02
1.730000000000000000e+02
1.700000000000000000e+02
1.630000000000000000e+02
1.550000000000000000e+02
1.520000000000000000e+02
1.460000000000000000e+02
1.430000000000000000e+02
1.380000000000000000e+02
1.320000000000000000e+02
1.250000000000000000e+02
1.190000000000000000e+02
1.160000000000000000e+02
