0.000000000000000000e+00
0.000000000000000000e+00
0.000000000000000000e+00
0.000000000000000000e+00
0.000000000000000000e+00
0.000000000000000000e+00
0.000000000000000000e+00
0.000000000000000000e+00
0.000000000000000000e+00
0.000000000000000000e+00
0.000000000000000000e+00
7.000000000000000000e+00
1.500000000000000000e+01
1.500000000000000000e+01
2.300000000000000000e+01
2.800000000000000000e+01
4.000000000000000000e+01
4.800000000000000000e+01
4.800000000000000000e+01
5.000000000000000000e+01
6.000000000000000000e+01
7.000000000000000000e+01
7.000000000000000000e+01
7.800000000000000000e+01
8.900000000000000000e+01
9.500000000000000000e+01
1.000000000000000000e+02
1.000000000000000000e+02
1.080000000000000000e+02
1.100000000000000000e+02
1.220000000000000000e+02
1.220000000000000000e+02
1.280000000000000000e+02
1.330000000000000000e+02
1.380000000000000000e+02
1.410000000000000000e+02
1.410000000000000000e+02
1.450000000000000000e+02
1.550000000000000000e+02
1.660000000000000000e+02
1.750000000000000000e+02
1.750000000000000000e+02
1.830000000000000000e+02
1.900000000000000000e+02
2.030000000000000000e+02
2.030000000000000000e+02
2.070000000000000000e+02
2.140000000000000000e+02
2.260000000000000000e+02
2.350000000000000000e+02
2.350000000000000000e+02
2.370000000000000000e+02
2.510000000000000000e+02
2.610000000000000000e+02
2.610000000000000000e+02
2.690000000000000000e+02
2.720000000000000000e+02
2.770000000000000000e+02
2.900000000000000000e+02
2.900000000000000000e+02
2.980000000000000000e+02
3.080000000000000000e+02
3.190000000000000000e+02
3.190000000000000000e+02
3.230000000000000000e+02
3.230000000000000000e+02
3.230000000000000000e+02
3.230000000000000000e+02
3.230000000000000000e+02
3.230000000000000000e+02
3.230000000000000000e+02
3.230000000000000000e+02
3.230000000000000000e+02
3.230000000000000000e+02
3.230000000000000000e+02
3.230000000000000000e+02
3.230000000000000000e+02
3.200000000000000000e+02
3.200000000000000000e+02
3.200000000000000000e+02
3.200000000000000000e+02
3.190000000000000000e+02
3.160000000000000000e+02
3.130000000000000000e+02
3.130000000000000000e+02
3.080000000000000000e+02
3.080000000000000000e+02
3.030000000000000000e+02
3.010000000000000000e+02
2.990000000000000000e+02
2.950000000000000000e+02
2.920000000000000000e+02
2.890000000000000000e+02
2.850000000000000000e+02
2.820000000000000000e+02
2.790000000000000000e+02
2.750000000000000000e+02
2.710000000000000000e+02
2.660000000000000000e+02
2.630000000000000000e+02
2.600000000000000000e+02
2.580000000000000000e+02
2.550000000000000000e+02
2.540000000000000000e+02
2.470000000000000000e+02
2.440000000000000000e+02
2.410000000000000000e+02
2.360000000000000000e+02
2.320000000000000000e+02
2.240000000000000000e+02
2.200000000000000000e+02
2.130000000000000000e+02
2.110000000000000000e+02
2.040000000000000000e+02
1.940000000000000000e+02
1.870000000000000000e+02
1.820000000000000000e+02
1.800000000000000000e+02
1.710000000000000000e+02
1.640000000000000000e+02
1.620000000000000000e+02
1.580000000000000000e+02
1.490000000000000000e+02
1.420000000000000000e+02
1.380000000000000000e+02
1.310000000000000000e+02
1.220000000000000000e+02
1.200000000000000000e+02
