0.000000000000000000e+00
0.000000000000000000e+00
0.000000000000000000e+00
0.000000000000000000e+00
0.000000000000000000e+00
0.000000000000000000e+00
0.000000000000000000e+00
0.000000000000000000e+00
0.000000000000000000e+00
0.000000000000000000e+00
0.000000000000000000e+00
0.000000000000000000e+00
0.000000000000000000e+00
0.000000000000000000e+00
0.000000000000000000e+00
5.000000000000000000e+00
1.700000000000000000e+01
2.400000000000000000e+01
2.400000000000000000e+01
3.200000000000000000e+01
4.100000000000000000e+01
4.800000000000000000e+01
4.800000000000000000e+01
5.200000000000000000e+01
6.100000000000000000e+01
6.800000000000000000e+01
7.700000000000000000e+01
7.700000000000000000e+01
8.300000000000000000e+01
9.500000000000000000e+01
1.040000000000000000e+02
1.040000000000000000e+02
1.090000000000000000e+02
1.130000000000000000e+02
1.170000000000000000e+02
1.210000000000000000e+02
1.210000000000000000e+02
1.290000000000000000e+02
1.370000000000000000e+02
1.440000000000000000e+02
1.530000000000000000e+02
1.530000000000000000e+02
1.570000000000000000e+02
1.630000000000000000e+02
1.730000000000000000e+02
1.730000000000000000e+02
1.830000000000000000e+02
1.940000000000000000e+02
2.010000000000000000e+02
2.120000000000000000e+02
2.120000000000000000e+02
2.180000000000000000e+02
2.260000000000000000e+02
2.310000000000000000e+02
2.310000000000000000e+02
2.350000000000000000e+02
2.460000000000000000e+02
2.510000000000000000e+02
2.580000000000000000e+02
2.580000000000000000e+02
2.620000000000000000e+02
2.680000000000000000e+02
2.720000000000000000e+02
2.720000000000000000e+02
2.800000000000000000e+02
2.800000000000000000e+02
2.800000000000000000e+02
2.800000000000000000e+02
2.800000000000000000e+02
2.800000000000000000e+02
2.800000000000000000e+02
2.800000000000000000e+02
2.800000000000000000e+02
2.800000000000000000e+02
2.800000000000000000e+02
2.800000000000000000e+02
2.800000000000000000e+02
2.800000000000000000e+02
2.800000000000000000e+02
2.790000000000000000e+02
2.760000000000000000e+02
2.730000000000000000e+02
2.710000000000000000e+02
2.700000000000000000e+02
2.680000000000000000e+02
2.670000000000000000e+02
2.640000000000000000e+02
2.630000000000000000e+02
2.610000000000000000e+02
2.580000000000000000e+02
2.550000000000000000e+02
2.530000000000000000e+02
2.500000000000000000e+02
2.470000000000000000e+02
2.440000000000000000e+02
2.420000000000000000e+02
2.380000000000000000e+02
2.350000000000000000e+02
2.280000000000000000e+02
2.260000000000000000e+02
2.220000000000000000e+02
2.150000000000000000e+02
2.130000000000000000e+02
2.110000000000000000e+02
2.090000000000000000e+02
2.040000000000000000e+02
2.000000000000000000e+02
1.940000000000000000e+02
1.920000000000000000e+02
1.910000000000000000e+02
1.870000000000000000e+02
1.830000000000000000e+02
1.800000000000000000e+02
1.730000000000000000e+02
1.660000000000000000e+02
1.590000000000000000e+02
1.570000000000000000e+02
1.540000000000000000e+02
1.500000000000000000e+02
1.430000000000000000e+02
1.370000000000000000e+02
1.280000000000000000e+02
1.240000000000000000e+02
1.210000000000000000e+02
1.170000000000000000e+02
1.140000000000000000e+02
1.100000000000000000e+02
1.020000000000000000e+02
