0.000000000000000000e+00
0.000000000000000000e+00
0.000000000000000000e+00
0.000000000000000000e+00
0.000000000000000000e+00
0.000000000000000000e+00
0.000000000000000000e+00
0.000000000000000000e+00
0.000000000000000000e+00
0.000000000000000000e+00
0.000000000000000000e+00
0.000000000000000000e+00
0.000000000000000000e+00
0.000000000000000000e+00
0.000000000000000000e+00
0.000000000000000000e+00
0.000000000000000000e+00
0.000000000000000000e+00
0.000000000000000000e+00
0.000000000000000000e+00
0.000000000000000000e+00
0.000000000000000000e+00
0.000000000000000000e+00
0.000000000000000000e+00
0.000000000000000000e+00
0.000000000000000000e+00
0.000000000000000000e+00
0.000000000000000000e+00
0.000000000000000000e+00
0.000000000000000000e+00
0.000000000000000000e+00
0.000000000000000000e+00
0.000000000000000000e+00
0.000000000000000000e+00
0.000000000000000000e+00
0.000000000000000000e+00
0.000000000000000000e+00
0.000000000000000000e+00
0.000000000000000000e+00
0.000000000000000000e+00
0.000000000000000000e+00
0.000000000000000000e+00
0.000000000000000000e+00
3.000000000000000000e+00
7.000000000000000000e+00
7.000000000000000000e+00
1.000000000000000000e+01
1.400000000000000000e+01
1.700000000000000000e+01
2.100000000000000000e+01
2.100000000000000000e+01
2.600000000000000000e+01
3.200000000000000000e+01
3.600000000000000000e+01
3.600000000000000000e+01
3.600000000000000000e+01
3.600000000000000000e+01
3.600000000000000000e+01
3.600000000000000000e+01
3.600000000000000000e+01
3.700000000000000000e+01
4.400000000000000000e+01
5.000000000000000000e+01
5.000000000000000000e+01
5.400000000000000000e+01
5.400000000000000000e+01
5.400000000000000000e+01
5.400000000000000000e+01
5.400000000000000000e+01
5.400000000000000000e+01
5.400000000000000000e+01
5.400000000000000000e+01
5.400000000000000000e+01
5.400000000000000000e+01
5.400000000000000000e+01
5.400000000000000000e+01
5.400000000000000000e+01
5.400000000000000000e+01
5.400000000000000000e+01
5.400000000000000000e+01
5.400000000000000000e+01
5.400000000000000000e+01
5.400000000000000000e+01
5.400000000000000000e+01
5.400000000000000000e+01
5.400000000000000000e+01
5.400000000000000000e+01
5.400000000000000000e+01
5.400000000000000000e+01
5.400000000000000000e+01
5.400000000000000000e+01
5.400000000000000000e+01
5.400000000000000000e+01
5.400000000000000000e+01
5.400000000000000000e+01
5.400000000000000000e+01
5.400000000000000000e+01
5.400000000000000000e+01
5.400000000000000000e+01
5.400000000000000000e+01
5.400000000000000000e+01
5.400000000000000000e+01
5.400000000000000000e+01
5.400000000000000000e+01
5.400000000000000000e+01
5.400000000000000000e+01
5.400000000000000000e+01
5.400000000000000000e+01
5.400000000000000000e+01
5.400000000000000000e+01
5.400000000000000000e+01
5.400000000000000000e+01
5.400000000000000000e+01
5.400000000000000000e+01
5.400000000000000000e+01
5.400000000000000000e+01
5.400000000000000000e+01
5.400000000000000000e+01
5.300000000000000000e+01
5.300000000000000000e+01
5.300000000000000000e+01
5.200000000000000000e+01
5.200000000000000000e+01
5.000000000000000000e+01
4.600000000000000000e+01
3.900000000000000000e+01
3.700000000000000000e+01
3.600000000000000000e+01
