0.000000000000000000e+00
0.000000000000000000e+00
0.000000000000000000e+00
0.000000000000000000e+00
0.000000000000000000e+00
0.000000000000000000e+00
0.000000000000000000e+00
0.000000000000000000e+00
0.000000000000000000e+00
0.000000000000000000e+00
0.000000000000000000e+00
0.000000000000000000e+00
0.000000000000000000e+00
0.000000000000000000e+00
0.000000000000000000e+00
0.000000000000000000e+00
0.000000000000000000e+00
0.000000000000000000e+00
0.000000000000000000e+00
0.000000000000000000e+00
0.000000000000000000e+00
0.000000000000000000e+00
0.000000000000000000e+00
5.000000000000000000e+00
9.000000000000000000e+00
1.700000000000000000e+01
2.600000000000000000e+01
2.600000000000000000e+01
3.100000000000000000e+01
3.800000000000000000e+01
4.800000000000000000e+01
4.800000000000000000e+01
5.300000000000000000e+01
5.400000000000000000e+01
6.400000000000000000e+01
7.100000000000000000e+01
7.100000000000000000e+01
7.900000000000000000e+01
8.500000000000000000e+01
9.700000000000000000e+01
1.060000000000000000e+02
1.060000000000000000e+02
1.130000000000000000e+02
1.220000000000000000e+02
1.320000000000000000e+02
1.320000000000000000e+02
1.410000000000000000e+02
1.490000000000000000e+02
1.580000000000000000e+02
1.650000000000000000e+02
1.650000000000000000e+02
1.690000000000000000e+02
1.770000000000000000e+02
1.780000000000000000e+02
1.780000000000000000e+02
1.840000000000000000e+02
1.900000000000000000e+02
1.940000000000000000e+02
2.000000000000000000e+02
2.000000000000000000e+02
2.070000000000000000e+02
2.150000000000000000e+02
2.230000000000000000e+02
2.230000000000000000e+02
2.300000000000000000e+02
2.300000000000000000e+02
2.300000000000000000e+02
2.300000000000000000e+02
2.300000000000000000e+02
2.300000000000000000e+02
2.300000000000000000e+02
2.300000000000000000e+02
2.300000000000000000e+02
2.300000000000000000e+02
2.300000000000000000e+02
2.300000000000000000e+02
2.300000000000000000e+02
2.300000000000000000e+02
2.300000000000000000e+02
2.300000000000000000e+02
2.300000000000000000e+02
2.300000000000000000e+02
2.300000000000000000e+02
2.300000000000000000e+02
2.300000000000000000e+02
2.300000000000000000e+02
2.300000000000000000e+02
2.300000000000000000e+02
2.300000000000000000e+02
2.290000000000000000e+02
2.280000000000000000e+02
2.270000000000000000e+02
2.250000000000000000e+02
2.220000000000000000e+02
2.180000000000000000e+02
2.180000000000000000e+02
2.170000000000000000e+02
2.150000000000000000e+02
2.120000000000000000e+02
2.120000000000000000e+02
2.100000000000000000e+02
2.050000000000000000e+02
2.010000000000000000e+02
1.990000000000000000e+02
1.950000000000000000e+02
1.930000000000000000e+02
1.900000000000000000e+02
1.860000000000000000e+02
1.800000000000000000e+02
1.760000000000000000e+02
1.730000000000000000e+02
1.660000000000000000e+02
1.600000000000000000e+02
1.570000000000000000e+02
1.540000000000000000e+02
1.450000000000000000e+02
1.340000000000000000e+02
1.330000000000000000e+02
1.300000000000000000e+02
1.280000000000000000e+02
1.210000000000000000e+02
1.170000000000000000e+02
1.100000000000000000e+02
1.060000000000000000e+02
9.900000000000000000e+01
9.500000000000000000e+01
9.100000000000000000e+01
8.700000000000000000e+01
