0.000000000000000000e+00
0.000000000000000000e+00
0.000000000000000000e+00
0.000000000000000000e+00
0.000000000000000000e+00
0.000000000000000000e+00
0.000000000000000000e+00
0.000000000000000000e+00
0.000000000000000000e+00
0.000000000000000000e+00
0.000000000000000000e+00
0.000000000000000000e+00
0.000000000000000000e+00
0.000000000000000000e+00
0.000000000000000000e+00
0.000000000000000000e+00
0.000000000000000000e+00
0.000000000000000000e+00
0.000000000000000000e+00
0.000000000000000000e+00
0.000000000000000000e+00
0.000000000000000000e+00
0.000000000000000000e+00
0.000000000000000000e+00
0.000000000000000000e+00
0.000000000000000000e+00
1.000000000000000000e+00
1.000000000000000000e+00
1.100000000000000000e+01
1.500000000000000000e+01
2.500000000000000000e+01
2.500000000000000000e+01
2.800000000000000000e+01
3.300000000000000000e+01
4.500000000000000000e+01
5.500000000000000000e+01
5.500000000000000000e+01
6.500000000000000000e+01
7.000000000000000000e+01
8.100000000000000000e+01
8.800000000000000000e+01
8.800000000000000000e+01
9.900000000000000000e+01
1.050000000000000000e+02
1.110000000000000000e+02
1.110000000000000000e+02
1.170000000000000000e+02
1.250000000000000000e+02
1.330000000000000000e+02
1.440000000000000000e+02
1.440000000000000000e+02
1.500000000000000000e+02
1.540000000000000000e+02
1.630000000000000000e+02
1.630000000000000000e+02
1.670000000000000000e+02
1.740000000000000000e+02
1.820000000000000000e+02
1.910000000000000000e+02
1.910000000000000000e+02
1.950000000000000000e+02
2.050000000000000000e+02
2.100000000000000000e+02
2.100000000000000000e+02
2.190000000000000000e+02
2.190000000000000000e+02
2.190000000000000000e+02
2.190000000000000000e+02
2.190000000000000000e+02
2.190000000000000000e+02
2.190000000000000000e+02
2.190000000000000000e+02
2.190000000000000000e+02
2.190000000000000000e+02
2.190000000000000000e+02
2.190000000000000000e+02
2.190000000000000000e+02
2.190000000000000000e+02
2.190000000000000000e+02
2.190000000000000000e+02
2.190000000000000000e+02
2.190000000000000000e+02
2.190000000000000000e+02
2.190000000000000000e+02
2.190000000000000000e+02
2.190000000000000000e+02
2.190000000000000000e+02
2.190000000000000000e+02
2.190000000000000000e+02
2.190000000000000000e+02
2.190000000000000000e+02
2.190000000000000000e+02
2.190000000000000000e+02
2.190000000000000000e+02
2.170000000000000000e+02
2.160000000000000000e+02
2.160000000000000000e+02
2.140000000000000000e+02
2.120000000000000000e+02
2.090000000000000000e+02
2.090000000000000000e+02
2.090000000000000000e+02
2.030000000000000000e+02
2.020000000000000000e+02
1.990000000000000000e+02
1.960000000000000000e+02
1.920000000000000000e+02
1.910000000000000000e+02
1.880000000000000000e+02
1.850000000000000000e+02
1.820000000000000000e+02
1.760000000000000000e+02
1.710000000000000000e+02
1.670000000000000000e+02
1.640000000000000000e+02
1.580000000000000000e+02
1.510000000000000000e+02
1.480000000000000000e+02
1.480000000000000000e+02
1.410000000000000000e+02
1.390000000000000000e+02
1.340000000000000000e+02
1.290000000000000000e+02
1.250000000000000000e+02
1.200000000000000000e+02
1.140000000000000000e+02
1.100000000000000000e+02
1.080000000000000000e+02
