0.000000000000000000e+00
0.000000000000000000e+00
0.000000000000000000e+00
0.000000000000000000e+00
0.000000000000000000e+00
0.000000000000000000e+00
0.000000000000000000e+00
1.000000000000000000e+00
2.000000000000000000e+00
2.000000000000000000e+00
1.000000000000000000e+01
1.600000000000000000e+01
2.100000000000000000e+01
2.100000000000000000e+01
2.700000000000000000e+01
3.500000000000000000e+01
4.500000000000000000e+01
5.400000000000000000e+01
5.400000000000000000e+01
6.100000000000000000e+01
6.700000000000000000e+01
7.900000000000000000e+01
7.900000000000000000e+01
8.300000000000000000e+01
8.600000000000000000e+01
9.300000000000000000e+01
9.700000000000000000e+01
9.700000000000000000e+01
1.050000000000000000e+02
1.120000000000000000e+02
1.200000000000000000e+02
1.200000000000000000e+02
1.320000000000000000e+02
1.360000000000000000e+02
1.410000000000000000e+02
1.520000000000000000e+02
1.520000000000000000e+02
1.550000000000000000e+02
1.620000000000000000e+02
1.710000000000000000e+02
1.820000000000000000e+02
1.820000000000000000e+02
1.870000000000000000e+02
1.900000000000000000e+02
2.030000000000000000e+02
2.030000000000000000e+02
2.090000000000000000e+02
2.170000000000000000e+02
2.260000000000000000e+02
2.340000000000000000e+02
2.340000000000000000e+02
2.400000000000000000e+02
2.470000000000000000e+02
2.520000000000000000e+02
2.520000000000000000e+02
2.590000000000000000e+02
2.650000000000000000e+02
2.770000000000000000e+02
2.850000000000000000e+02
2.850000000000000000e+02
2.900000000000000000e+02
2.990000000000000000e+02
3.130000000000000000e+02
3.130000000000000000e+02
3.190000000000000000e+02
3.190000000000000000e+02
3.190000000000000000e+02
3.190000000000000000e+02
3.190000000000000000e+02
3.190000000000000000e+02
3.190000000000000000e+02
3.190000000000000000e+02
3.190000000000000000e+02
3.190000000000000000e+02
3.170000000000000000e+02
3.170000000000000000e+02
3.160000000000000000e+02
3.160000000000000000e+02
3.160000000000000000e+02
3.150000000000000000e+02
3.140000000000000000e+02
3.110000000000000000e+02
3.080000000000000000e+02
3.030000000000000000e+02
2.990000000000000000e+02
2.970000000000000000e+02
2.940000000000000000e+02
2.920000000000000000e+02
2.900000000000000000e+02
2.860000000000000000e+02
2.810000000000000000e+02
2.790000000000000000e+02
2.730000000000000000e+02
2.710000000000000000e+02
2.690000000000000000e+02
2.670000000000000000e+02
2.640000000000000000e+02
2.580000000000000000e+02
2.550000000000000000e+02
2.490000000000000000e+02
2.450000000000000000e+02
2.430000000000000000e+02
2.390000000000000000e+02
2.370000000000000000e+02
2.290000000000000000e+02
2.260000000000000000e+02
2.220000000000000000e+02
2.210000000000000000e+02
2.170000000000000000e+02
2.110000000000000000e+02
2.100000000000000000e+02
2.090000000000000000e+02
2.050000000000000000e+02
2.000000000000000000e+02
1.930000000000000000e+02
1.850000000000000000e+02
1.750000000000000000e+02
1.690000000000000000e+02
1.660000000000000000e+02
1.580000000000000000e+02
1.510000000000000000e+02
1.420000000000000000e+02
1.400000000000000000e+02
1.350000000000000000e+02
1.310000000000000000e+02
1.260000000000000000e+02
1.190000000000000000e+02
1.120000000000000000e+02
