0.000000000000000000e+00
0.000000000000000000e+00
0.000000000000000000e+00
0.000000000000000000e+00
0.000000000000000000e+00
0.000000000000000000e+00
0.000000000000000000e+00
0.000000000000000000e+00
0.000000000000000000e+00
0.000000000000000000e+00
0.000000000000000000e+00
0.000000000000000000e+00
0.000000000000000000e+00
0.000000000000000000e+00
0.000000000000000000e+00
8.000000000000000000e+00
1.000000000000000000e+01
2.100000000000000000e+01
2.100000000000000000e+01
3.000000000000000000e+01
3.400000000000000000e+01
4.000000000000000000e+01
4.000000000000000000e+01
4.600000000000000000e+01
5.600000000000000000e+01
6.400000000000000000e+01
7.000000000000000000e+01
7.000000000000000000e+01
7.600000000000000000e+01
8.400000000000000000e+01
9.000000000000000000e+01
9.000000000000000000e+01
9.700000000000000000e+01
1.000000000000000000e+02
1.090000000000000000e+02
1.180000000000000000e+02
1.180000000000000000e+02
1.260000000000000000e+02
1.310000000000000000e+02
1.380000000000000000e+02
1.440000000000000000e+02
1.440000000000000000e+02
1.550000000000000000e+02
1.610000000000000000e+02
1.700000000000000000e+02
1.700000000000000000e+02
1.790000000000000000e+02
1.890000000000000000e+02
1.910000000000000000e+02
2.010000000000000000e+02
2.010000000000000000e+02
2.160000000000000000e+02
2.250000000000000000e+02
2.370000000000000000e+02
2.370000000000000000e+02
2.510000000000000000e+02
2.580000000000000000e+02
2.650000000000000000e+02
2.730000000000000000e+02
2.730000000000000000e+02
2.790000000000000000e+02
2.850000000000000000e+02
2.930000000000000000e+02
2.930000000000000000e+02
3.020000000000000000e+02
3.020000000000000000e+02
3.020000000000000000e+02
3.020000000000000000e+02
3.020000000000000000e+02
3.020000000000000000e+02
3.020000000000000000e+02
3.020000000000000000e+02
3.020000000000000000e+02
3.020000000000000000e+02
3.020000000000000000e+02
3.020000000000000000e+02
3.020000000000000000e+02
3.020000000000000000e+02
3.020000000000000000e+02
3.020000000000000000e+02
3.000000000000000000e+02
2.990000000000000000e+02
2.990000000000000000e+02
2.990000000000000000e+02
2.980000000000000000e+02
2.960000000000000000e+02
2.950000000000000000e+02
2.950000000000000000e+02
2.900000000000000000e+02
2.870000000000000000e+02
2.840000000000000000e+02
2.810000000000000000e+02
2.750000000000000000e+02
2.730000000000000000e+02
2.690000000000000000e+02
2.640000000000000000e+02
2.600000000000000000e+02
2.590000000000000000e+02
2.570000000000000000e+02
2.540000000000000000e+02
2.500000000000000000e+02
2.480000000000000000e+02
2.410000000000000000e+02
2.370000000000000000e+02
2.340000000000000000e+02
2.290000000000000000e+02
2.250000000000000000e+02
2.210000000000000000e+02
2.190000000000000000e+02
2.170000000000000000e+02
2.100000000000000000e+02
2.050000000000000000e+02
2.010000000000000000e+02
1.940000000000000000e+02
1.890000000000000000e+02
1.830000000000000000e+02
1.780000000000000000e+02
1.730000000000000000e+02
1.690000000000000000e+02
1.590000000000000000e+02
1.520000000000000000e+02
1.430000000000000000e+02
1.420000000000000000e+02
1.330000000000000000e+02
1.240000000000000000e+02
1.180000000000000000e+02
1.110000000000000000e+02
1.090000000000000000e+02
