0.000000000000000000e+00
0.000000000000000000e+00
0.000000000000000000e+00
0.000000000000000000e+00
0.000000000000000000e+00
0.000000000000000000e+00
0.000000000000000000e+00
0.000000000000000000e+00
0.000000000000000000e+00
0.000000000000000000e+00
0.000000000000000000e+00
0.000000000000000000e+00
0.000000000000000000e+00
0.000000000000000000e+00
0.000000000000000000e+00
0.000000000000000000e+00
0.000000000000000000e+00
0.000000000000000000e+00
0.000000000000000000e+00
0.000000000000000000e+00
0.000000000000000000e+00
4.000000000000000000e+00
4.000000000000000000e+00
1.100000000000000000e+01
2.100000000000000000e+01
2.800000000000000000e+01
3.300000000000000000e+01
3.300000000000000000e+01
4.100000000000000000e+01
4.900000000000000000e+01
6.000000000000000000e+01
6.000000000000000000e+01
6.700000000000000000e+01
7.800000000000000000e+01
7.900000000000000000e+01
8.400000000000000000e+01
8.400000000000000000e+01
9.100000000000000000e+01
9.400000000000000000e+01
9.800000000000000000e+01
1.080000000000000000e+02
1.080000000000000000e+02
1.140000000000000000e+02
1.220000000000000000e+02
1.290000000000000000e+02
1.290000000000000000e+02
1.340000000000000000e+02
1.440000000000000000e+02
1.510000000000000000e+02
1.620000000000000000e+02
1.620000000000000000e+02
1.720000000000000000e+02
1.790000000000000000e+02
1.880000000000000000e+02
1.880000000000000000e+02
1.960000000000000000e+02
2.000000000000000000e+02
2.090000000000000000e+02
2.140000000000000000e+02
2.140000000000000000e+02
2.170000000000000000e+02
2.240000000000000000e+02
2.270000000000000000e+02
2.270000000000000000e+02
2.360000000000000000e+02
2.360000000000000000e+02
2.360000000000000000e+02
2.360000000000000000e+02
2.360000000000000000e+02
2.360000000000000000e+02
2.360000000000000000e+02
2.360000000000000000e+02
2.360000000000000000e+02
2.360000000000000000e+02
2.360000000000000000e+02
2.360000000000000000e+02
2.360000000000000000e+02
2.360000000000000000e+02
2.360000000000000000e+02
2.360000000000000000e+02
2.360000000000000000e+02
2.360000000000000000e+02
2.360000000000000000e+02
2.360000000000000000e+02
2.360000000000000000e+02
2.350000000000000000e+02
2.350000000000000000e+02
2.340000000000000000e+02
2.320000000000000000e+02
2.320000000000000000e+02
2.300000000000000000e+02
2.290000000000000000e+02
2.250000000000000000e+02
2.220000000000000000e+02
2.190000000000000000e+02
2.150000000000000000e+02
2.110000000000000000e+02
2.080000000000000000e+02
2.040000000000000000e+02
2.010000000000000000e+02
1.970000000000000000e+02
1.950000000000000000e+02
1.910000000000000000e+02
1.870000000000000000e+02
1.850000000000000000e+02
1.830000000000000000e+02
1.800000000000000000e+02
1.770000000000000000e+02
1.760000000000000000e+02
1.690000000000000000e+02
1.650000000000000000e+02
1.610000000000000000e+02
1.560000000000000000e+02
1.540000000000000000e+02
1.460000000000000000e+02
1.430000000000000000e+02
1.400000000000000000e+02
1.360000000000000000e+02
1.330000000000000000e+02
1.280000000000000000e+02
1.200000000000000000e+02
1.190000000000000000e+02
1.120000000000000000e+02
1.090000000000000000e+02
1.080000000000000000e+02
1.030000000000000000e+02
9.900000000000000000e+01
9.200000000000000000e+01
