0.000000000000000000e+00
0.000000000000000000e+00
0.000000000000000000e+00
0.000000000000000000e+00
0.000000000000000000e+00
0.000000000000000000e+00
0.000000000000000000e+00
0.000000000000000000e+00
0.000000000000000000e+00
0.000000000000000000e+00
0.000000000000000000e+00
0.000000000000000000e+00
0.000000000000000000e+00
0.000000000000000000e+00
0.000000000000000000e+00
0.000000000000000000e+00
0.000000000000000000e+00
0.000000000000000000e+00
0.000000000000000000e+00
0.000000000000000000e+00
1.000000000000000000e+00
5.000000000000000000e+00
5.000000000000000000e+00
1.500000000000000000e+01
2.500000000000000000e+01
3.800000000000000000e+01
4.200000000000000000e+01
4.200000000000000000e+01
4.600000000000000000e+01
5.400000000000000000e+01
6.600000000000000000e+01
6.600000000000000000e+01
7.300000000000000000e+01
7.900000000000000000e+01
8.900000000000000000e+01
9.800000000000000000e+01
9.800000000000000000e+01
1.010000000000000000e+02
1.100000000000000000e+02
1.190000000000000000e+02
1.290000000000000000e+02
1.290000000000000000e+02
1.390000000000000000e+02
1.450000000000000000e+02
1.540000000000000000e+02
1.540000000000000000e+02
1.650000000000000000e+02
1.750000000000000000e+02
1.810000000000000000e+02
1.860000000000000000e+02
1.860000000000000000e+02
2.010000000000000000e+02
2.110000000000000000e+02
2.230000000000000000e+02
2.230000000000000000e+02
2.330000000000000000e+02
2.430000000000000000e+02
2.460000000000000000e+02
2.520000000000000000e+02
2.520000000000000000e+02
2.580000000000000000e+02
2.620000000000000000e+02
2.690000000000000000e+02
2.690000000000000000e+02
2.750000000000000000e+02
2.750000000000000000e+02
2.750000000000000000e+02
2.750000000000000000e+02
2.750000000000000000e+02
2.750000000000000000e+02
2.750000000000000000e+02
2.750000000000000000e+02
2.750000000000000000e+02
2.750000000000000000e+02
2.750000000000000000e+02
2.750000000000000000e+02
2.750000000000000000e+02
2.750000000000000000e+02
2.750000000000000000e+02
2.750000000000000000e+02
2.750000000000000000e+02
2.750000000000000000e+02
2.750000000000000000e+02
2.750000000000000000e+02
2.750000000000000000e+02
2.750000000000000000e+02
2.750000000000000000e+02
2.750000000000000000e+02
2.740000000000000000e+02
2.720000000000000000e+02
2.690000000000000000e+02
2.690000000000000000e+02
2.680000000000000000e+02
2.660000000000000000e+02
2.640000000000000000e+02
2.630000000000000000e+02
2.620000000000000000e+02
2.610000000000000000e+02
2.570000000000000000e+02
2.510000000000000000e+02
2.460000000000000000e+02
2.420000000000000000e+02
2.410000000000000000e+02
2.380000000000000000e+02
2.330000000000000000e+02
2.290000000000000000e+02
2.230000000000000000e+02
2.190000000000000000e+02
2.110000000000000000e+02
2.060000000000000000e+02
2.050000000000000000e+02
2.010000000000000000e+02
1.970000000000000000e+02
1.950000000000000000e+02
1.910000000000000000e+02
1.850000000000000000e+02
1.830000000000000000e+02
1.750000000000000000e+02
1.690000000000000000e+02
1.620000000000000000e+02
1.540000000000000000e+02
1.510000000000000000e+02
1.410000000000000000e+02
1.330000000000000000e+02
1.300000000000000000e+02
1.200000000000000000e+02
1.120000000000000000e+02
1.050000000000000000e+02
