0.000000000000000000e+00
0.000000000000000000e+00
0.000000000000000000e+00
0.000000000000000000e+00
0.000000000000000000e+00
0.000000000000000000e+00
0.000000000000000000e+00
0.000000000000000000e+00
0.000000000000000000e+00
0.000000000000000000e+00
0.000000000000000000e+00
0.000000000000000000e+00
0.000000000000000000e+00
0.000000000000000000e+00
2.000000000000000000e+00
5.000000000000000000e+00
1.700000000000000000e+01
3.100000000000000000e+01
3.100000000000000000e+01
3.300000000000000000e+01
4.000000000000000000e+01
4.600000000000000000e+01
4.600000000000000000e+01
5.300000000000000000e+01
5.700000000000000000e+01
6.600000000000000000e+01
7.600000000000000000e+01
7.600000000000000000e+01
7.900000000000000000e+01
8.300000000000000000e+01
9.200000000000000000e+01
9.200000000000000000e+01
1.010000000000000000e+02
1.080000000000000000e+02
1.140000000000000000e+02
1.240000000000000000e+02
1.240000000000000000e+02
1.320000000000000000e+02
1.410000000000000000e+02
1.540000000000000000e+02
1.610000000000000000e+02
1.610000000000000000e+02
1.680000000000000000e+02
1.780000000000000000e+02
1.860000000000000000e+02
1.860000000000000000e+02
1.940000000000000000e+02
2.080000000000000000e+02
2.140000000000000000e+02
2.230000000000000000e+02
2.230000000000000000e+02
2.250000000000000000e+02
2.290000000000000000e+02
2.400000000000000000e+02
2.400000000000000000e+02
2.500000000000000000e+02
2.580000000000000000e+02
2.660000000000000000e+02
2.800000000000000000e+02
2.800000000000000000e+02
2.870000000000000000e+02
2.930000000000000000e+02
3.000000000000000000e+02
3.000000000000000000e+02
3.030000000000000000e+02
3.030000000000000000e+02
3.030000000000000000e+02
3.030000000000000000e+02
3.030000000000000000e+02
3.030000000000000000e+02
3.030000000000000000e+02
3.030000000000000000e+02
3.030000000000000000e+02
3.030000000000000000e+02
3.030000000000000000e+02
3.030000000000000000e+02
3.030000000000000000e+02
3.030000000000000000e+02
3.030000000000000000e+02
3.030000000000000000e+02
3.020000000000000000e+02
3.010000000000000000e+02
2.980000000000000000e+02
2.970000000000000000e+02
2.960000000000000000e+02
2.950000000000000000e+02
2.940000000000000000e+02
2.910000000000000000e+02
2.890000000000000000e+02
2.870000000000000000e+02
2.860000000000000000e+02
2.860000000000000000e+02
2.860000000000000000e+02
2.840000000000000000e+02
2.800000000000000000e+02
2.760000000000000000e+02
2.750000000000000000e+02
2.690000000000000000e+02
2.660000000000000000e+02
2.620000000000000000e+02
2.540000000000000000e+02
2.520000000000000000e+02
2.470000000000000000e+02
2.450000000000000000e+02
2.420000000000000000e+02
2.350000000000000000e+02
2.300000000000000000e+02
2.230000000000000000e+02
2.150000000000000000e+02
2.100000000000000000e+02
2.060000000000000000e+02
1.990000000000000000e+02
1.940000000000000000e+02
1.890000000000000000e+02
1.830000000000000000e+02
1.790000000000000000e+02
1.750000000000000000e+02
1.680000000000000000e+02
1.620000000000000000e+02
1.570000000000000000e+02
1.510000000000000000e+02
1.420000000000000000e+02
1.360000000000000000e+02
1.280000000000000000e+02
1.200000000000000000e+02
1.180000000000000000e+02
1.150000000000000000e+02
1.090000000000000000e+02
