0.000000000000000000e+00
0.000000000000000000e+00
0.000000000000000000e+00
0.000000000000000000e+00
0.000000000000000000e+00
0.000000000000000000e+00
0.000000000000000000e+00
0.000000000000000000e+00
0.000000000000000000e+00
0.000000000000000000e+00
0.000000000000000000e+00
0.000000000000000000e+00
0.000000000000000000e+00
0.000000000000000000e+00
0.000000000000000000e+00
0.000000000000000000e+00
0.000000000000000000e+00
0.000000000000000000e+00
0.000000000000000000e+00
0.000000000000000000e+00
1.000000000000000000e+00
2.000000000000000000e+00
2.000000000000000000e+00
8.000000000000000000e+00
1.700000000000000000e+01
1.800000000000000000e+01
3.000000000000000000e+01
3.000000000000000000e+01
3.700000000000000000e+01
4.800000000000000000e+01
5.100000000000000000e+01
5.100000000000000000e+01
6.000000000000000000e+01
6.800000000000000000e+01
7.700000000000000000e+01
8.700000000000000000e+01
8.700000000000000000e+01
9.000000000000000000e+01
1.010000000000000000e+02
1.100000000000000000e+02
1.170000000000000000e+02
1.170000000000000000e+02
1.220000000000000000e+02
1.310000000000000000e+02
1.370000000000000000e+02
1.370000000000000000e+02
1.460000000000000000e+02
1.530000000000000000e+02
1.650000000000000000e+02
1.680000000000000000e+02
1.680000000000000000e+02
1.780000000000000000e+02
1.870000000000000000e+02
1.970000000000000000e+02
1.970000000000000000e+02
2.070000000000000000e+02
2.150000000000000000e+02
2.220000000000000000e+02
2.290000000000000000e+02
2.290000000000000000e+02
2.390000000000000000e+02
2.510000000000000000e+02
2.570000000000000000e+02
2.570000000000000000e+02
2.660000000000000000e+02
2.660000000000000000e+02
2.660000000000000000e+02
2.660000000000000000e+02
2.660000000000000000e+02
2.660000000000000000e+02
2.660000000000000000e+02
2.660000000000000000e+02
2.660000000000000000e+02
2.660000000000000000e+02
2.660000000000000000e+02
2.660000000000000000e+02
2.660000000000000000e+02
2.660000000000000000e+02
2.660000000000000000e+02
2.660000000000000000e+02
2.660000000000000000e+02
2.660000000000000000e+02
2.660000000000000000e+02
2.660000000000000000e+02
2.660000000000000000e+02
2.660000000000000000e+02
2.660000000000000000e+02
2.650000000000000000e+02
2.650000000000000000e+02
2.640000000000000000e+02
2.630000000000000000e+02
2.620000000000000000e+02
2.600000000000000000e+02
2.560000000000000000e+02
2.540000000000000000e+02
2.520000000000000000e+02
2.510000000000000000e+02
2.480000000000000000e+02
2.460000000000000000e+02
2.430000000000000000e+02
2.400000000000000000e+02
2.360000000000000000e+02
2.300000000000000000e+02
2.280000000000000000e+02
2.260000000000000000e+02
2.230000000000000000e+02
2.210000000000000000e+02
2.170000000000000000e+02
2.140000000000000000e+02
2.140000000000000000e+02
2.100000000000000000e+02
2.020000000000000000e+02
1.990000000000000000e+02
1.950000000000000000e+02
1.900000000000000000e+02
1.860000000000000000e+02
1.810000000000000000e+02
1.760000000000000000e+02
1.710000000000000000e+02
1.650000000000000000e+02
1.630000000000000000e+02
1.560000000000000000e+02
1.440000000000000000e+02
1.410000000000000000e+02
1.390000000000000000e+02
1.360000000000000000e+02
1.290000000000000000e+02
1.200000000000000000e+02
