0.000000000000000000e+00
0.000000000000000000e+00
0.000000000000000000e+00
0.000000000000000000e+00
0.000000000000000000e+00
0.000000000000000000e+00
0.000000000000000000e+00
0.000000000000000000e+00
0.000000000000000000e+00
0.000000000000000000e+00
0.000000000000000000e+00
0.000000000000000000e+00
0.000000000000000000e+00
0.000000000000000000e+00
0.000000000000000000e+00
0.000000000000000000e+00
0.000000000000000000e+00
0.000000000000000000e+00
0.000000000000000000e+00
2.000000000000000000e+00
2.000000000000000000e+00
2.000000000000000000e+00
2.000000000000000000e+00
1.000000000000000000e+01
1.500000000000000000e+01
2.500000000000000000e+01
3.000000000000000000e+01
3.000000000000000000e+01
4.400000000000000000e+01
5.300000000000000000e+01
5.700000000000000000e+01
5.700000000000000000e+01
6.200000000000000000e+01
6.500000000000000000e+01
6.800000000000000000e+01
7.600000000000000000e+01
7.600000000000000000e+01
8.400000000000000000e+01
9.400000000000000000e+01
1.090000000000000000e+02
1.210000000000000000e+02
1.210000000000000000e+02
1.260000000000000000e+02
1.340000000000000000e+02
1.460000000000000000e+02
1.460000000000000000e+02
1.580000000000000000e+02
1.710000000000000000e+02
1.800000000000000000e+02
1.860000000000000000e+02
1.860000000000000000e+02
1.900000000000000000e+02
1.930000000000000000e+02
2.000000000000000000e+02
2.000000000000000000e+02
2.080000000000000000e+02
2.170000000000000000e+02
2.270000000000000000e+02
2.350000000000000000e+02
2.350000000000000000e+02
2.390000000000000000e+02
2.430000000000000000e+02
2.520000000000000000e+02
2.520000000000000000e+02
2.620000000000000000e+02
2.620000000000000000e+02
2.620000000000000000e+02
2.620000000000000000e+02
2.620000000000000000e+02
2.620000000000000000e+02
2.620000000000000000e+02
2.620000000000000000e+02
2.620000000000000000e+02
2.620000000000000000e+02
2.620000000000000000e+02
2.620000000000000000e+02
2.620000000000000000e+02
2.620000000000000000e+02
2.620000000000000000e+02
2.620000000000000000e+02
2.620000000000000000e+02
2.620000000000000000e+02
2.620000000000000000e+02
2.620000000000000000e+02
2.620000000000000000e+02
2.620000000000000000e+02
2.620000000000000000e+02
2.620000000000000000e+02
2.590000000000000000e+02
2.570000000000000000e+02
2.570000000000000000e+02
2.550000000000000000e+02
2.540000000000000000e+02
2.530000000000000000e+02
2.530000000000000000e+02
2.530000000000000000e+02
2.480000000000000000e+02
2.470000000000000000e+02
2.440000000000000000e+02
2.410000000000000000e+02
2.390000000000000000e+02
2.330000000000000000e+02
2.310000000000000000e+02
2.290000000000000000e+02
2.260000000000000000e+02
2.180000000000000000e+02
2.140000000000000000e+02
2.130000000000000000e+02
2.120000000000000000e+02
2.090000000000000000e+02
2.030000000000000000e+02
2.000000000000000000e+02
1.930000000000000000e+02
1.890000000000000000e+02
1.820000000000000000e+02
1.760000000000000000e+02
1.740000000000000000e+02
1.720000000000000000e+02
1.700000000000000000e+02
1.650000000000000000e+02
1.590000000000000000e+02
1.560000000000000000e+02
1.410000000000000000e+02
1.340000000000000000e+02
1.320000000000000000e+02
1.250000000000000000e+02
1.160000000000000000e+02
1.130000000000000000e+02
