0.000000000000000000e+00
0.000000000000000000e+00
0.000000000000000000e+00
0.000000000000000000e+00
0.000000000000000000e+00
0.000000000000000000e+00
0.000000000000000000e+00
0.000000000000000000e+00
0.000000000000000000e+00
0.000000000000000000e+00
0.000000000000000000e+00
0.000000000000000000e+00
0.000000000000000000e+00
0.000000000000000000e+00
0.000000000000000000e+00
0.000000000000000000e+00
0.000000000000000000e+00
0.000000000000000000e+00
0.000000000000000000e+00
9.000000000000000000e+00
1.700000000000000000e+01
2.700000000000000000e+01
2.700000000000000000e+01
3.600000000000000000e+01
4.200000000000000000e+01
5.100000000000000000e+01
5.600000000000000000e+01
5.600000000000000000e+01
6.300000000000000000e+01
6.900000000000000000e+01
7.600000000000000000e+01
7.600000000000000000e+01
8.300000000000000000e+01
9.100000000000000000e+01
9.800000000000000000e+01
1.080000000000000000e+02
1.080000000000000000e+02
1.200000000000000000e+02
1.280000000000000000e+02
1.380000000000000000e+02
1.470000000000000000e+02
1.470000000000000000e+02
1.570000000000000000e+02
1.660000000000000000e+02
1.730000000000000000e+02
1.730000000000000000e+02
1.780000000000000000e+02
1.840000000000000000e+02
1.940000000000000000e+02
1.970000000000000000e+02
1.970000000000000000e+02
2.030000000000000000e+02
2.060000000000000000e+02
2.100000000000000000e+02
2.100000000000000000e+02
2.170000000000000000e+02
2.280000000000000000e+02
2.330000000000000000e+02
2.360000000000000000e+02
2.360000000000000000e+02
2.490000000000000000e+02
2.530000000000000000e+02
2.680000000000000000e+02
2.680000000000000000e+02
2.730000000000000000e+02
2.730000000000000000e+02
2.730000000000000000e+02
2.730000000000000000e+02
2.730000000000000000e+02
2.730000000000000000e+02
2.730000000000000000e+02
2.730000000000000000e+02
2.730000000000000000e+02
2.730000000000000000e+02
2.730000000000000000e+02
2.730000000000000000e+02
2.730000000000000000e+02
2.730000000000000000e+02
2.730000000000000000e+02
2.730000000000000000e+02
2.730000000000000000e+02
2.730000000000000000e+02
2.730000000000000000e+02
2.730000000000000000e+02
2.710000000000000000e+02
2.690000000000000000e+02
2.690000000000000000e+02
2.670000000000000000e+02
2.660000000000000000e+02
2.640000000000000000e+02
2.640000000000000000e+02
2.620000000000000000e+02
2.580000000000000000e+02
2.540000000000000000e+02
2.480000000000000000e+02
2.440000000000000000e+02
2.420000000000000000e+02
2.360000000000000000e+02
2.310000000000000000e+02
2.300000000000000000e+02
2.250000000000000000e+02
2.230000000000000000e+02
2.190000000000000000e+02
2.130000000000000000e+02
2.080000000000000000e+02
2.050000000000000000e+02
1.980000000000000000e+02
1.920000000000000000e+02
1.840000000000000000e+02
1.800000000000000000e+02
1.760000000000000000e+02
1.730000000000000000e+02
1.700000000000000000e+02
1.660000000000000000e+02
1.570000000000000000e+02
1.510000000000000000e+02
1.470000000000000000e+02
1.470000000000000000e+02
1.450000000000000000e+02
1.430000000000000000e+02
1.380000000000000000e+02
1.360000000000000000e+02
1.330000000000000000e+02
1.280000000000000000e+02
1.190000000000000000e+02
1.120000000000000000e+02
1.070000000000000000e+02
1.040000000000000000e+02
