0.000000000000000000e+00
0.000000000000000000e+00
0.000000000000000000e+00
0.000000000000000000e+00
0.000000000000000000e+00
0.000000000000000000e+00
0.000000000000000000e+00
0.000000000000000000e+00
0.000000000000000000e+00
0.000000000000000000e+00
0.000000000000000000e+00
0.000000000000000000e+00
0.000000000000000000e+00
0.000000000000000000e+00
0.000000000000000000e+00
0.000000000000000000e+00
0.000000000000000000e+00
0.000000000000000000e+00
0.000000000000000000e+00
4.000000000000000000e+00
1.200000000000000000e+01
2.000000000000000000e+01
2.000000000000000000e+01
2.800000000000000000e+01
3.400000000000000000e+01
3.800000000000000000e+01
4.400000000000000000e+01
4.400000000000000000e+01
5.300000000000000000e+01
6.000000000000000000e+01
6.700000000000000000e+01
6.700000000000000000e+01
7.700000000000000000e+01
8.400000000000000000e+01
9.300000000000000000e+01
1.020000000000000000e+02
1.020000000000000000e+02
1.080000000000000000e+02
1.120000000000000000e+02
1.190000000000000000e+02
1.310000000000000000e+02
1.310000000000000000e+02
1.380000000000000000e+02
1.480000000000000000e+02
1.530000000000000000e+02
1.530000000000000000e+02
1.590000000000000000e+02
1.660000000000000000e+02
1.730000000000000000e+02
1.810000000000000000e+02
1.810000000000000000e+02
1.860000000000000000e+02
1.950000000000000000e+02
2.000000000000000000e+02
2.000000000000000000e+02
2.100000000000000000e+02
2.150000000000000000e+02
2.220000000000000000e+02
2.310000000000000000e+02
2.310000000000000000e+02
2.380000000000000000e+02
2.440000000000000000e+02
2.520000000000000000e+02
2.520000000000000000e+02
2.580000000000000000e+02
2.580000000000000000e+02
2.580000000000000000e+02
2.580000000000000000e+02
2.580000000000000000e+02
2.580000000000000000e+02
2.580000000000000000e+02
2.580000000000000000e+02
2.580000000000000000e+02
2.580000000000000000e+02
2.580000000000000000e+02
2.580000000000000000e+02
2.580000000000000000e+02
2.580000000000000000e+02
2.580000000000000000e+02
2.580000000000000000e+02
2.580000000000000000e+02
2.580000000000000000e+02
2.580000000000000000e+02
2.580000000000000000e+02
2.580000000000000000e+02
2.570000000000000000e+02
2.570000000000000000e+02
2.570000000000000000e+02
2.540000000000000000e+02
2.490000000000000000e+02
2.460000000000000000e+02
2.440000000000000000e+02
2.420000000000000000e+02
2.410000000000000000e+02
2.410000000000000000e+02
2.380000000000000000e+02
2.370000000000000000e+02
2.320000000000000000e+02
2.300000000000000000e+02
2.240000000000000000e+02
2.220000000000000000e+02
2.170000000000000000e+02
2.150000000000000000e+02
2.050000000000000000e+02
2.000000000000000000e+02
1.980000000000000000e+02
1.930000000000000000e+02
1.850000000000000000e+02
1.820000000000000000e+02
1.770000000000000000e+02
1.760000000000000000e+02
1.750000000000000000e+02
1.730000000000000000e+02
1.680000000000000000e+02
1.660000000000000000e+02
1.590000000000000000e+02
1.570000000000000000e+02
1.520000000000000000e+02
1.470000000000000000e+02
1.400000000000000000e+02
1.320000000000000000e+02
1.270000000000000000e+02
1.230000000000000000e+02
1.180000000000000000e+02
1.130000000000000000e+02
1.110000000000000000e+02
1.070000000000000000e+02
1.020000000000000000e+02
