0.000000000000000000e+00
0.000000000000000000e+00
0.000000000000000000e+00
0.000000000000000000e+00
0.000000000000000000e+00
0.000000000000000000e+00
0.000000000000000000e+00
0.000000000000000000e+00
0.000000000000000000e+00
0.000000000000000000e+00
0.000000000000000000e+00
0.000000000000000000e+00
0.000000000000000000e+00
0.000000000000000000e+00
0.000000000000000000e+00
0.000000000000000000e+00
0.000000000000000000e+00
0.000000000000000000e+00
0.000000000000000000e+00
0.000000000000000000e+00
0.000000000000000000e+00
0.000000000000000000e+00
0.000000000000000000e+00
0.000000000000000000e+00
0.000000000000000000e+00
0.000000000000000000e+00
0.000000000000000000e+00
0.000000000000000000e+00
5.000000000000000000e+00
1.100000000000000000e+01
1.500000000000000000e+01
1.500000000000000000e+01
2.100000000000000000e+01
2.700000000000000000e+01
3.200000000000000000e+01
4.400000000000000000e+01
4.400000000000000000e+01
5.200000000000000000e+01
5.700000000000000000e+01
6.400000000000000000e+01
7.000000000000000000e+01
7.000000000000000000e+01
8.100000000000000000e+01
9.300000000000000000e+01
1.010000000000000000e+02
1.010000000000000000e+02
1.060000000000000000e+02
1.140000000000000000e+02
1.250000000000000000e+02
1.340000000000000000e+02
1.340000000000000000e+02
1.470000000000000000e+02
1.550000000000000000e+02
1.610000000000000000e+02
1.610000000000000000e+02
1.720000000000000000e+02
1.820000000000000000e+02
1.880000000000000000e+02
1.940000000000000000e+02
1.940000000000000000e+02
1.990000000000000000e+02
2.070000000000000000e+02
2.130000000000000000e+02
2.130000000000000000e+02
2.200000000000000000e+02
2.200000000000000000e+02
2.200000000000000000e+02
2.200000000000000000e+02
2.200000000000000000e+02
2.200000000000000000e+02
2.200000000000000000e+02
2.200000000000000000e+02
2.200000000000000000e+02
2.200000000000000000e+02
2.200000000000000000e+02
2.200000000000000000e+02
2.200000000000000000e+02
2.200000000000000000e+02
2.200000000000000000e+02
2.200000000000000000e+02
2.200000000000000000e+02
2.200000000000000000e+02
2.200000000000000000e+02
2.200000000000000000e+02
2.200000000000000000e+02
2.200000000000000000e+02
2.200000000000000000e+02
2.200000000000000000e+02
2.200000000000000000e+02
2.200000000000000000e+02
2.200000000000000000e+02
2.200000000000000000e+02
2.200000000000000000e+02
2.190000000000000000e+02
2.180000000000000000e+02
2.160000000000000000e+02
2.130000000000000000e+02
2.130000000000000000e+02
2.130000000000000000e+02
2.120000000000000000e+02
2.080000000000000000e+02
2.060000000000000000e+02
2.030000000000000000e+02
2.010000000000000000e+02
1.990000000000000000e+02
1.950000000000000000e+02
1.920000000000000000e+02
1.870000000000000000e+02
1.810000000000000000e+02
1.770000000000000000e+02
1.720000000000000000e+02
1.700000000000000000e+02
1.640000000000000000e+02
1.630000000000000000e+02
1.610000000000000000e+02
1.600000000000000000e+02
1.550000000000000000e+02
1.520000000000000000e+02
1.480000000000000000e+02
1.440000000000000000e+02
1.390000000000000000e+02
1.330000000000000000e+02
1.240000000000000000e+02
1.180000000000000000e+02
1.140000000000000000e+02
1.050000000000000000e+02
9.900000000000000000e+01
9.400000000000000000e+01
