0.000000000000000000e+00
0.000000000000000000e+00
0.000000000000000000e+00
0.000000000000000000e+00
0.000000000000000000e+00
0.000000000000000000e+00
0.000000000000000000e+00
0.000000000000000000e+00
0.000000000000000000e+00
0.000000000000000000e+00
0.000000000000000000e+00
0.000000000000000000e+00
0.000000000000000000e+00
0.000000000000000000e+00
0.000000000000000000e+00
0.000000000000000000e+00
0.000000000000000000e+00
0.000000000000000000e+00
0.000000000000000000e+00
3.000000000000000000e+00
1.100000000000000000e+01
2.200000000000000000e+01
2.200000000000000000e+01
3.300000000000000000e+01
3.700000000000000000e+01
4.700000000000000000e+01
5.500000000000000000e+01
5.500000000000000000e+01
6.500000000000000000e+01
7.100000000000000000e+01
7.800000000000000000e+01
7.800000000000000000e+01
8.900000000000000000e+01
1.040000000000000000e+02
1.150000000000000000e+02
1.200000000000000000e+02
1.200000000000000000e+02
1.270000000000000000e+02
1.330000000000000000e+02
1.430000000000000000e+02
1.470000000000000000e+02
1.470000000000000000e+02
1.530000000000000000e+02
1.560000000000000000e+02
1.600000000000000000e+02
1.600000000000000000e+02
1.690000000000000000e+02
1.810000000000000000e+02
1.860000000000000000e+02
1.910000000000000000e+02
1.910000000000000000e+02
1.940000000000000000e+02
2.020000000000000000e+02
2.060000000000000000e+02
2.060000000000000000e+02
2.120000000000000000e+02
2.210000000000000000e+02
2.280000000000000000e+02
2.340000000000000000e+02
2.340000000000000000e+02
2.410000000000000000e+02
2.500000000000000000e+02
2.590000000000000000e+02
2.590000000000000000e+02
2.690000000000000000e+02
2.690000000000000000e+02
2.690000000000000000e+02
2.690000000000000000e+02
2.690000000000000000e+02
2.690000000000000000e+02
2.690000000000000000e+02
2.690000000000000000e+02
2.690000000000000000e+02
2.690000000000000000e+02
2.690000000000000000e+02
2.690000000000000000e+02
2.690000000000000000e+02
2.690000000000000000e+02
2.690000000000000000e+02
2.690000000000000000e+02
2.690000000000000000e+02
2.690000000000000000e+02
2.690000000000000000e+02
2.690000000000000000e+02
2.690000000000000000e+02
2.680000000000000000e+02
2.680000000000000000e+02
2.680000000000000000e+02
2.670000000000000000e+02
2.660000000000000000e+02
2.660000000000000000e+02
2.650000000000000000e+02
2.600000000000000000e+02
2.570000000000000000e+02
2.530000000000000000e+02
2.460000000000000000e+02
2.440000000000000000e+02
2.420000000000000000e+02
2.390000000000000000e+02
2.370000000000000000e+02
2.330000000000000000e+02
2.300000000000000000e+02
2.260000000000000000e+02
2.250000000000000000e+02
2.190000000000000000e+02
2.120000000000000000e+02
2.090000000000000000e+02
2.030000000000000000e+02
2.000000000000000000e+02
1.970000000000000000e+02
1.910000000000000000e+02
1.880000000000000000e+02
1.840000000000000000e+02
1.760000000000000000e+02
1.690000000000000000e+02
1.680000000000000000e+02
1.610000000000000000e+02
1.550000000000000000e+02
1.490000000000000000e+02
1.470000000000000000e+02
1.400000000000000000e+02
1.360000000000000000e+02
1.310000000000000000e+02
1.250000000000000000e+02
1.200000000000000000e+02
1.180000000000000000e+02
1.110000000000000000e+02
1.090000000000000000e+02
