0.000000000000000000e+00
0.000000000000000000e+00
0.000000000000000000e+00
0.000000000000000000e+00
0.000000000000000000e+00
0.000000000000000000e+00
0.000000000000000000e+00
0.000000000000000000e+00
0.000000000000000000e+00
0.000000000000000000e+00
0.000000000000000000e+00
0.000000000000000000e+00
0.000000000000000000e+00
0.000000000000000000e+00
4.000000000000000000e+00
6.000000000000000000e+00
1.000000000000000000e+01
1.700000000000000000e+01
1.700000000000000000e+01
2.200000000000000000e+01
2.700000000000000000e+01
2.900000000000000000e+01
2.900000000000000000e+01
3.600000000000000000e+01
4.700000000000000000e+01
5.600000000000000000e+01
6.300000000000000000e+01
6.300000000000000000e+01
7.500000000000000000e+01
8.200000000000000000e+01
9.000000000000000000e+01
9.000000000000000000e+01
9.600000000000000000e+01
1.040000000000000000e+02
1.130000000000000000e+02
1.220000000000000000e+02
1.220000000000000000e+02
1.290000000000000000e+02
1.410000000000000000e+02
1.540000000000000000e+02
1.660000000000000000e+02
1.660000000000000000e+02
1.740000000000000000e+02
1.820000000000000000e+02
1.860000000000000000e+02
1.860000000000000000e+02
1.980000000000000000e+02
2.030000000000000000e+02
2.110000000000000000e+02
2.180000000000000000e+02
2.180000000000000000e+02
2.230000000000000000e+02
2.350000000000000000e+02
2.460000000000000000e+02
2.460000000000000000e+02
2.530000000000000000e+02
2.620000000000000000e+02
2.730000000000000000e+02
2.790000000000000000e+02
2.790000000000000000e+02
2.900000000000000000e+02
2.970000000000000000e+02
3.060000000000000000e+02
3.060000000000000000e+02
3.100000000000000000e+02
3.100000000000000000e+02
3.100000000000000000e+02
3.100000000000000000e+02
3.100000000000000000e+02
3.100000000000000000e+02
3.100000000000000000e+02
3.100000000000000000e+02
3.100000000000000000e+02
3.100000000000000000e+02
3.100000000000000000e+02
3.100000000000000000e+02
3.100000000000000000e+02
3.100000000000000000e+02
3.100000000000000000e+02
3.090000000000000000e+02
3.080000000000000000e+02
3.070000000000000000e+02
3.040000000000000000e+02
3.020000000000000000e+02
3.020000000000000000e+02
3.010000000000000000e+02
3.010000000000000000e+02
3.000000000000000000e+02
2.990000000000000000e+02
2.990000000000000000e+02
2.980000000000000000e+02
2.950000000000000000e+02
2.930000000000000000e+02
2.910000000000000000e+02
2.880000000000000000e+02
2.820000000000000000e+02
2.790000000000000000e+02
2.770000000000000000e+02
2.700000000000000000e+02
2.650000000000000000e+02
2.610000000000000000e+02
2.560000000000000000e+02
2.520000000000000000e+02
2.510000000000000000e+02
2.480000000000000000e+02
2.470000000000000000e+02
2.430000000000000000e+02
2.410000000000000000e+02
2.360000000000000000e+02
2.300000000000000000e+02
2.210000000000000000e+02
2.140000000000000000e+02
2.080000000000000000e+02
2.040000000000000000e+02
1.980000000000000000e+02
1.900000000000000000e+02
1.850000000000000000e+02
1.790000000000000000e+02
1.710000000000000000e+02
1.660000000000000000e+02
1.570000000000000000e+02
1.510000000000000000e+02
1.440000000000000000e+02
1.360000000000000000e+02
1.290000000000000000e+02
1.220000000000000000e+02
1.180000000000000000e+02
1.150000000000000000e+02
