0.000000000000000000e+00
0.000000000000000000e+00
0.000000000000000000e+00
0.000000000000000000e+00
0.000000000000000000e+00
0.000000000000000000e+00
0.000000000000000000e+00
0.000000000000000000e+00
0.000000000000000000e+00
0.000000000000000000e+00
0.000000000000000000e+00
0.000000000000000000e+00
0.000000000000000000e+00
0.000000000000000000e+00
0.000000000000000000e+00
0.000000000000000000e+00
0.000000000000000000e+00
0.000000000000000000e+00
0.000000000000000000e+00
4.000000000000000000e+00
1.100000000000000000e+01
2.300000000000000000e+01
2.300000000000000000e+01
3.300000000000000000e+01
3.800000000000000000e+01
5.400000000000000000e+01
5.900000000000000000e+01
5.900000000000000000e+01
6.600000000000000000e+01
7.300000000000000000e+01
8.100000000000000000e+01
8.100000000000000000e+01
8.700000000000000000e+01
9.200000000000000000e+01
9.800000000000000000e+01
1.060000000000000000e+02
1.060000000000000000e+02
1.110000000000000000e+02
1.170000000000000000e+02
1.290000000000000000e+02
1.340000000000000000e+02
1.340000000000000000e+02
1.400000000000000000e+02
1.490000000000000000e+02
1.560000000000000000e+02
1.560000000000000000e+02
1.690000000000000000e+02
1.770000000000000000e+02
1.890000000000000000e+02
1.960000000000000000e+02
1.960000000000000000e+02
2.010000000000000000e+02
2.090000000000000000e+02
2.170000000000000000e+02
2.170000000000000000e+02
2.230000000000000000e+02
2.340000000000000000e+02
2.420000000000000000e+02
2.530000000000000000e+02
2.530000000000000000e+02
2.610000000000000000e+02
2.660000000000000000e+02
2.680000000000000000e+02
2.680000000000000000e+02
2.780000000000000000e+02
2.780000000000000000e+02
2.780000000000000000e+02
2.780000000000000000e+02
2.780000000000000000e+02
2.780000000000000000e+02
2.780000000000000000e+02
2.780000000000000000e+02
2.780000000000000000e+02
2.780000000000000000e+02
2.780000000000000000e+02
2.780000000000000000e+02
2.780000000000000000e+02
2.780000000000000000e+02
2.780000000000000000e+02
2.780000000000000000e+02
2.780000000000000000e+02
2.780000000000000000e+02
2.780000000000000000e+02
2.780000000000000000e+02
2.770000000000000000e+02
2.760000000000000000e+02
2.750000000000000000e+02
2.740000000000000000e+02
2.740000000000000000e+02
2.710000000000000000e+02
2.690000000000000000e+02
2.680000000000000000e+02
2.660000000000000000e+02
2.650000000000000000e+02
2.620000000000000000e+02
2.600000000000000000e+02
2.550000000000000000e+02
2.480000000000000000e+02
2.470000000000000000e+02
2.420000000000000000e+02
2.390000000000000000e+02
2.320000000000000000e+02
2.240000000000000000e+02
2.210000000000000000e+02
2.180000000000000000e+02
2.140000000000000000e+02
2.080000000000000000e+02
2.040000000000000000e+02
2.000000000000000000e+02
1.960000000000000000e+02
1.890000000000000000e+02
1.870000000000000000e+02
1.850000000000000000e+02
1.830000000000000000e+02
1.770000000000000000e+02
1.730000000000000000e+02
1.660000000000000000e+02
1.630000000000000000e+02
1.560000000000000000e+02
1.510000000000000000e+02
1.480000000000000000e+02
1.450000000000000000e+02
1.430000000000000000e+02
1.420000000000000000e+02
1.340000000000000000e+02
1.300000000000000000e+02
1.270000000000000000e+02
1.270000000000000000e+02
