0.000000000000000000e+00
0.000000000000000000e+00
0.000000000000000000e+00
0.000000000000000000e+00
0.000000000000000000e+00
0.000000000000000000e+00
0.000000000000000000e+00
0.000000000000000000e+00
0.000000000000000000e+00
0.000000000000000000e+00
0.000000000000000000e+00
0.000000000000000000e+00
0.000000000000000000e+00
0.000000000000000000e+00
1.000000000000000000e+00
5.000000000000000000e+00
1.000000000000000000e+01
3.000000000000000000e+01
3.000000000000000000e+01
3.600000000000000000e+01
4.200000000000000000e+01
5.500000000000000000e+01
5.500000000000000000e+01
6.200000000000000000e+01
7.100000000000000000e+01
7.900000000000000000e+01
8.300000000000000000e+01
8.300000000000000000e+01
8.900000000000000000e+01
9.400000000000000000e+01
1.030000000000000000e+02
1.030000000000000000e+02
1.120000000000000000e+02
1.160000000000000000e+02
1.290000000000000000e+02
1.360000000000000000e+02
1.360000000000000000e+02
1.430000000000000000e+02
1.500000000000000000e+02
1.550000000000000000e+02
1.650000000000000000e+02
1.650000000000000000e+02
1.710000000000000000e+02
1.790000000000000000e+02
1.850000000000000000e+02
1.850000000000000000e+02
1.910000000000000000e+02
2.010000000000000000e+02
2.090000000000000000e+02
2.200000000000000000e+02
2.200000000000000000e+02
2.240000000000000000e+02
2.310000000000000000e+02
2.420000000000000000e+02
2.420000000000000000e+02
2.490000000000000000e+02
2.610000000000000000e+02
2.640000000000000000e+02
2.720000000000000000e+02
2.720000000000000000e+02
2.780000000000000000e+02
2.830000000000000000e+02
2.900000000000000000e+02
2.900000000000000000e+02
3.000000000000000000e+02
3.000000000000000000e+02
3.000000000000000000e+02
3.000000000000000000e+02
3.000000000000000000e+02
3.000000000000000000e+02
3.000000000000000000e+02
3.000000000000000000e+02
3.000000000000000000e+02
3.000000000000000000e+02
3.000000000000000000e+02
3.000000000000000000e+02
3.000000000000000000e+02
3.000000000000000000e+02
3.000000000000000000e+02
3.000000000000000000e+02
2.990000000000000000e+02
2.960000000000000000e+02
2.950000000000000000e+02
2.940000000000000000e+02
2.930000000000000000e+02
2.900000000000000000e+02
2.840000000000000000e+02
2.830000000000000000e+02
2.820000000000000000e+02
2.800000000000000000e+02
2.800000000000000000e+02
2.760000000000000000e+02
2.740000000000000000e+02
2.720000000000000000e+02
2.680000000000000000e+02
2.620000000000000000e+02
2.600000000000000000e+02
2.570000000000000000e+02
2.540000000000000000e+02
2.470000000000000000e+02
2.470000000000000000e+02
2.470000000000000000e+02
2.360000000000000000e+02
2.320000000000000000e+02
2.310000000000000000e+02
2.240000000000000000e+02
2.190000000000000000e+02
2.160000000000000000e+02
2.120000000000000000e+02
2.070000000000000000e+02
2.000000000000000000e+02
1.960000000000000000e+02
1.920000000000000000e+02
1.870000000000000000e+02
1.840000000000000000e+02
1.760000000000000000e+02
1.680000000000000000e+02
1.670000000000000000e+02
1.590000000000000000e+02
1.540000000000000000e+02
1.430000000000000000e+02
1.340000000000000000e+02
1.310000000000000000e+02
1.280000000000000000e+02
1.260000000000000000e+02
1.260000000000000000e+02
1.190000000000000000e+02
1.150000000000000000e+02
