0.000000000000000000e+00
0.000000000000000000e+00
0.000000000000000000e+00
0.000000000000000000e+00
0.000000000000000000e+00
0.000000000000000000e+00
0.000000000000000000e+00
0.000000000000000000e+00
0.000000000000000000e+00
0.000000000000000000e+00
0.000000000000000000e+00
0.000000000000000000e+00
0.000000000000000000e+00
0.000000000000000000e+00
0.000000000000000000e+00
0.000000000000000000e+00
0.000000000000000000e+00
0.000000000000000000e+00
0.000000000000000000e+00
0.000000000000000000e+00
1.000000000000000000e+00
1.300000000000000000e+01
1.300000000000000000e+01
1.400000000000000000e+01
2.000000000000000000e+01
2.600000000000000000e+01
3.700000000000000000e+01
3.700000000000000000e+01
4.500000000000000000e+01
5.400000000000000000e+01
6.100000000000000000e+01
6.100000000000000000e+01
6.900000000000000000e+01
7.600000000000000000e+01
8.300000000000000000e+01
9.300000000000000000e+01
9.300000000000000000e+01
9.900000000000000000e+01
1.090000000000000000e+02
1.160000000000000000e+02
1.250000000000000000e+02
1.250000000000000000e+02
1.340000000000000000e+02
1.410000000000000000e+02
1.540000000000000000e+02
1.540000000000000000e+02
1.580000000000000000e+02
1.650000000000000000e+02
1.730000000000000000e+02
1.780000000000000000e+02
1.780000000000000000e+02
1.860000000000000000e+02
1.900000000000000000e+02
1.960000000000000000e+02
1.960000000000000000e+02
2.040000000000000000e+02
2.100000000000000000e+02
2.170000000000000000e+02
2.240000000000000000e+02
2.240000000000000000e+02
2.340000000000000000e+02
2.400000000000000000e+02
2.420000000000000000e+02
2.420000000000000000e+02
2.520000000000000000e+02
2.520000000000000000e+02
2.520000000000000000e+02
2.520000000000000000e+02
2.520000000000000000e+02
2.520000000000000000e+02
2.520000000000000000e+02
2.520000000000000000e+02
2.520000000000000000e+02
2.520000000000000000e+02
2.520000000000000000e+02
2.520000000000000000e+02
2.520000000000000000e+02
2.520000000000000000e+02
2.520000000000000000e+02
2.520000000000000000e+02
2.520000000000000000e+02
2.520000000000000000e+02
2.520000000000000000e+02
2.520000000000000000e+02
2.520000000000000000e+02
2.490000000000000000e+02
2.490000000000000000e+02
2.490000000000000000e+02
2.490000000000000000e+02
2.490000000000000000e+02
2.490000000000000000e+02
2.440000000000000000e+02
2.400000000000000000e+02
2.350000000000000000e+02
2.340000000000000000e+02
2.330000000000000000e+02
2.310000000000000000e+02
2.290000000000000000e+02
2.250000000000000000e+02
2.250000000000000000e+02
2.210000000000000000e+02
2.130000000000000000e+02
2.080000000000000000e+02
2.030000000000000000e+02
1.980000000000000000e+02
1.930000000000000000e+02
1.900000000000000000e+02
1.850000000000000000e+02
1.830000000000000000e+02
1.770000000000000000e+02
1.720000000000000000e+02
1.690000000000000000e+02
1.640000000000000000e+02
1.630000000000000000e+02
1.600000000000000000e+02
1.580000000000000000e+02
1.530000000000000000e+02
1.480000000000000000e+02
1.430000000000000000e+02
1.350000000000000000e+02
1.340000000000000000e+02
1.270000000000000000e+02
1.220000000000000000e+02
1.170000000000000000e+02
1.140000000000000000e+02
1.050000000000000000e+02
1.030000000000000000e+02
9.700000000000000000e+01
