0.000000000000000000e+00
0.000000000000000000e+00
0.000000000000000000e+00
0.000000000000000000e+00
0.000000000000000000e+00
0.000000000000000000e+00
0.000000000000000000e+00
0.000000000000000000e+00
0.000000000000000000e+00
0.000000000000000000e+00
0.000000000000000000e+00
0.000000000000000000e+00
0.000000000000000000e+00
0.000000000000000000e+00
0.000000000000000000e+00
0.000000000000000000e+00
0.000000000000000000e+00
0.000000000000000000e+00
0.000000000000000000e+00
0.000000000000000000e+00
0.000000000000000000e+00
0.000000000000000000e+00
0.000000000000000000e+00
0.000000000000000000e+00
0.000000000000000000e+00
0.000000000000000000e+00
1.000000000000000000e+00
1.000000000000000000e+00
1.200000000000000000e+01
1.800000000000000000e+01
2.600000000000000000e+01
2.600000000000000000e+01
3.000000000000000000e+01
3.700000000000000000e+01
3.800000000000000000e+01
4.300000000000000000e+01
4.300000000000000000e+01
4.800000000000000000e+01
5.800000000000000000e+01
6.400000000000000000e+01
6.800000000000000000e+01
6.800000000000000000e+01
7.500000000000000000e+01
7.600000000000000000e+01
8.300000000000000000e+01
8.300000000000000000e+01
9.100000000000000000e+01
9.700000000000000000e+01
1.020000000000000000e+02
1.160000000000000000e+02
1.160000000000000000e+02
1.290000000000000000e+02
1.360000000000000000e+02
1.430000000000000000e+02
1.430000000000000000e+02
1.480000000000000000e+02
1.610000000000000000e+02
1.660000000000000000e+02
1.770000000000000000e+02
1.770000000000000000e+02
1.870000000000000000e+02
1.930000000000000000e+02
1.970000000000000000e+02
1.970000000000000000e+02
2.090000000000000000e+02
2.090000000000000000e+02
2.090000000000000000e+02
2.090000000000000000e+02
2.090000000000000000e+02
2.090000000000000000e+02
2.090000000000000000e+02
2.090000000000000000e+02
2.090000000000000000e+02
2.090000000000000000e+02
2.090000000000000000e+02
2.090000000000000000e+02
2.090000000000000000e+02
2.090000000000000000e+02
2.090000000000000000e+02
2.090000000000000000e+02
2.090000000000000000e+02
2.090000000000000000e+02
2.090000000000000000e+02
2.090000000000000000e+02
2.090000000000000000e+02
2.090000000000000000e+02
2.090000000000000000e+02
2.090000000000000000e+02
2.090000000000000000e+02
2.090000000000000000e+02
2.090000000000000000e+02
2.090000000000000000e+02
2.090000000000000000e+02
2.070000000000000000e+02
2.050000000000000000e+02
2.030000000000000000e+02
2.020000000000000000e+02
1.980000000000000000e+02
1.970000000000000000e+02
1.960000000000000000e+02
1.930000000000000000e+02
1.900000000000000000e+02
1.860000000000000000e+02
1.850000000000000000e+02
1.850000000000000000e+02
1.790000000000000000e+02
1.760000000000000000e+02
1.750000000000000000e+02
1.730000000000000000e+02
1.720000000000000000e+02
1.680000000000000000e+02
1.620000000000000000e+02
1.570000000000000000e+02
1.540000000000000000e+02
1.530000000000000000e+02
1.530000000000000000e+02
1.490000000000000000e+02
1.410000000000000000e+02
1.380000000000000000e+02
1.330000000000000000e+02
1.280000000000000000e+02
1.260000000000000000e+02
1.210000000000000000e+02
1.130000000000000000e+02
1.080000000000000000e+02
1.000000000000000000e+02
9.700000000000000000e+01
9.200000000000000000e+01
