0.000000000000000000e+00
0.000000000000000000e+00
0.000000000000000000e+00
0.000000000000000000e+00
0.000000000000000000e+00
0.000000000000000000e+00
0.000000000000000000e+00
0.000000000000000000e+00
0.000000000000000000e+00
0.000000000000000000e+00
0.000000000000000000e+00
0.000000000000000000e+00
0.000000000000000000e+00
0.000000000000000000e+00
0.000000000000000000e+00
0.000000000000000000e+00
0.000000000000000000e+00
0.000000000000000000e+00
0.000000000000000000e+00
6.000000000000000000e+00
8.000000000000000000e+00
1.300000000000000000e+01
1.300000000000000000e+01
1.700000000000000000e+01
2.400000000000000000e+01
3.300000000000000000e+01
4.200000000000000000e+01
4.200000000000000000e+01
5.100000000000000000e+01
6.100000000000000000e+01
7.000000000000000000e+01
7.000000000000000000e+01
7.800000000000000000e+01
8.100000000000000000e+01
8.600000000000000000e+01
9.700000000000000000e+01
9.700000000000000000e+01
1.060000000000000000e+02
1.110000000000000000e+02
1.150000000000000000e+02
1.230000000000000000e+02
1.230000000000000000e+02
1.320000000000000000e+02
1.390000000000000000e+02
1.480000000000000000e+02
1.480000000000000000e+02
1.570000000000000000e+02
1.660000000000000000e+02
1.720000000000000000e+02
1.780000000000000000e+02
1.780000000000000000e+02
1.860000000000000000e+02
1.960000000000000000e+02
2.030000000000000000e+02
2.030000000000000000e+02
2.130000000000000000e+02
2.270000000000000000e+02
2.330000000000000000e+02
2.450000000000000000e+02
2.450000000000000000e+02
2.510000000000000000e+02
2.560000000000000000e+02
2.650000000000000000e+02
2.650000000000000000e+02
2.670000000000000000e+02
2.670000000000000000e+02
2.670000000000000000e+02
2.670000000000000000e+02
2.670000000000000000e+02
2.670000000000000000e+02
2.670000000000000000e+02
2.670000000000000000e+02
2.670000000000000000e+02
2.670000000000000000e+02
2.670000000000000000e+02
2.670000000000000000e+02
2.670000000000000000e+02
2.670000000000000000e+02
2.670000000000000000e+02
2.670000000000000000e+02
2.670000000000000000e+02
2.670000000000000000e+02
2.670000000000000000e+02
2.650000000000000000e+02
2.630000000000000000e+02
2.620000000000000000e+02
2.600000000000000000e+02
2.570000000000000000e+02
2.570000000000000000e+02
2.570000000000000000e+02
2.560000000000000000e+02
2.540000000000000000e+02
2.510000000000000000e+02
2.490000000000000000e+02
2.490000000000000000e+02
2.440000000000000000e+02
2.420000000000000000e+02
2.380000000000000000e+02
2.310000000000000000e+02
2.280000000000000000e+02
2.260000000000000000e+02
2.220000000000000000e+02
2.210000000000000000e+02
2.150000000000000000e+02
2.120000000000000000e+02
2.080000000000000000e+02
2.050000000000000000e+02
2.010000000000000000e+02
1.940000000000000000e+02
1.900000000000000000e+02
1.840000000000000000e+02
1.830000000000000000e+02
1.800000000000000000e+02
1.800000000000000000e+02
1.750000000000000000e+02
1.710000000000000000e+02
1.670000000000000000e+02
1.600000000000000000e+02
1.560000000000000000e+02
1.500000000000000000e+02
1.460000000000000000e+02
1.410000000000000000e+02
1.330000000000000000e+02
1.290000000000000000e+02
1.200000000000000000e+02
1.170000000000000000e+02
1.070000000000000000e+02
1.010000000000000000e+02
