0.000000000000000000e+00
0.000000000000000000e+00
0.000000000000000000e+00
0.000000000000000000e+00
0.000000000000000000e+00
0.000000000000000000e+00
0.000000000000000000e+00
0.000000000000000000e+00
0.000000000000000000e+00
0.000000000000000000e+00
0.000000000000000000e+00
0.000000000000000000e+00
0.000000000000000000e+00
0.000000000000000000e+00
9.000000000000000000e+00
2.100000000000000000e+01
3.200000000000000000e+01
4.000000000000000000e+01
4.000000000000000000e+01
4.800000000000000000e+01
5.300000000000000000e+01
5.600000000000000000e+01
5.600000000000000000e+01
6.700000000000000000e+01
7.400000000000000000e+01
8.600000000000000000e+01
9.800000000000000000e+01
9.800000000000000000e+01
1.040000000000000000e+02
1.170000000000000000e+02
1.230000000000000000e+02
1.230000000000000000e+02
1.270000000000000000e+02
1.320000000000000000e+02
1.380000000000000000e+02
1.490000000000000000e+02
1.490000000000000000e+02
1.570000000000000000e+02
1.690000000000000000e+02
1.770000000000000000e+02
1.810000000000000000e+02
1.810000000000000000e+02
1.920000000000000000e+02
1.970000000000000000e+02
2.040000000000000000e+02
2.040000000000000000e+02
2.110000000000000000e+02
2.210000000000000000e+02
2.240000000000000000e+02
2.290000000000000000e+02
2.290000000000000000e+02
2.340000000000000000e+02
2.380000000000000000e+02
2.450000000000000000e+02
2.450000000000000000e+02
2.590000000000000000e+02
2.640000000000000000e+02
2.730000000000000000e+02
2.810000000000000000e+02
2.810000000000000000e+02
2.860000000000000000e+02
2.960000000000000000e+02
3.020000000000000000e+02
3.020000000000000000e+02
3.100000000000000000e+02
3.100000000000000000e+02
3.100000000000000000e+02
3.100000000000000000e+02
3.100000000000000000e+02
3.100000000000000000e+02
3.100000000000000000e+02
3.100000000000000000e+02
3.100000000000000000e+02
3.100000000000000000e+02
3.100000000000000000e+02
3.100000000000000000e+02
3.100000000000000000e+02
3.100000000000000000e+02
3.090000000000000000e+02
3.070000000000000000e+02
3.040000000000000000e+02
3.020000000000000000e+02
3.000000000000000000e+02
2.970000000000000000e+02
2.970000000000000000e+02
2.960000000000000000e+02
2.960000000000000000e+02
2.940000000000000000e+02
2.910000000000000000e+02
2.860000000000000000e+02
2.830000000000000000e+02
2.810000000000000000e+02
2.770000000000000000e+02
2.650000000000000000e+02
2.620000000000000000e+02
2.600000000000000000e+02
2.540000000000000000e+02
2.530000000000000000e+02
2.510000000000000000e+02
2.450000000000000000e+02
2.440000000000000000e+02
2.380000000000000000e+02
2.350000000000000000e+02
2.260000000000000000e+02
2.240000000000000000e+02
2.210000000000000000e+02
2.150000000000000000e+02
2.090000000000000000e+02
2.050000000000000000e+02
1.990000000000000000e+02
1.940000000000000000e+02
1.880000000000000000e+02
1.850000000000000000e+02
1.820000000000000000e+02
1.790000000000000000e+02
1.780000000000000000e+02
1.750000000000000000e+02
1.720000000000000000e+02
1.690000000000000000e+02
1.620000000000000000e+02
1.550000000000000000e+02
1.510000000000000000e+02
1.470000000000000000e+02
1.350000000000000000e+02
1.250000000000000000e+02
1.210000000000000000e+02
1.150000000000000000e+02
1.120000000000000000e+02
