0.000000000000000000e+00
0.000000000000000000e+00
0.000000000000000000e+00
0.000000000000000000e+00
0.000000000000000000e+00
0.000000000000000000e+00
0.000000000000000000e+00
0.000000000000000000e+00
0.000000000000000000e+00
0.000000000000000000e+00
0.000000000000000000e+00
0.000000000000000000e+00
2.000000000000000000e+00
2.000000000000000000e+00
7.000000000000000000e+00
1.100000000000000000e+01
1.700000000000000000e+01
2.000000000000000000e+01
2.000000000000000000e+01
2.800000000000000000e+01
3.100000000000000000e+01
3.700000000000000000e+01
3.700000000000000000e+01
4.600000000000000000e+01
5.300000000000000000e+01
6.500000000000000000e+01
7.800000000000000000e+01
7.800000000000000000e+01
8.300000000000000000e+01
8.800000000000000000e+01
9.700000000000000000e+01
9.700000000000000000e+01
1.030000000000000000e+02
1.090000000000000000e+02
1.160000000000000000e+02
1.250000000000000000e+02
1.250000000000000000e+02
1.310000000000000000e+02
1.380000000000000000e+02
1.460000000000000000e+02
1.560000000000000000e+02
1.560000000000000000e+02
1.630000000000000000e+02
1.710000000000000000e+02
1.800000000000000000e+02
1.800000000000000000e+02
1.940000000000000000e+02
2.020000000000000000e+02
2.080000000000000000e+02
2.150000000000000000e+02
2.150000000000000000e+02
2.250000000000000000e+02
2.330000000000000000e+02
2.470000000000000000e+02
2.470000000000000000e+02
2.540000000000000000e+02
2.640000000000000000e+02
2.730000000000000000e+02
2.810000000000000000e+02
2.810000000000000000e+02
2.910000000000000000e+02
2.950000000000000000e+02
3.080000000000000000e+02
3.080000000000000000e+02
3.140000000000000000e+02
3.140000000000000000e+02
3.140000000000000000e+02
3.140000000000000000e+02
3.140000000000000000e+02
3.140000000000000000e+02
3.140000000000000000e+02
3.140000000000000000e+02
3.140000000000000000e+02
3.140000000000000000e+02
3.140000000000000000e+02
3.140000000000000000e+02
3.140000000000000000e+02
3.140000000000000000e+02
3.130000000000000000e+02
3.120000000000000000e+02
3.120000000000000000e+02
3.100000000000000000e+02
3.080000000000000000e+02
3.070000000000000000e+02
3.060000000000000000e+02
3.050000000000000000e+02
3.010000000000000000e+02
3.010000000000000000e+02
3.000000000000000000e+02
2.990000000000000000e+02
2.990000000000000000e+02
2.990000000000000000e+02
2.970000000000000000e+02
2.930000000000000000e+02
2.910000000000000000e+02
2.890000000000000000e+02
2.860000000000000000e+02
2.810000000000000000e+02
2.790000000000000000e+02
2.710000000000000000e+02
2.640000000000000000e+02
2.610000000000000000e+02
2.560000000000000000e+02
2.540000000000000000e+02
2.510000000000000000e+02
2.470000000000000000e+02
2.450000000000000000e+02
2.430000000000000000e+02
2.390000000000000000e+02
2.350000000000000000e+02
2.270000000000000000e+02
2.230000000000000000e+02
2.210000000000000000e+02
2.120000000000000000e+02
2.050000000000000000e+02
2.000000000000000000e+02
1.960000000000000000e+02
1.910000000000000000e+02
1.890000000000000000e+02
1.840000000000000000e+02
1.750000000000000000e+02
1.680000000000000000e+02
1.630000000000000000e+02
1.590000000000000000e+02
1.520000000000000000e+02
1.480000000000000000e+02
1.370000000000000000e+02
1.320000000000000000e+02
