0.000000000000000000e+00
0.000000000000000000e+00
0.000000000000000000e+00
0.000000000000000000e+00
0.000000000000000000e+00
0.000000000000000000e+00
0.000000000000000000e+00
0.000000000000000000e+00
0.000000000000000000e+00
0.000000000000000000e+00
1.000000000000000000e+00
3.000000000000000000e+00
3.000000000000000000e+00
3.000000000000000000e+00
1.600000000000000000e+01
2.900000000000000000e+01
3.600000000000000000e+01
4.600000000000000000e+01
4.600000000000000000e+01
5.400000000000000000e+01
6.000000000000000000e+01
6.400000000000000000e+01
6.400000000000000000e+01
6.600000000000000000e+01
7.600000000000000000e+01
8.600000000000000000e+01
9.000000000000000000e+01
9.000000000000000000e+01
9.800000000000000000e+01
1.080000000000000000e+02
1.170000000000000000e+02
1.170000000000000000e+02
1.290000000000000000e+02
1.330000000000000000e+02
1.420000000000000000e+02
1.480000000000000000e+02
1.480000000000000000e+02
1.520000000000000000e+02
1.640000000000000000e+02
1.730000000000000000e+02
1.830000000000000000e+02
1.830000000000000000e+02
1.900000000000000000e+02
1.960000000000000000e+02
2.010000000000000000e+02
2.010000000000000000e+02
2.090000000000000000e+02
2.160000000000000000e+02
2.190000000000000000e+02
2.280000000000000000e+02
2.280000000000000000e+02
2.350000000000000000e+02
2.420000000000000000e+02
2.500000000000000000e+02
2.500000000000000000e+02
2.570000000000000000e+02
2.640000000000000000e+02
2.690000000000000000e+02
2.740000000000000000e+02
2.740000000000000000e+02
2.860000000000000000e+02
2.940000000000000000e+02
3.080000000000000000e+02
3.080000000000000000e+02
3.180000000000000000e+02
3.180000000000000000e+02
3.180000000000000000e+02
3.180000000000000000e+02
3.180000000000000000e+02
3.180000000000000000e+02
3.180000000000000000e+02
3.180000000000000000e+02
3.180000000000000000e+02
3.180000000000000000e+02
3.180000000000000000e+02
3.180000000000000000e+02
3.180000000000000000e+02
3.180000000000000000e+02
3.180000000000000000e+02
3.180000000000000000e+02
3.160000000000000000e+02
3.160000000000000000e+02
3.140000000000000000e+02
3.110000000000000000e+02
3.070000000000000000e+02
3.050000000000000000e+02
3.050000000000000000e+02
3.030000000000000000e+02
2.970000000000000000e+02
2.940000000000000000e+02
2.900000000000000000e+02
2.890000000000000000e+02
2.860000000000000000e+02
2.840000000000000000e+02
2.770000000000000000e+02
2.760000000000000000e+02
2.710000000000000000e+02
2.670000000000000000e+02
2.660000000000000000e+02
2.630000000000000000e+02
2.590000000000000000e+02
2.560000000000000000e+02
2.550000000000000000e+02
2.480000000000000000e+02
2.450000000000000000e+02
2.360000000000000000e+02
2.290000000000000000e+02
2.190000000000000000e+02
2.120000000000000000e+02
2.070000000000000000e+02
2.020000000000000000e+02
1.970000000000000000e+02
1.900000000000000000e+02
1.900000000000000000e+02
1.810000000000000000e+02
1.770000000000000000e+02
1.730000000000000000e+02
1.670000000000000000e+02
1.600000000000000000e+02
1.550000000000000000e+02
1.490000000000000000e+02
1.450000000000000000e+02
1.430000000000000000e+02
1.360000000000000000e+02
1.300000000000000000e+02
1.220000000000000000e+02
1.150000000000000000e+02
1.040000000000000000e+02
