0.000000000000000000e+00
0.000000000000000000e+00
0.000000000000000000e+00
0.000000000000000000e+00
0.000000000000000000e+00
0.000000000000000000e+00
0.000000000000000000e+00
0.000000000000000000e+00
0.000000000000000000e+00
0.000000000000000000e+00
0.000000000000000000e+00
0.000000000000000000e+00
0.000000000000000000e+00
0.000000000000000000e+00
0.000000000000000000e+00
0.000000000000000000e+00
0.000000000000000000e+00
0.000000000000000000e+00
0.000000000000000000e+00
0.000000000000000000e+00
6.000000000000000000e+00
1.600000000000000000e+01
1.600000000000000000e+01
2.800000000000000000e+01
3.500000000000000000e+01
4.100000000000000000e+01
4.800000000000000000e+01
4.800000000000000000e+01
5.800000000000000000e+01
6.700000000000000000e+01
7.300000000000000000e+01
7.300000000000000000e+01
7.800000000000000000e+01
8.700000000000000000e+01
9.800000000000000000e+01
1.010000000000000000e+02
1.010000000000000000e+02
1.100000000000000000e+02
1.150000000000000000e+02
1.210000000000000000e+02
1.280000000000000000e+02
1.280000000000000000e+02
1.340000000000000000e+02
1.400000000000000000e+02
1.490000000000000000e+02
1.490000000000000000e+02
1.570000000000000000e+02
1.600000000000000000e+02
1.600000000000000000e+02
1.730000000000000000e+02
1.730000000000000000e+02
1.800000000000000000e+02
1.860000000000000000e+02
1.930000000000000000e+02
1.930000000000000000e+02
2.030000000000000000e+02
2.100000000000000000e+02
2.150000000000000000e+02
2.210000000000000000e+02
2.210000000000000000e+02
2.280000000000000000e+02
2.380000000000000000e+02
2.450000000000000000e+02
2.450000000000000000e+02
2.530000000000000000e+02
2.530000000000000000e+02
2.530000000000000000e+02
2.530000000000000000e+02
2.530000000000000000e+02
2.530000000000000000e+02
2.530000000000000000e+02
2.530000000000000000e+02
2.530000000000000000e+02
2.530000000000000000e+02
2.530000000000000000e+02
2.530000000000000000e+02
2.530000000000000000e+02
2.530000000000000000e+02
2.530000000000000000e+02
2.530000000000000000e+02
2.530000000000000000e+02
2.530000000000000000e+02
2.530000000000000000e+02
2.530000000000000000e+02
2.530000000000000000e+02
2.520000000000000000e+02
2.500000000000000000e+02
2.490000000000000000e+02
2.460000000000000000e+02
2.430000000000000000e+02
2.420000000000000000e+02
2.400000000000000000e+02
2.390000000000000000e+02
2.350000000000000000e+02
2.340000000000000000e+02
2.320000000000000000e+02
2.300000000000000000e+02
2.270000000000000000e+02
2.250000000000000000e+02
2.210000000000000000e+02
2.200000000000000000e+02
2.180000000000000000e+02
2.140000000000000000e+02
2.120000000000000000e+02
2.100000000000000000e+02
2.070000000000000000e+02
2.020000000000000000e+02
1.980000000000000000e+02
1.950000000000000000e+02
1.890000000000000000e+02
1.820000000000000000e+02
1.760000000000000000e+02
1.710000000000000000e+02
1.660000000000000000e+02
1.620000000000000000e+02
1.550000000000000000e+02
1.510000000000000000e+02
1.450000000000000000e+02
1.440000000000000000e+02
1.380000000000000000e+02
1.310000000000000000e+02
1.200000000000000000e+02
1.120000000000000000e+02
1.070000000000000000e+02
1.050000000000000000e+02
1.000000000000000000e+02
9.400000000000000000e+01
8.800000000000000000e+01
