0.000000000000000000e+00
0.000000000000000000e+00
0.000000000000000000e+00
0.000000000000000000e+00
0.000000000000000000e+00
0.000000000000000000e+00
0.000000000000000000e+00
0.000000000000000000e+00
0.000000000000000000e+00
0.000000000000000000e+00
0.000000000000000000e+00
0.000000000000000000e+00
0.000000000000000000e+00
0.000000000000000000e+00
0.000000000000000000e+00
0.000000000000000000e+00
0.000000000000000000e+00
0.000000000000000000e+00
0.000000000000000000e+00
3.000000000000000000e+00
5.000000000000000000e+00
1.200000000000000000e+01
1.200000000000000000e+01
1.600000000000000000e+01
2.000000000000000000e+01
2.700000000000000000e+01
3.900000000000000000e+01
3.900000000000000000e+01
4.300000000000000000e+01
5.400000000000000000e+01
5.700000000000000000e+01
5.700000000000000000e+01
6.600000000000000000e+01
7.300000000000000000e+01
8.400000000000000000e+01
9.500000000000000000e+01
9.500000000000000000e+01
1.060000000000000000e+02
1.130000000000000000e+02
1.220000000000000000e+02
1.340000000000000000e+02
1.340000000000000000e+02
1.450000000000000000e+02
1.510000000000000000e+02
1.540000000000000000e+02
1.540000000000000000e+02
1.590000000000000000e+02
1.640000000000000000e+02
1.730000000000000000e+02
1.820000000000000000e+02
1.820000000000000000e+02
1.930000000000000000e+02
2.020000000000000000e+02
2.090000000000000000e+02
2.090000000000000000e+02
2.120000000000000000e+02
2.220000000000000000e+02
2.270000000000000000e+02
2.360000000000000000e+02
2.360000000000000000e+02
2.470000000000000000e+02
2.560000000000000000e+02
2.620000000000000000e+02
2.620000000000000000e+02
2.700000000000000000e+02
2.700000000000000000e+02
2.700000000000000000e+02
2.700000000000000000e+02
2.700000000000000000e+02
2.700000000000000000e+02
2.700000000000000000e+02
2.700000000000000000e+02
2.700000000000000000e+02
2.700000000000000000e+02
2.700000000000000000e+02
2.700000000000000000e+02
2.700000000000000000e+02
2.700000000000000000e+02
2.700000000000000000e+02
2.700000000000000000e+02
2.700000000000000000e+02
2.700000000000000000e+02
2.700000000000000000e+02
2.700000000000000000e+02
2.690000000000000000e+02
2.670000000000000000e+02
2.660000000000000000e+02
2.640000000000000000e+02
2.620000000000000000e+02
2.620000000000000000e+02
2.610000000000000000e+02
2.600000000000000000e+02
2.590000000000000000e+02
2.570000000000000000e+02
2.550000000000000000e+02
2.530000000000000000e+02
2.500000000000000000e+02
2.460000000000000000e+02
2.440000000000000000e+02
2.410000000000000000e+02
2.350000000000000000e+02
2.330000000000000000e+02
2.290000000000000000e+02
2.250000000000000000e+02
2.220000000000000000e+02
2.180000000000000000e+02
2.170000000000000000e+02
2.100000000000000000e+02
2.040000000000000000e+02
1.990000000000000000e+02
1.930000000000000000e+02
1.840000000000000000e+02
1.810000000000000000e+02
1.750000000000000000e+02
1.720000000000000000e+02
1.700000000000000000e+02
1.670000000000000000e+02
1.580000000000000000e+02
1.550000000000000000e+02
1.480000000000000000e+02
1.400000000000000000e+02
1.380000000000000000e+02
1.320000000000000000e+02
1.280000000000000000e+02
1.200000000000000000e+02
1.150000000000000000e+02
1.080000000000000000e+02
1.010000000000000000e+02
