0.000000000000000000e+00
0.000000000000000000e+00
0.000000000000000000e+00
0.000000000000000000e+00
0.000000000000000000e+00
0.000000000000000000e+00
0.000000000000000000e+00
0.000000000000000000e+00
0.000000000000000000e+00
0.000000000000000000e+00
0.000000000000000000e+00
0.000000000000000000e+00
0.000000000000000000e+00
0.000000000000000000e+00
6.000000000000000000e+00
1.300000000000000000e+01
2.400000000000000000e+01
3.800000000000000000e+01
3.800000000000000000e+01
4.600000000000000000e+01
5.400000000000000000e+01
6.000000000000000000e+01
6.000000000000000000e+01
7.200000000000000000e+01
7.800000000000000000e+01
8.800000000000000000e+01
9.300000000000000000e+01
9.300000000000000000e+01
1.030000000000000000e+02
1.120000000000000000e+02
1.160000000000000000e+02
1.160000000000000000e+02
1.240000000000000000e+02
1.300000000000000000e+02
1.370000000000000000e+02
1.430000000000000000e+02
1.430000000000000000e+02
1.530000000000000000e+02
1.580000000000000000e+02
1.690000000000000000e+02
1.740000000000000000e+02
1.740000000000000000e+02
1.870000000000000000e+02
1.910000000000000000e+02
2.060000000000000000e+02
2.060000000000000000e+02
2.120000000000000000e+02
2.170000000000000000e+02
2.250000000000000000e+02
2.290000000000000000e+02
2.290000000000000000e+02
2.390000000000000000e+02
2.520000000000000000e+02
2.610000000000000000e+02
2.610000000000000000e+02
2.680000000000000000e+02
2.710000000000000000e+02
2.800000000000000000e+02
2.880000000000000000e+02
2.880000000000000000e+02
2.950000000000000000e+02
3.070000000000000000e+02
3.120000000000000000e+02
3.120000000000000000e+02
3.180000000000000000e+02
3.180000000000000000e+02
3.180000000000000000e+02
3.180000000000000000e+02
3.180000000000000000e+02
3.180000000000000000e+02
3.180000000000000000e+02
3.180000000000000000e+02
3.180000000000000000e+02
3.180000000000000000e+02
3.180000000000000000e+02
3.180000000000000000e+02
3.180000000000000000e+02
3.180000000000000000e+02
3.180000000000000000e+02
3.180000000000000000e+02
3.170000000000000000e+02
3.160000000000000000e+02
3.140000000000000000e+02
3.120000000000000000e+02
3.110000000000000000e+02
3.080000000000000000e+02
3.050000000000000000e+02
3.010000000000000000e+02
2.980000000000000000e+02
2.960000000000000000e+02
2.950000000000000000e+02
2.920000000000000000e+02
2.860000000000000000e+02
2.810000000000000000e+02
2.780000000000000000e+02
2.740000000000000000e+02
2.720000000000000000e+02
2.690000000000000000e+02
2.650000000000000000e+02
2.610000000000000000e+02
2.590000000000000000e+02
2.530000000000000000e+02
2.470000000000000000e+02
2.430000000000000000e+02
2.390000000000000000e+02
2.370000000000000000e+02
2.290000000000000000e+02
2.220000000000000000e+02
2.160000000000000000e+02
2.110000000000000000e+02
2.070000000000000000e+02
2.030000000000000000e+02
1.990000000000000000e+02
1.920000000000000000e+02
1.910000000000000000e+02
1.880000000000000000e+02
1.860000000000000000e+02
1.810000000000000000e+02
1.780000000000000000e+02
1.750000000000000000e+02
1.720000000000000000e+02
1.670000000000000000e+02
1.580000000000000000e+02
1.520000000000000000e+02
1.450000000000000000e+02
1.410000000000000000e+02
1.350000000000000000e+02
1.280000000000000000e+02
