0.000000000000000000e+00
0.000000000000000000e+00
0.000000000000000000e+00
0.000000000000000000e+00
0.000000000000000000e+00
0.000000000000000000e+00
0.000000000000000000e+00
0.000000000000000000e+00
0.000000000000000000e+00
0.000000000000000000e+00
0.000000000000000000e+00
0.000000000000000000e+00
0.000000000000000000e+00
0.000000000000000000e+00
0.000000000000000000e+00
0.000000000000000000e+00
1.000000000000000000e+00
2.000000000000000000e+00
2.000000000000000000e+00
7.000000000000000000e+00
1.400000000000000000e+01
1.700000000000000000e+01
1.700000000000000000e+01
2.500000000000000000e+01
3.200000000000000000e+01
4.200000000000000000e+01
5.200000000000000000e+01
5.200000000000000000e+01
5.500000000000000000e+01
5.800000000000000000e+01
6.800000000000000000e+01
6.800000000000000000e+01
7.600000000000000000e+01
7.900000000000000000e+01
8.900000000000000000e+01
9.700000000000000000e+01
9.700000000000000000e+01
1.000000000000000000e+02
1.050000000000000000e+02
1.120000000000000000e+02
1.230000000000000000e+02
1.230000000000000000e+02
1.300000000000000000e+02
1.360000000000000000e+02
1.420000000000000000e+02
1.420000000000000000e+02
1.520000000000000000e+02
1.630000000000000000e+02
1.640000000000000000e+02
1.730000000000000000e+02
1.730000000000000000e+02
1.850000000000000000e+02
1.960000000000000000e+02
2.080000000000000000e+02
2.080000000000000000e+02
2.150000000000000000e+02
2.220000000000000000e+02
2.270000000000000000e+02
2.360000000000000000e+02
2.360000000000000000e+02
2.390000000000000000e+02
2.490000000000000000e+02
2.570000000000000000e+02
2.570000000000000000e+02
2.670000000000000000e+02
2.670000000000000000e+02
2.670000000000000000e+02
2.670000000000000000e+02
2.670000000000000000e+02
2.670000000000000000e+02
2.670000000000000000e+02
2.670000000000000000e+02
2.670000000000000000e+02
2.670000000000000000e+02
2.670000000000000000e+02
2.670000000000000000e+02
2.670000000000000000e+02
2.670000000000000000e+02
2.670000000000000000e+02
2.670000000000000000e+02
2.670000000000000000e+02
2.670000000000000000e+02
2.660000000000000000e+02
2.660000000000000000e+02
2.650000000000000000e+02
2.630000000000000000e+02
2.630000000000000000e+02
2.630000000000000000e+02
2.620000000000000000e+02
2.600000000000000000e+02
2.600000000000000000e+02
2.580000000000000000e+02
2.580000000000000000e+02
2.530000000000000000e+02
2.520000000000000000e+02
2.500000000000000000e+02
2.460000000000000000e+02
2.440000000000000000e+02
2.430000000000000000e+02
2.390000000000000000e+02
2.380000000000000000e+02
2.370000000000000000e+02
2.350000000000000000e+02
2.320000000000000000e+02
2.310000000000000000e+02
2.280000000000000000e+02
2.280000000000000000e+02
2.210000000000000000e+02
2.170000000000000000e+02
2.120000000000000000e+02
2.060000000000000000e+02
2.010000000000000000e+02
2.000000000000000000e+02
1.940000000000000000e+02
1.900000000000000000e+02
1.840000000000000000e+02
1.760000000000000000e+02
1.710000000000000000e+02
1.640000000000000000e+02
1.570000000000000000e+02
1.500000000000000000e+02
1.450000000000000000e+02
1.410000000000000000e+02
1.380000000000000000e+02
1.340000000000000000e+02
1.310000000000000000e+02
1.240000000000000000e+02
1.210000000000000000e+02
