0.000000000000000000e+00
0.000000000000000000e+00
0.000000000000000000e+00
0.000000000000000000e+00
0.000000000000000000e+00
0.000000000000000000e+00
0.000000000000000000e+00
0.000000000000000000e+00
0.000000000000000000e+00
0.000000000000000000e+00
4.000000000000000000e+00
1.500000000000000000e+01
1.800000000000000000e+01
1.800000000000000000e+01
2.800000000000000000e+01
3.300000000000000000e+01
4.000000000000000000e+01
4.800000000000000000e+01
4.800000000000000000e+01
5.400000000000000000e+01
5.700000000000000000e+01
6.500000000000000000e+01
6.500000000000000000e+01
7.100000000000000000e+01
8.200000000000000000e+01
9.100000000000000000e+01
1.000000000000000000e+02
1.000000000000000000e+02
1.090000000000000000e+02
1.180000000000000000e+02
1.270000000000000000e+02
1.270000000000000000e+02
1.300000000000000000e+02
1.370000000000000000e+02
1.460000000000000000e+02
1.520000000000000000e+02
1.520000000000000000e+02
1.600000000000000000e+02
1.710000000000000000e+02
1.800000000000000000e+02
1.860000000000000000e+02
1.860000000000000000e+02
1.910000000000000000e+02
2.000000000000000000e+02
2.100000000000000000e+02
2.100000000000000000e+02
2.220000000000000000e+02
2.310000000000000000e+02
2.390000000000000000e+02
2.450000000000000000e+02
2.450000000000000000e+02
2.510000000000000000e+02
2.590000000000000000e+02
2.670000000000000000e+02
2.670000000000000000e+02
2.730000000000000000e+02
2.770000000000000000e+02
2.910000000000000000e+02
2.990000000000000000e+02
2.990000000000000000e+02
3.070000000000000000e+02
3.150000000000000000e+02
3.230000000000000000e+02
3.230000000000000000e+02
3.320000000000000000e+02
3.320000000000000000e+02
3.320000000000000000e+02
3.320000000000000000e+02
3.320000000000000000e+02
3.320000000000000000e+02
3.320000000000000000e+02
3.320000000000000000e+02
3.320000000000000000e+02
3.320000000000000000e+02
3.320000000000000000e+02
3.320000000000000000e+02
3.280000000000000000e+02
3.250000000000000000e+02
3.230000000000000000e+02
3.200000000000000000e+02
3.170000000000000000e+02
3.150000000000000000e+02
3.140000000000000000e+02
3.120000000000000000e+02
3.110000000000000000e+02
3.070000000000000000e+02
3.060000000000000000e+02
3.010000000000000000e+02
2.990000000000000000e+02
2.970000000000000000e+02
2.940000000000000000e+02
2.900000000000000000e+02
2.870000000000000000e+02
2.830000000000000000e+02
2.800000000000000000e+02
2.780000000000000000e+02
2.750000000000000000e+02
2.740000000000000000e+02
2.690000000000000000e+02
2.650000000000000000e+02
2.620000000000000000e+02
2.560000000000000000e+02
2.500000000000000000e+02
2.480000000000000000e+02
2.390000000000000000e+02
2.370000000000000000e+02
2.280000000000000000e+02
2.230000000000000000e+02
2.170000000000000000e+02
2.100000000000000000e+02
2.030000000000000000e+02
2.020000000000000000e+02
1.940000000000000000e+02
1.840000000000000000e+02
1.760000000000000000e+02
1.710000000000000000e+02
1.690000000000000000e+02
1.680000000000000000e+02
1.550000000000000000e+02
1.510000000000000000e+02
1.490000000000000000e+02
1.440000000000000000e+02
1.380000000000000000e+02
1.340000000000000000e+02
1.280000000000000000e+02
1.240000000000000000e+02
1.170000000000000000e+02
1.100000000000000000e+02
