0.000000000000000000e+00
0.000000000000000000e+00
0.000000000000000000e+00
0.000000000000000000e+00
0.000000000000000000e+00
0.000000000000000000e+00
0.000000000000000000e+00
0.000000000000000000e+00
0.000000000000000000e+00
0.000000000000000000e+00
0.000000000000000000e+00
0.000000000000000000e+00
0.000000000000000000e+00
0.000000000000000000e+00
0.000000000000000000e+00
1.100000000000000000e+01
1.500000000000000000e+01
2.300000000000000000e+01
2.300000000000000000e+01
3.000000000000000000e+01
3.400000000000000000e+01
4.200000000000000000e+01
4.200000000000000000e+01
5.200000000000000000e+01
5.900000000000000000e+01
6.800000000000000000e+01
7.400000000000000000e+01
7.400000000000000000e+01
7.800000000000000000e+01
9.000000000000000000e+01
9.800000000000000000e+01
9.800000000000000000e+01
1.130000000000000000e+02
1.230000000000000000e+02
1.320000000000000000e+02
1.350000000000000000e+02
1.350000000000000000e+02
1.460000000000000000e+02
1.540000000000000000e+02
1.600000000000000000e+02
1.650000000000000000e+02
1.650000000000000000e+02
1.710000000000000000e+02
1.800000000000000000e+02
1.880000000000000000e+02
1.880000000000000000e+02
1.970000000000000000e+02
2.060000000000000000e+02
2.110000000000000000e+02
2.190000000000000000e+02
2.190000000000000000e+02
2.340000000000000000e+02
2.410000000000000000e+02
2.470000000000000000e+02
2.470000000000000000e+02
2.570000000000000000e+02
2.650000000000000000e+02
2.720000000000000000e+02
2.770000000000000000e+02
2.770000000000000000e+02
2.830000000000000000e+02
2.900000000000000000e+02
3.040000000000000000e+02
3.040000000000000000e+02
3.110000000000000000e+02
3.110000000000000000e+02
3.110000000000000000e+02
3.110000000000000000e+02
3.110000000000000000e+02
3.110000000000000000e+02
3.110000000000000000e+02
3.110000000000000000e+02
3.110000000000000000e+02
3.110000000000000000e+02
3.110000000000000000e+02
3.110000000000000000e+02
3.110000000000000000e+02
3.110000000000000000e+02
3.110000000000000000e+02
3.110000000000000000e+02
3.110000000000000000e+02
3.100000000000000000e+02
3.100000000000000000e+02
3.080000000000000000e+02
3.060000000000000000e+02
3.060000000000000000e+02
3.050000000000000000e+02
3.040000000000000000e+02
3.020000000000000000e+02
2.990000000000000000e+02
2.950000000000000000e+02
2.910000000000000000e+02
2.900000000000000000e+02
2.890000000000000000e+02
2.850000000000000000e+02
2.820000000000000000e+02
2.800000000000000000e+02
2.780000000000000000e+02
2.760000000000000000e+02
2.720000000000000000e+02
2.690000000000000000e+02
2.650000000000000000e+02
2.600000000000000000e+02
2.530000000000000000e+02
2.490000000000000000e+02
2.450000000000000000e+02
2.410000000000000000e+02
2.350000000000000000e+02
2.300000000000000000e+02
2.260000000000000000e+02
2.190000000000000000e+02
2.150000000000000000e+02
2.050000000000000000e+02
2.020000000000000000e+02
1.960000000000000000e+02
1.960000000000000000e+02
1.930000000000000000e+02
1.890000000000000000e+02
1.820000000000000000e+02
1.760000000000000000e+02
1.650000000000000000e+02
1.550000000000000000e+02
1.490000000000000000e+02
1.460000000000000000e+02
1.430000000000000000e+02
1.380000000000000000e+02
1.300000000000000000e+02
1.270000000000000000e+02
