0.000000000000000000e+00
0.000000000000000000e+00
0.000000000000000000e+00
0.000000000000000000e+00
0.000000000000000000e+00
0.000000000000000000e+00
0.000000000000000000e+00
0.000000000000000000e+00
0.000000000000000000e+00
0.000000000000000000e+00
0.000000000000000000e+00
0.000000000000000000e+00
0.000000000000000000e+00
0.000000000000000000e+00
0.000000000000000000e+00
0.000000000000000000e+00
0.000000000000000000e+00
0.000000000000000000e+00
0.000000000000000000e+00
0.000000000000000000e+00
0.000000000000000000e+00
0.000000000000000000e+00
0.000000000000000000e+00
0.000000000000000000e+00
5.000000000000000000e+00
9.000000000000000000e+00
1.900000000000000000e+01
1.900000000000000000e+01
2.300000000000000000e+01
3.500000000000000000e+01
4.000000000000000000e+01
4.000000000000000000e+01
4.500000000000000000e+01
5.400000000000000000e+01
6.100000000000000000e+01
6.900000000000000000e+01
6.900000000000000000e+01
8.100000000000000000e+01
8.900000000000000000e+01
9.500000000000000000e+01
1.010000000000000000e+02
1.010000000000000000e+02
1.040000000000000000e+02
1.070000000000000000e+02
1.200000000000000000e+02
1.200000000000000000e+02
1.270000000000000000e+02
1.300000000000000000e+02
1.390000000000000000e+02
1.460000000000000000e+02
1.460000000000000000e+02
1.540000000000000000e+02
1.600000000000000000e+02
1.660000000000000000e+02
1.660000000000000000e+02
1.720000000000000000e+02
1.820000000000000000e+02
1.890000000000000000e+02
1.960000000000000000e+02
1.960000000000000000e+02
2.020000000000000000e+02
2.110000000000000000e+02
2.260000000000000000e+02
2.260000000000000000e+02
2.370000000000000000e+02
2.370000000000000000e+02
2.370000000000000000e+02
2.370000000000000000e+02
2.370000000000000000e+02
2.370000000000000000e+02
2.370000000000000000e+02
2.370000000000000000e+02
2.370000000000000000e+02
2.370000000000000000e+02
2.370000000000000000e+02
2.370000000000000000e+02
2.370000000000000000e+02
2.370000000000000000e+02
2.370000000000000000e+02
2.370000000000000000e+02
2.370000000000000000e+02
2.370000000000000000e+02
2.370000000000000000e+02
2.370000000000000000e+02
2.370000000000000000e+02
2.370000000000000000e+02
2.370000000000000000e+02
2.370000000000000000e+02
2.370000000000000000e+02
2.360000000000000000e+02
2.340000000000000000e+02
2.330000000000000000e+02
2.310000000000000000e+02
2.300000000000000000e+02
2.290000000000000000e+02
2.260000000000000000e+02
2.230000000000000000e+02
2.200000000000000000e+02
2.180000000000000000e+02
2.150000000000000000e+02
2.140000000000000000e+02
2.140000000000000000e+02
2.130000000000000000e+02
2.100000000000000000e+02
2.080000000000000000e+02
2.070000000000000000e+02
2.070000000000000000e+02
2.030000000000000000e+02
1.980000000000000000e+02
1.950000000000000000e+02
1.920000000000000000e+02
1.890000000000000000e+02
1.830000000000000000e+02
1.760000000000000000e+02
1.710000000000000000e+02
1.680000000000000000e+02
1.640000000000000000e+02
1.590000000000000000e+02
1.580000000000000000e+02
1.540000000000000000e+02
1.510000000000000000e+02
1.450000000000000000e+02
1.420000000000000000e+02
1.380000000000000000e+02
1.290000000000000000e+02
1.240000000000000000e+02
1.200000000000000000e+02
1.140000000000000000e+02
