0.000000000000000000e+00
0.000000000000000000e+00
0.000000000000000000e+00
0.000000000000000000e+00
0.000000000000000000e+00
0.000000000000000000e+00
0.000000000000000000e+00
0.000000000000000000e+00
0.000000000000000000e+00
0.000000000000000000e+00
0.000000000000000000e+00
0.000000000000000000e+00
1.000000000000000000e+00
1.000000000000000000e+00
5.000000000000000000e+00
8.000000000000000000e+00
1.700000000000000000e+01
2.200000000000000000e+01
2.200000000000000000e+01
3.500000000000000000e+01
4.300000000000000000e+01
4.700000000000000000e+01
4.700000000000000000e+01
4.900000000000000000e+01
5.900000000000000000e+01
6.400000000000000000e+01
7.500000000000000000e+01
7.500000000000000000e+01
8.000000000000000000e+01
8.900000000000000000e+01
9.900000000000000000e+01
9.900000000000000000e+01
1.070000000000000000e+02
1.180000000000000000e+02
1.250000000000000000e+02
1.350000000000000000e+02
1.350000000000000000e+02
1.420000000000000000e+02
1.510000000000000000e+02
1.620000000000000000e+02
1.710000000000000000e+02
1.710000000000000000e+02
1.830000000000000000e+02
1.940000000000000000e+02
1.990000000000000000e+02
1.990000000000000000e+02
2.030000000000000000e+02
2.110000000000000000e+02
2.210000000000000000e+02
2.250000000000000000e+02
2.250000000000000000e+02
2.310000000000000000e+02
2.340000000000000000e+02
2.400000000000000000e+02
2.400000000000000000e+02
2.470000000000000000e+02
2.580000000000000000e+02
2.680000000000000000e+02
2.780000000000000000e+02
2.780000000000000000e+02
2.860000000000000000e+02
2.900000000000000000e+02
2.960000000000000000e+02
2.960000000000000000e+02
3.030000000000000000e+02
3.030000000000000000e+02
3.030000000000000000e+02
3.030000000000000000e+02
3.030000000000000000e+02
3.030000000000000000e+02
3.030000000000000000e+02
3.030000000000000000e+02
3.030000000000000000e+02
3.030000000000000000e+02
3.030000000000000000e+02
3.030000000000000000e+02
3.030000000000000000e+02
3.030000000000000000e+02
3.030000000000000000e+02
3.030000000000000000e+02
3.030000000000000000e+02
3.030000000000000000e+02
3.030000000000000000e+02
3.020000000000000000e+02
3.010000000000000000e+02
3.000000000000000000e+02
2.980000000000000000e+02
2.950000000000000000e+02
2.920000000000000000e+02
2.910000000000000000e+02
2.890000000000000000e+02
2.870000000000000000e+02
2.840000000000000000e+02
2.830000000000000000e+02
2.820000000000000000e+02
2.770000000000000000e+02
2.670000000000000000e+02
2.640000000000000000e+02
2.570000000000000000e+02
2.510000000000000000e+02
2.450000000000000000e+02
2.440000000000000000e+02
2.390000000000000000e+02
2.340000000000000000e+02
2.320000000000000000e+02
2.270000000000000000e+02
2.200000000000000000e+02
2.130000000000000000e+02
2.090000000000000000e+02
2.010000000000000000e+02
1.990000000000000000e+02
1.950000000000000000e+02
1.900000000000000000e+02
1.850000000000000000e+02
1.820000000000000000e+02
1.780000000000000000e+02
1.720000000000000000e+02
1.690000000000000000e+02
1.670000000000000000e+02
1.630000000000000000e+02
1.610000000000000000e+02
1.550000000000000000e+02
1.470000000000000000e+02
1.430000000000000000e+02
1.370000000000000000e+02
1.310000000000000000e+02
1.220000000000000000e+02
1.180000000000000000e+02
