0.000000000000000000e+00
0.000000000000000000e+00
0.000000000000000000e+00
0.000000000000000000e+00
0.000000000000000000e+00
0.000000000000000000e+00
0.000000000000000000e+00
0.000000000000000000e+00
0.000000000000000000e+00
0.000000000000000000e+00
0.000000000000000000e+00
0.000000000000000000e+00
0.000000000000000000e+00
0.000000000000000000e+00
0.000000000000000000e+00
0.000000000000000000e+00
0.000000000000000000e+00
0.000000000000000000e+00
0.000000000000000000e+00
5.000000000000000000e+00
1.100000000000000000e+01
1.400000000000000000e+01
1.400000000000000000e+01
2.000000000000000000e+01
2.500000000000000000e+01
2.900000000000000000e+01
3.600000000000000000e+01
3.600000000000000000e+01
4.400000000000000000e+01
5.000000000000000000e+01
5.600000000000000000e+01
5.600000000000000000e+01
6.200000000000000000e+01
7.400000000000000000e+01
7.800000000000000000e+01
8.200000000000000000e+01
8.200000000000000000e+01
9.000000000000000000e+01
1.000000000000000000e+02
1.090000000000000000e+02
1.180000000000000000e+02
1.180000000000000000e+02
1.230000000000000000e+02
1.290000000000000000e+02
1.370000000000000000e+02
1.370000000000000000e+02
1.450000000000000000e+02
1.540000000000000000e+02
1.650000000000000000e+02
1.750000000000000000e+02
1.750000000000000000e+02
1.810000000000000000e+02
1.890000000000000000e+02
1.990000000000000000e+02
1.990000000000000000e+02
2.080000000000000000e+02
2.120000000000000000e+02
2.200000000000000000e+02
2.290000000000000000e+02
2.290000000000000000e+02
2.380000000000000000e+02
2.430000000000000000e+02
2.550000000000000000e+02
2.550000000000000000e+02
2.610000000000000000e+02
2.610000000000000000e+02
2.610000000000000000e+02
2.610000000000000000e+02
2.610000000000000000e+02
2.610000000000000000e+02
2.610000000000000000e+02
2.610000000000000000e+02
2.610000000000000000e+02
2.610000000000000000e+02
2.610000000000000000e+02
2.610000000000000000e+02
2.610000000000000000e+02
2.610000000000000000e+02
2.610000000000000000e+02
2.610000000000000000e+02
2.610000000000000000e+02
2.610000000000000000e+02
2.610000000000000000e+02
2.610000000000000000e+02
2.610000000000000000e+02
2.600000000000000000e+02
2.600000000000000000e+02
2.570000000000000000e+02
2.540000000000000000e+02
2.530000000000000000e+02
2.520000000000000000e+02
2.500000000000000000e+02
2.490000000000000000e+02
2.480000000000000000e+02
2.470000000000000000e+02
2.430000000000000000e+02
2.410000000000000000e+02
2.390000000000000000e+02
2.380000000000000000e+02
2.330000000000000000e+02
2.310000000000000000e+02
2.280000000000000000e+02
2.210000000000000000e+02
2.180000000000000000e+02
2.120000000000000000e+02
2.090000000000000000e+02
2.030000000000000000e+02
2.000000000000000000e+02
1.980000000000000000e+02
1.940000000000000000e+02
1.880000000000000000e+02
1.850000000000000000e+02
1.820000000000000000e+02
1.760000000000000000e+02
1.730000000000000000e+02
1.710000000000000000e+02
1.670000000000000000e+02
1.610000000000000000e+02
1.570000000000000000e+02
1.500000000000000000e+02
1.500000000000000000e+02
1.450000000000000000e+02
1.410000000000000000e+02
1.360000000000000000e+02
1.280000000000000000e+02
1.210000000000000000e+02
1.130000000000000000e+02
1.060000000000000000e+02
