0.000000000000000000e+00
0.000000000000000000e+00
0.000000000000000000e+00
0.000000000000000000e+00
0.000000000000000000e+00
0.000000000000000000e+00
0.000000000000000000e+00
0.000000000000000000e+00
0.000000000000000000e+00
0.000000000000000000e+00
2.000000000000000000e+00
1.100000000000000000e+01
1.600000000000000000e+01
1.600000000000000000e+01
2.100000000000000000e+01
2.700000000000000000e+01
3.300000000000000000e+01
4.300000000000000000e+01
4.300000000000000000e+01
4.700000000000000000e+01
5.700000000000000000e+01
6.800000000000000000e+01
6.800000000000000000e+01
7.900000000000000000e+01
8.900000000000000000e+01
9.600000000000000000e+01
1.020000000000000000e+02
1.020000000000000000e+02
1.100000000000000000e+02
1.150000000000000000e+02
1.240000000000000000e+02
1.240000000000000000e+02
1.360000000000000000e+02
1.450000000000000000e+02
1.540000000000000000e+02
1.580000000000000000e+02
1.580000000000000000e+02
1.640000000000000000e+02
1.690000000000000000e+02
1.760000000000000000e+02
1.810000000000000000e+02
1.810000000000000000e+02
1.900000000000000000e+02
1.950000000000000000e+02
2.040000000000000000e+02
2.040000000000000000e+02
2.100000000000000000e+02
2.180000000000000000e+02
2.260000000000000000e+02
2.300000000000000000e+02
2.300000000000000000e+02
2.380000000000000000e+02
2.460000000000000000e+02
2.510000000000000000e+02
2.510000000000000000e+02
2.580000000000000000e+02
2.670000000000000000e+02
2.730000000000000000e+02
2.840000000000000000e+02
2.840000000000000000e+02
2.940000000000000000e+02
3.000000000000000000e+02
3.150000000000000000e+02
3.150000000000000000e+02
3.200000000000000000e+02
3.200000000000000000e+02
3.200000000000000000e+02
3.200000000000000000e+02
3.200000000000000000e+02
3.200000000000000000e+02
3.200000000000000000e+02
3.200000000000000000e+02
3.200000000000000000e+02
3.200000000000000000e+02
3.200000000000000000e+02
3.200000000000000000e+02
3.200000000000000000e+02
3.200000000000000000e+02
3.190000000000000000e+02
3.180000000000000000e+02
3.120000000000000000e+02
3.100000000000000000e+02
3.080000000000000000e+02
3.080000000000000000e+02
3.030000000000000000e+02
3.010000000000000000e+02
2.980000000000000000e+02
2.930000000000000000e+02
2.890000000000000000e+02
2.870000000000000000e+02
2.850000000000000000e+02
2.820000000000000000e+02
2.790000000000000000e+02
2.760000000000000000e+02
2.740000000000000000e+02
2.710000000000000000e+02
2.660000000000000000e+02
2.600000000000000000e+02
2.570000000000000000e+02
2.550000000000000000e+02
2.490000000000000000e+02
2.450000000000000000e+02
2.430000000000000000e+02
2.390000000000000000e+02
2.330000000000000000e+02
2.320000000000000000e+02
2.300000000000000000e+02
2.250000000000000000e+02
2.170000000000000000e+02
2.130000000000000000e+02
2.070000000000000000e+02
2.020000000000000000e+02
2.000000000000000000e+02
1.940000000000000000e+02
1.900000000000000000e+02
1.850000000000000000e+02
1.760000000000000000e+02
1.720000000000000000e+02
1.660000000000000000e+02
1.640000000000000000e+02
1.540000000000000000e+02
1.470000000000000000e+02
1.410000000000000000e+02
1.340000000000000000e+02
1.310000000000000000e+02
1.280000000000000000e+02
1.210000000000000000e+02
1.160000000000000000e+02
