0.000000000000000000e+00
0.000000000000000000e+00
0.000000000000000000e+00
0.000000000000000000e+00
0.000000000000000000e+00
0.000000000000000000e+00
0.000000000000000000e+00
0.000000000000000000e+00
0.000000000000000000e+00
0.000000000000000000e+00
0.000000000000000000e+00
0.000000000000000000e+00
0.000000000000000000e+00
0.000000000000000000e+00
1.000000000000000000e+00
8.000000000000000000e+00
1.400000000000000000e+01
1.700000000000000000e+01
1.700000000000000000e+01
2.000000000000000000e+01
2.700000000000000000e+01
3.300000000000000000e+01
3.300000000000000000e+01
4.300000000000000000e+01
5.400000000000000000e+01
6.400000000000000000e+01
6.700000000000000000e+01
6.700000000000000000e+01
7.300000000000000000e+01
8.900000000000000000e+01
9.600000000000000000e+01
9.600000000000000000e+01
1.050000000000000000e+02
1.090000000000000000e+02
1.120000000000000000e+02
1.200000000000000000e+02
1.200000000000000000e+02
1.280000000000000000e+02
1.300000000000000000e+02
1.390000000000000000e+02
1.480000000000000000e+02
1.480000000000000000e+02
1.540000000000000000e+02
1.600000000000000000e+02
1.660000000000000000e+02
1.660000000000000000e+02
1.770000000000000000e+02
1.860000000000000000e+02
1.980000000000000000e+02
2.110000000000000000e+02
2.110000000000000000e+02
2.200000000000000000e+02
2.280000000000000000e+02
2.320000000000000000e+02
2.320000000000000000e+02
2.350000000000000000e+02
2.420000000000000000e+02
2.530000000000000000e+02
2.630000000000000000e+02
2.630000000000000000e+02
2.740000000000000000e+02
2.830000000000000000e+02
2.940000000000000000e+02
2.940000000000000000e+02
2.980000000000000000e+02
2.980000000000000000e+02
2.980000000000000000e+02
2.980000000000000000e+02
2.980000000000000000e+02
2.980000000000000000e+02
2.980000000000000000e+02
2.980000000000000000e+02
2.980000000000000000e+02
2.980000000000000000e+02
2.980000000000000000e+02
2.980000000000000000e+02
2.980000000000000000e+02
2.980000000000000000e+02
2.980000000000000000e+02
2.980000000000000000e+02
2.980000000000000000e+02
2.970000000000000000e+02
2.970000000000000000e+02
2.970000000000000000e+02
2.960000000000000000e+02
2.950000000000000000e+02
2.940000000000000000e+02
2.920000000000000000e+02
2.920000000000000000e+02
2.900000000000000000e+02
2.860000000000000000e+02
2.810000000000000000e+02
2.800000000000000000e+02
2.800000000000000000e+02
2.770000000000000000e+02
2.720000000000000000e+02
2.710000000000000000e+02
2.680000000000000000e+02
2.670000000000000000e+02
2.600000000000000000e+02
2.590000000000000000e+02
2.570000000000000000e+02
2.480000000000000000e+02
2.450000000000000000e+02
2.420000000000000000e+02
2.400000000000000000e+02
2.370000000000000000e+02
2.320000000000000000e+02
2.310000000000000000e+02
2.260000000000000000e+02
2.230000000000000000e+02
2.180000000000000000e+02
2.150000000000000000e+02
2.100000000000000000e+02
2.070000000000000000e+02
1.990000000000000000e+02
1.910000000000000000e+02
1.860000000000000000e+02
1.810000000000000000e+02
1.760000000000000000e+02
1.700000000000000000e+02
1.660000000000000000e+02
1.620000000000000000e+02
1.510000000000000000e+02
1.450000000000000000e+02
1.350000000000000000e+02
1.290000000000000000e+02
1.230000000000000000e+02
