0.000000000000000000e+00
0.000000000000000000e+00
0.000000000000000000e+00
0.000000000000000000e+00
0.000000000000000000e+00
0.000000000000000000e+00
0.000000000000000000e+00
0.000000000000000000e+00
0.000000000000000000e+00
0.000000000000000000e+00
0.000000000000000000e+00
0.000000000000000000e+00
0.000000000000000000e+00
0.000000000000000000e+00
0.000000000000000000e+00
0.000000000000000000e+00
0.000000000000000000e+00
0.000000000000000000e+00
0.000000000000000000e+00
0.000000000000000000e+00
0.000000000000000000e+00
0.000000000000000000e+00
0.000000000000000000e+00
0.000000000000000000e+00
4.000000000000000000e+00
8.000000000000000000e+00
1.300000000000000000e+01
1.300000000000000000e+01
1.900000000000000000e+01
3.000000000000000000e+01
3.500000000000000000e+01
3.500000000000000000e+01
4.200000000000000000e+01
5.300000000000000000e+01
5.700000000000000000e+01
6.500000000000000000e+01
6.500000000000000000e+01
7.200000000000000000e+01
8.000000000000000000e+01
9.000000000000000000e+01
9.500000000000000000e+01
9.500000000000000000e+01
1.070000000000000000e+02
1.140000000000000000e+02
1.200000000000000000e+02
1.200000000000000000e+02
1.260000000000000000e+02
1.370000000000000000e+02
1.440000000000000000e+02
1.480000000000000000e+02
1.480000000000000000e+02
1.530000000000000000e+02
1.610000000000000000e+02
1.690000000000000000e+02
1.690000000000000000e+02
1.780000000000000000e+02
1.840000000000000000e+02
1.910000000000000000e+02
2.020000000000000000e+02
2.020000000000000000e+02
2.060000000000000000e+02
2.150000000000000000e+02
2.200000000000000000e+02
2.200000000000000000e+02
2.240000000000000000e+02
2.240000000000000000e+02
2.240000000000000000e+02
2.240000000000000000e+02
2.240000000000000000e+02
2.240000000000000000e+02
2.240000000000000000e+02
2.240000000000000000e+02
2.240000000000000000e+02
2.240000000000000000e+02
2.240000000000000000e+02
2.240000000000000000e+02
2.240000000000000000e+02
2.240000000000000000e+02
2.240000000000000000e+02
2.240000000000000000e+02
2.240000000000000000e+02
2.240000000000000000e+02
2.240000000000000000e+02
2.240000000000000000e+02
2.240000000000000000e+02
2.240000000000000000e+02
2.240000000000000000e+02
2.240000000000000000e+02
2.230000000000000000e+02
2.210000000000000000e+02
2.190000000000000000e+02
2.170000000000000000e+02
2.160000000000000000e+02
2.150000000000000000e+02
2.130000000000000000e+02
2.120000000000000000e+02
2.100000000000000000e+02
2.080000000000000000e+02
2.040000000000000000e+02
2.000000000000000000e+02
2.000000000000000000e+02
1.960000000000000000e+02
1.910000000000000000e+02
1.890000000000000000e+02
1.860000000000000000e+02
1.830000000000000000e+02
1.820000000000000000e+02
1.810000000000000000e+02
1.780000000000000000e+02
1.760000000000000000e+02
1.720000000000000000e+02
1.690000000000000000e+02
1.690000000000000000e+02
1.600000000000000000e+02
1.560000000000000000e+02
1.510000000000000000e+02
1.490000000000000000e+02
1.420000000000000000e+02
1.360000000000000000e+02
1.320000000000000000e+02
1.280000000000000000e+02
1.240000000000000000e+02
1.230000000000000000e+02
1.180000000000000000e+02
1.130000000000000000e+02
1.040000000000000000e+02
9.700000000000000000e+01
9.400000000000000000e+01
