0.000000000000000000e+00
0.000000000000000000e+00
0.000000000000000000e+00
0.000000000000000000e+00
0.000000000000000000e+00
0.000000000000000000e+00
0.000000000000000000e+00
0.000000000000000000e+00
2.000000000000000000e+00
2.000000000000000000e+00
9.000000000000000000e+00
1.400000000000000000e+01
2.400000000000000000e+01
2.400000000000000000e+01
2.500000000000000000e+01
3.300000000000000000e+01
4.100000000000000000e+01
5.200000000000000000e+01
5.200000000000000000e+01
6.300000000000000000e+01
7.000000000000000000e+01
7.400000000000000000e+01
7.400000000000000000e+01
8.400000000000000000e+01
8.800000000000000000e+01
9.700000000000000000e+01
1.060000000000000000e+02
1.060000000000000000e+02
1.120000000000000000e+02
1.220000000000000000e+02
1.340000000000000000e+02
1.340000000000000000e+02
1.420000000000000000e+02
1.480000000000000000e+02
1.540000000000000000e+02
1.620000000000000000e+02
1.620000000000000000e+02
1.660000000000000000e+02
1.770000000000000000e+02
1.870000000000000000e+02
1.990000000000000000e+02
1.990000000000000000e+02
2.030000000000000000e+02
2.090000000000000000e+02
2.160000000000000000e+02
2.160000000000000000e+02
2.300000000000000000e+02
2.380000000000000000e+02
2.530000000000000000e+02
2.590000000000000000e+02
2.590000000000000000e+02
2.630000000000000000e+02
2.700000000000000000e+02
2.810000000000000000e+02
2.810000000000000000e+02
2.890000000000000000e+02
2.950000000000000000e+02
3.040000000000000000e+02
3.120000000000000000e+02
3.120000000000000000e+02
3.180000000000000000e+02
3.220000000000000000e+02
3.280000000000000000e+02
3.280000000000000000e+02
3.350000000000000000e+02
3.350000000000000000e+02
3.350000000000000000e+02
3.350000000000000000e+02
3.350000000000000000e+02
3.350000000000000000e+02
3.350000000000000000e+02
3.350000000000000000e+02
3.350000000000000000e+02
3.350000000000000000e+02
3.350000000000000000e+02
3.340000000000000000e+02
3.310000000000000000e+02
3.300000000000000000e+02
3.280000000000000000e+02
3.270000000000000000e+02
3.240000000000000000e+02
3.220000000000000000e+02
3.220000000000000000e+02
3.200000000000000000e+02
3.170000000000000000e+02
3.160000000000000000e+02
3.130000000000000000e+02
3.130000000000000000e+02
3.130000000000000000e+02
3.100000000000000000e+02
3.080000000000000000e+02
3.050000000000000000e+02
3.010000000000000000e+02
2.990000000000000000e+02
2.940000000000000000e+02
2.880000000000000000e+02
2.850000000000000000e+02
2.830000000000000000e+02
2.770000000000000000e+02
2.760000000000000000e+02
2.700000000000000000e+02
2.650000000000000000e+02
2.590000000000000000e+02
2.510000000000000000e+02
2.450000000000000000e+02
2.370000000000000000e+02
2.350000000000000000e+02
2.320000000000000000e+02
2.250000000000000000e+02
2.220000000000000000e+02
2.160000000000000000e+02
2.130000000000000000e+02
2.100000000000000000e+02
1.990000000000000000e+02
1.950000000000000000e+02
1.890000000000000000e+02
1.840000000000000000e+02
1.770000000000000000e+02
1.700000000000000000e+02
1.650000000000000000e+02
1.580000000000000000e+02
1.520000000000000000e+02
1.420000000000000000e+02
1.360000000000000000e+02
1.350000000000000000e+02
1.270000000000000000e+02
1.250000000000000000e+02
1.200000000000000000e+02
