0.000000000000000000e+00
0.000000000000000000e+00
0.000000000000000000e+00
0.000000000000000000e+00
0.000000000000000000e+00
0.000000000000000000e+00
0.000000000000000000e+00
0.000000000000000000e+00
0.000000000000000000e+00
0.000000000000000000e+00
0.000000000000000000e+00
0.000000000000000000e+00
0.000000000000000000e+00
0.000000000000000000e+00
0.000000000000000000e+00
0.000000000000000000e+00
0.000000000000000000e+00
0.000000000000000000e+00
0.000000000000000000e+00
0.000000000000000000e+00
0.000000000000000000e+00
0.000000000000000000e+00
0.000000000000000000e+00
1.000000000000000000e+00
1.100000000000000000e+01
2.100000000000000000e+01
2.800000000000000000e+01
2.800000000000000000e+01
3.300000000000000000e+01
3.700000000000000000e+01
4.000000000000000000e+01
4.000000000000000000e+01
4.500000000000000000e+01
4.900000000000000000e+01
5.500000000000000000e+01
6.600000000000000000e+01
6.600000000000000000e+01
7.100000000000000000e+01
7.700000000000000000e+01
8.700000000000000000e+01
9.400000000000000000e+01
9.400000000000000000e+01
1.070000000000000000e+02
1.190000000000000000e+02
1.270000000000000000e+02
1.270000000000000000e+02
1.390000000000000000e+02
1.470000000000000000e+02
1.540000000000000000e+02
1.640000000000000000e+02
1.640000000000000000e+02
1.730000000000000000e+02
1.760000000000000000e+02
1.850000000000000000e+02
1.850000000000000000e+02
1.910000000000000000e+02
2.050000000000000000e+02
2.140000000000000000e+02
2.200000000000000000e+02
2.200000000000000000e+02
2.240000000000000000e+02
2.370000000000000000e+02
2.480000000000000000e+02
2.480000000000000000e+02
2.550000000000000000e+02
2.550000000000000000e+02
2.550000000000000000e+02
2.550000000000000000e+02
2.550000000000000000e+02
2.550000000000000000e+02
2.550000000000000000e+02
2.550000000000000000e+02
2.550000000000000000e+02
2.550000000000000000e+02
2.550000000000000000e+02
2.550000000000000000e+02
2.550000000000000000e+02
2.550000000000000000e+02
2.550000000000000000e+02
2.550000000000000000e+02
2.550000000000000000e+02
2.550000000000000000e+02
2.550000000000000000e+02
2.550000000000000000e+02
2.550000000000000000e+02
2.550000000000000000e+02
2.550000000000000000e+02
2.550000000000000000e+02
2.550000000000000000e+02
2.530000000000000000e+02
2.520000000000000000e+02
2.500000000000000000e+02
2.470000000000000000e+02
2.460000000000000000e+02
2.440000000000000000e+02
2.420000000000000000e+02
2.410000000000000000e+02
2.400000000000000000e+02
2.400000000000000000e+02
2.360000000000000000e+02
2.330000000000000000e+02
2.300000000000000000e+02
2.280000000000000000e+02
2.240000000000000000e+02
2.220000000000000000e+02
2.190000000000000000e+02
2.180000000000000000e+02
2.150000000000000000e+02
2.140000000000000000e+02
2.120000000000000000e+02
2.070000000000000000e+02
2.030000000000000000e+02
1.980000000000000000e+02
1.970000000000000000e+02
1.920000000000000000e+02
1.870000000000000000e+02
1.840000000000000000e+02
1.800000000000000000e+02
1.760000000000000000e+02
1.710000000000000000e+02
1.670000000000000000e+02
1.600000000000000000e+02
1.560000000000000000e+02
1.550000000000000000e+02
1.500000000000000000e+02
1.420000000000000000e+02
1.360000000000000000e+02
1.300000000000000000e+02
