0.000000000000000000e+00
0.000000000000000000e+00
0.000000000000000000e+00
0.000000000000000000e+00
0.000000000000000000e+00
0.000000000000000000e+00
0.000000000000000000e+00
0.000000000000000000e+00
0.000000000000000000e+00
0.000000000000000000e+00
0.000000000000000000e+00
0.000000000000000000e+00
0.000000000000000000e+00
0.000000000000000000e+00
0.000000000000000000e+00
0.000000000000000000e+00
0.000000000000000000e+00
0.000000000000000000e+00
0.000000000000000000e+00
0.000000000000000000e+00
0.000000000000000000e+00
0.000000000000000000e+00
0.000000000000000000e+00
8.000000000000000000e+00
1.600000000000000000e+01
2.300000000000000000e+01
2.700000000000000000e+01
2.700000000000000000e+01
3.500000000000000000e+01
3.900000000000000000e+01
4.800000000000000000e+01
4.800000000000000000e+01
5.900000000000000000e+01
6.300000000000000000e+01
7.200000000000000000e+01
8.300000000000000000e+01
8.300000000000000000e+01
8.900000000000000000e+01
9.500000000000000000e+01
1.060000000000000000e+02
1.130000000000000000e+02
1.130000000000000000e+02
1.200000000000000000e+02
1.250000000000000000e+02
1.360000000000000000e+02
1.360000000000000000e+02
1.410000000000000000e+02
1.450000000000000000e+02
1.490000000000000000e+02
1.580000000000000000e+02
1.580000000000000000e+02
1.660000000000000000e+02
1.720000000000000000e+02
1.750000000000000000e+02
1.750000000000000000e+02
1.840000000000000000e+02
1.910000000000000000e+02
1.980000000000000000e+02
2.120000000000000000e+02
2.120000000000000000e+02
2.180000000000000000e+02
2.280000000000000000e+02
2.300000000000000000e+02
2.300000000000000000e+02
2.340000000000000000e+02
2.340000000000000000e+02
2.340000000000000000e+02
2.340000000000000000e+02
2.340000000000000000e+02
2.340000000000000000e+02
2.340000000000000000e+02
2.340000000000000000e+02
2.340000000000000000e+02
2.340000000000000000e+02
2.340000000000000000e+02
2.340000000000000000e+02
2.340000000000000000e+02
2.340000000000000000e+02
2.340000000000000000e+02
2.340000000000000000e+02
2.340000000000000000e+02
2.340000000000000000e+02
2.340000000000000000e+02
2.340000000000000000e+02
2.340000000000000000e+02
2.340000000000000000e+02
2.340000000000000000e+02
2.340000000000000000e+02
2.340000000000000000e+02
2.340000000000000000e+02
2.320000000000000000e+02
2.320000000000000000e+02
2.310000000000000000e+02
2.290000000000000000e+02
2.270000000000000000e+02
2.260000000000000000e+02
2.220000000000000000e+02
2.180000000000000000e+02
2.160000000000000000e+02
2.140000000000000000e+02
2.120000000000000000e+02
2.110000000000000000e+02
2.080000000000000000e+02
2.060000000000000000e+02
2.020000000000000000e+02
1.980000000000000000e+02
1.930000000000000000e+02
1.880000000000000000e+02
1.830000000000000000e+02
1.760000000000000000e+02
1.720000000000000000e+02
1.690000000000000000e+02
1.660000000000000000e+02
1.620000000000000000e+02
1.580000000000000000e+02
1.530000000000000000e+02
1.520000000000000000e+02
1.490000000000000000e+02
1.450000000000000000e+02
1.400000000000000000e+02
1.390000000000000000e+02
1.350000000000000000e+02
1.310000000000000000e+02
1.300000000000000000e+02
1.270000000000000000e+02
1.230000000000000000e+02
1.220000000000000000e+02
1.190000000000000000e+02
