0.000000000000000000e+00
0.000000000000000000e+00
0.000000000000000000e+00
0.000000000000000000e+00
0.000000000000000000e+00
0.000000000000000000e+00
0.000000000000000000e+00
0.000000000000000000e+00
0.000000000000000000e+00
0.000000000000000000e+00
0.000000000000000000e+00
0.000000000000000000e+00
0.000000000000000000e+00
0.000000000000000000e+00
0.000000000000000000e+00
0.000000000000000000e+00
0.000000000000000000e+00
0.000000000000000000e+00
0.000000000000000000e+00
0.000000000000000000e+00
0.000000000000000000e+00
0.000000000000000000e+00
0.000000000000000000e+00
0.000000000000000000e+00
0.000000000000000000e+00
0.000000000000000000e+00
4.000000000000000000e+00
4.000000000000000000e+00
1.300000000000000000e+01
2.700000000000000000e+01
3.700000000000000000e+01
3.700000000000000000e+01
4.600000000000000000e+01
5.800000000000000000e+01
6.200000000000000000e+01
6.700000000000000000e+01
6.700000000000000000e+01
6.800000000000000000e+01
7.600000000000000000e+01
8.600000000000000000e+01
9.300000000000000000e+01
9.300000000000000000e+01
1.010000000000000000e+02
1.080000000000000000e+02
1.110000000000000000e+02
1.110000000000000000e+02
1.140000000000000000e+02
1.260000000000000000e+02
1.350000000000000000e+02
1.470000000000000000e+02
1.470000000000000000e+02
1.500000000000000000e+02
1.580000000000000000e+02
1.690000000000000000e+02
1.690000000000000000e+02
1.780000000000000000e+02
1.850000000000000000e+02
1.930000000000000000e+02
2.080000000000000000e+02
2.080000000000000000e+02
2.160000000000000000e+02
2.220000000000000000e+02
2.310000000000000000e+02
2.310000000000000000e+02
2.380000000000000000e+02
2.380000000000000000e+02
2.380000000000000000e+02
2.380000000000000000e+02
2.380000000000000000e+02
2.380000000000000000e+02
2.380000000000000000e+02
2.380000000000000000e+02
2.380000000000000000e+02
2.380000000000000000e+02
2.380000000000000000e+02
2.380000000000000000e+02
2.380000000000000000e+02
2.380000000000000000e+02
2.380000000000000000e+02
2.380000000000000000e+02
2.380000000000000000e+02
2.380000000000000000e+02
2.380000000000000000e+02
2.380000000000000000e+02
2.380000000000000000e+02
2.380000000000000000e+02
2.380000000000000000e+02
2.380000000000000000e+02
2.380000000000000000e+02
2.380000000000000000e+02
2.380000000000000000e+02
2.380000000000000000e+02
2.380000000000000000e+02
2.380000000000000000e+02
2.340000000000000000e+02
2.330000000000000000e+02
2.320000000000000000e+02
2.300000000000000000e+02
2.280000000000000000e+02
2.250000000000000000e+02
2.220000000000000000e+02
2.190000000000000000e+02
2.150000000000000000e+02
2.110000000000000000e+02
2.080000000000000000e+02
2.040000000000000000e+02
2.020000000000000000e+02
1.970000000000000000e+02
1.930000000000000000e+02
1.930000000000000000e+02
1.930000000000000000e+02
1.900000000000000000e+02
1.860000000000000000e+02
1.830000000000000000e+02
1.800000000000000000e+02
1.760000000000000000e+02
1.730000000000000000e+02
1.650000000000000000e+02
1.630000000000000000e+02
1.570000000000000000e+02
1.520000000000000000e+02
1.480000000000000000e+02
1.420000000000000000e+02
1.330000000000000000e+02
1.290000000000000000e+02
1.230000000000000000e+02
1.200000000000000000e+02
1.180000000000000000e+02
