0.000000000000000000e+00
0.000000000000000000e+00
0.000000000000000000e+00
0.000000000000000000e+00
0.000000000000000000e+00
0.000000000000000000e+00
0.000000000000000000e+00
0.000000000000000000e+00
0.000000000000000000e+00
0.000000000000000000e+00
0.000000000000000000e+00
0.000000000000000000e+00
0.000000000000000000e+00
0.000000000000000000e+00
0.000000000000000000e+00
0.000000000000000000e+00
0.000000000000000000e+00
2.000000000000000000e+00
2.000000000000000000e+00
5.000000000000000000e+00
1.000000000000000000e+01
1.900000000000000000e+01
1.900000000000000000e+01
3.000000000000000000e+01
3.600000000000000000e+01
4.300000000000000000e+01
5.800000000000000000e+01
5.800000000000000000e+01
6.400000000000000000e+01
6.900000000000000000e+01
7.400000000000000000e+01
7.400000000000000000e+01
8.600000000000000000e+01
9.800000000000000000e+01
1.030000000000000000e+02
1.100000000000000000e+02
1.100000000000000000e+02
1.130000000000000000e+02
1.230000000000000000e+02
1.270000000000000000e+02
1.370000000000000000e+02
1.370000000000000000e+02
1.410000000000000000e+02
1.470000000000000000e+02
1.540000000000000000e+02
1.540000000000000000e+02
1.620000000000000000e+02
1.670000000000000000e+02
1.790000000000000000e+02
1.820000000000000000e+02
1.820000000000000000e+02
1.930000000000000000e+02
1.990000000000000000e+02
2.060000000000000000e+02
2.060000000000000000e+02
2.160000000000000000e+02
2.230000000000000000e+02
2.300000000000000000e+02
2.390000000000000000e+02
2.390000000000000000e+02
2.480000000000000000e+02
2.510000000000000000e+02
2.610000000000000000e+02
2.610000000000000000e+02
2.700000000000000000e+02
2.700000000000000000e+02
2.700000000000000000e+02
2.700000000000000000e+02
2.700000000000000000e+02
2.700000000000000000e+02
2.700000000000000000e+02
2.700000000000000000e+02
2.700000000000000000e+02
2.700000000000000000e+02
2.700000000000000000e+02
2.700000000000000000e+02
2.700000000000000000e+02
2.700000000000000000e+02
2.700000000000000000e+02
2.700000000000000000e+02
2.700000000000000000e+02
2.700000000000000000e+02
2.700000000000000000e+02
2.700000000000000000e+02
2.700000000000000000e+02
2.690000000000000000e+02
2.690000000000000000e+02
2.690000000000000000e+02
2.670000000000000000e+02
2.650000000000000000e+02
2.640000000000000000e+02
2.640000000000000000e+02
2.640000000000000000e+02
2.600000000000000000e+02
2.580000000000000000e+02
2.570000000000000000e+02
2.540000000000000000e+02
2.500000000000000000e+02
2.470000000000000000e+02
2.440000000000000000e+02
2.420000000000000000e+02
2.380000000000000000e+02
2.340000000000000000e+02
2.300000000000000000e+02
2.230000000000000000e+02
2.200000000000000000e+02
2.160000000000000000e+02
2.100000000000000000e+02
2.050000000000000000e+02
2.020000000000000000e+02
1.980000000000000000e+02
1.940000000000000000e+02
1.910000000000000000e+02
1.900000000000000000e+02
1.860000000000000000e+02
1.820000000000000000e+02
1.760000000000000000e+02
1.750000000000000000e+02
1.690000000000000000e+02
1.600000000000000000e+02
1.550000000000000000e+02
1.510000000000000000e+02
1.450000000000000000e+02
1.420000000000000000e+02
1.300000000000000000e+02
1.240000000000000000e+02
1.210000000000000000e+02
1.190000000000000000e+02
