0.000000000000000000e+00
0.000000000000000000e+00
0.000000000000000000e+00
0.000000000000000000e+00
0.000000000000000000e+00
0.000000000000000000e+00
0.000000000000000000e+00
0.000000000000000000e+00
0.000000000000000000e+00
0.000000000000000000e+00
0.000000000000000000e+00
0.000000000000000000e+00
0.000000000000000000e+00
0.000000000000000000e+00
0.000000000000000000e+00
0.000000000000000000e+00
0.000000000000000000e+00
0.000000000000000000e+00
0.000000000000000000e+00
0.000000000000000000e+00
0.000000000000000000e+00
0.000000000000000000e+00
0.000000000000000000e+00
3.000000000000000000e+00
2.000000000000000000e+01
2.800000000000000000e+01
3.600000000000000000e+01
3.600000000000000000e+01
4.000000000000000000e+01
4.500000000000000000e+01
5.100000000000000000e+01
5.100000000000000000e+01
5.900000000000000000e+01
6.300000000000000000e+01
7.300000000000000000e+01
8.300000000000000000e+01
8.300000000000000000e+01
9.100000000000000000e+01
9.700000000000000000e+01
1.060000000000000000e+02
1.150000000000000000e+02
1.150000000000000000e+02
1.210000000000000000e+02
1.280000000000000000e+02
1.340000000000000000e+02
1.340000000000000000e+02
1.400000000000000000e+02
1.510000000000000000e+02
1.600000000000000000e+02
1.680000000000000000e+02
1.680000000000000000e+02
1.750000000000000000e+02
1.840000000000000000e+02
1.890000000000000000e+02
1.890000000000000000e+02
1.980000000000000000e+02
2.080000000000000000e+02
2.170000000000000000e+02
2.220000000000000000e+02
2.220000000000000000e+02
2.260000000000000000e+02
2.350000000000000000e+02
2.440000000000000000e+02
2.440000000000000000e+02
2.480000000000000000e+02
2.480000000000000000e+02
2.480000000000000000e+02
2.480000000000000000e+02
2.480000000000000000e+02
2.480000000000000000e+02
2.480000000000000000e+02
2.480000000000000000e+02
2.480000000000000000e+02
2.480000000000000000e+02
2.480000000000000000e+02
2.480000000000000000e+02
2.480000000000000000e+02
2.480000000000000000e+02
2.480000000000000000e+02
2.480000000000000000e+02
2.480000000000000000e+02
2.480000000000000000e+02
2.480000000000000000e+02
2.480000000000000000e+02
2.480000000000000000e+02
2.480000000000000000e+02
2.480000000000000000e+02
2.480000000000000000e+02
2.480000000000000000e+02
2.470000000000000000e+02
2.470000000000000000e+02
2.450000000000000000e+02
2.440000000000000000e+02
2.440000000000000000e+02
2.420000000000000000e+02
2.410000000000000000e+02
2.370000000000000000e+02
2.320000000000000000e+02
2.300000000000000000e+02
2.280000000000000000e+02
2.270000000000000000e+02
2.250000000000000000e+02
2.210000000000000000e+02
2.150000000000000000e+02
2.130000000000000000e+02
2.090000000000000000e+02
2.070000000000000000e+02
1.980000000000000000e+02
1.930000000000000000e+02
1.920000000000000000e+02
1.880000000000000000e+02
1.870000000000000000e+02
1.870000000000000000e+02
1.810000000000000000e+02
1.750000000000000000e+02
1.710000000000000000e+02
1.660000000000000000e+02
1.590000000000000000e+02
1.580000000000000000e+02
1.560000000000000000e+02
1.460000000000000000e+02
1.360000000000000000e+02
1.310000000000000000e+02
1.250000000000000000e+02
1.220000000000000000e+02
1.170000000000000000e+02
1.080000000000000000e+02
1.040000000000000000e+02
