0.000000000000000000e+00
0.000000000000000000e+00
0.000000000000000000e+00
0.000000000000000000e+00
0.000000000000000000e+00
0.000000000000000000e+00
0.000000000000000000e+00
0.000000000000000000e+00
0.000000000000000000e+00
0.000000000000000000e+00
0.000000000000000000e+00
0.000000000000000000e+00
0.000000000000000000e+00
0.000000000000000000e+00
1.000000000000000000e+00
2.000000000000000000e+00
5.000000000000000000e+00
1.300000000000000000e+01
1.300000000000000000e+01
2.000000000000000000e+01
3.300000000000000000e+01
3.700000000000000000e+01
3.700000000000000000e+01
4.400000000000000000e+01
5.200000000000000000e+01
5.700000000000000000e+01
6.500000000000000000e+01
6.500000000000000000e+01
7.200000000000000000e+01
8.000000000000000000e+01
8.700000000000000000e+01
8.700000000000000000e+01
9.200000000000000000e+01
1.000000000000000000e+02
1.090000000000000000e+02
1.180000000000000000e+02
1.180000000000000000e+02
1.230000000000000000e+02
1.330000000000000000e+02
1.370000000000000000e+02
1.500000000000000000e+02
1.500000000000000000e+02
1.570000000000000000e+02
1.650000000000000000e+02
1.710000000000000000e+02
1.710000000000000000e+02
1.780000000000000000e+02
1.830000000000000000e+02
1.920000000000000000e+02
2.010000000000000000e+02
2.010000000000000000e+02
2.080000000000000000e+02
2.190000000000000000e+02
2.280000000000000000e+02
2.280000000000000000e+02
2.370000000000000000e+02
2.470000000000000000e+02
2.560000000000000000e+02
2.610000000000000000e+02
2.610000000000000000e+02
2.720000000000000000e+02
2.790000000000000000e+02
2.880000000000000000e+02
2.880000000000000000e+02
2.900000000000000000e+02
2.900000000000000000e+02
2.900000000000000000e+02
2.900000000000000000e+02
2.900000000000000000e+02
2.900000000000000000e+02
2.900000000000000000e+02
2.900000000000000000e+02
2.900000000000000000e+02
2.900000000000000000e+02
2.900000000000000000e+02
2.900000000000000000e+02
2.900000000000000000e+02
2.900000000000000000e+02
2.900000000000000000e+02
2.900000000000000000e+02
2.900000000000000000e+02
2.890000000000000000e+02
2.890000000000000000e+02
2.890000000000000000e+02
2.880000000000000000e+02
2.880000000000000000e+02
2.880000000000000000e+02
2.870000000000000000e+02
2.870000000000000000e+02
2.850000000000000000e+02
2.820000000000000000e+02
2.790000000000000000e+02
2.750000000000000000e+02
2.730000000000000000e+02
2.700000000000000000e+02
2.620000000000000000e+02
2.580000000000000000e+02
2.530000000000000000e+02
2.510000000000000000e+02
2.470000000000000000e+02
2.420000000000000000e+02
2.410000000000000000e+02
2.360000000000000000e+02
2.310000000000000000e+02
2.270000000000000000e+02
2.250000000000000000e+02
2.200000000000000000e+02
2.200000000000000000e+02
2.150000000000000000e+02
2.120000000000000000e+02
2.090000000000000000e+02
2.040000000000000000e+02
2.000000000000000000e+02
1.920000000000000000e+02
1.860000000000000000e+02
1.790000000000000000e+02
1.760000000000000000e+02
1.700000000000000000e+02
1.650000000000000000e+02
1.580000000000000000e+02
1.550000000000000000e+02
1.480000000000000000e+02
1.380000000000000000e+02
1.310000000000000000e+02
1.270000000000000000e+02
1.210000000000000000e+02
1.150000000000000000e+02
1.080000000000000000e+02
