0.000000000000000000e+00
0.000000000000000000e+00
0.000000000000000000e+00
0.000000000000000000e+00
0.000000000000000000e+00
0.000000000000000000e+00
0.000000000000000000e+00
0.000000000000000000e+00
0.000000000000000000e+00
0.000000000000000000e+00
0.000000000000000000e+00
0.000000000000000000e+00
0.000000000000000000e+00
0.000000000000000000e+00
0.000000000000000000e+00
0.000000000000000000e+00
0.000000000000000000e+00
0.000000000000000000e+00
0.000000000000000000e+00
0.000000000000000000e+00
0.000000000000000000e+00
0.000000000000000000e+00
0.000000000000000000e+00
4.000000000000000000e+00
9.000000000000000000e+00
1.700000000000000000e+01
2.200000000000000000e+01
2.200000000000000000e+01
3.100000000000000000e+01
3.700000000000000000e+01
4.600000000000000000e+01
4.600000000000000000e+01
5.000000000000000000e+01
5.900000000000000000e+01
6.900000000000000000e+01
7.400000000000000000e+01
7.400000000000000000e+01
8.300000000000000000e+01
8.800000000000000000e+01
9.700000000000000000e+01
1.010000000000000000e+02
1.010000000000000000e+02
1.090000000000000000e+02
1.160000000000000000e+02
1.220000000000000000e+02
1.220000000000000000e+02
1.310000000000000000e+02
1.410000000000000000e+02
1.450000000000000000e+02
1.500000000000000000e+02
1.500000000000000000e+02
1.570000000000000000e+02
1.670000000000000000e+02
1.770000000000000000e+02
1.770000000000000000e+02
1.840000000000000000e+02
1.940000000000000000e+02
2.000000000000000000e+02
2.040000000000000000e+02
2.040000000000000000e+02
2.090000000000000000e+02
2.120000000000000000e+02
2.200000000000000000e+02
2.200000000000000000e+02
2.280000000000000000e+02
2.280000000000000000e+02
2.280000000000000000e+02
2.280000000000000000e+02
2.280000000000000000e+02
2.280000000000000000e+02
2.280000000000000000e+02
2.280000000000000000e+02
2.280000000000000000e+02
2.280000000000000000e+02
2.280000000000000000e+02
2.280000000000000000e+02
2.280000000000000000e+02
2.280000000000000000e+02
2.280000000000000000e+02
2.280000000000000000e+02
2.280000000000000000e+02
2.280000000000000000e+02
2.280000000000000000e+02
2.280000000000000000e+02
2.280000000000000000e+02
2.280000000000000000e+02
2.280000000000000000e+02
2.280000000000000000e+02
2.260000000000000000e+02
2.240000000000000000e+02
2.210000000000000000e+02
2.200000000000000000e+02
2.200000000000000000e+02
2.190000000000000000e+02
2.190000000000000000e+02
2.180000000000000000e+02
2.150000000000000000e+02
2.130000000000000000e+02
2.090000000000000000e+02
2.050000000000000000e+02
2.010000000000000000e+02
1.990000000000000000e+02
1.970000000000000000e+02
1.950000000000000000e+02
1.910000000000000000e+02
1.860000000000000000e+02
1.830000000000000000e+02
1.760000000000000000e+02
1.720000000000000000e+02
1.700000000000000000e+02
1.670000000000000000e+02
1.620000000000000000e+02
1.610000000000000000e+02
1.550000000000000000e+02
1.520000000000000000e+02
1.490000000000000000e+02
1.450000000000000000e+02
1.370000000000000000e+02
1.320000000000000000e+02
1.290000000000000000e+02
1.280000000000000000e+02
1.200000000000000000e+02
1.080000000000000000e+02
1.050000000000000000e+02
1.000000000000000000e+02
9.700000000000000000e+01
9.200000000000000000e+01
8.900000000000000000e+01
