0.000000000000000000e+00
0.000000000000000000e+00
0.000000000000000000e+00
0.000000000000000000e+00
0.000000000000000000e+00
0.000000000000000000e+00
0.000000000000000000e+00
0.000000000000000000e+00
0.000000000000000000e+00
0.000000000000000000e+00
0.000000000000000000e+00
0.000000000000000000e+00
0.000000000000000000e+00
0.000000000000000000e+00
0.000000000000000000e+00
0.000000000000000000e+00
0.000000000000000000e+00
0.000000000000000000e+00
0.000000000000000000e+00
6.000000000000000000e+00
1.300000000000000000e+01
1.900000000000000000e+01
1.900000000000000000e+01
2.400000000000000000e+01
3.100000000000000000e+01
3.600000000000000000e+01
4.200000000000000000e+01
4.200000000000000000e+01
4.700000000000000000e+01
5.000000000000000000e+01
6.000000000000000000e+01
6.000000000000000000e+01
6.400000000000000000e+01
6.800000000000000000e+01
7.800000000000000000e+01
8.800000000000000000e+01
8.800000000000000000e+01
9.700000000000000000e+01
1.040000000000000000e+02
1.100000000000000000e+02
1.190000000000000000e+02
1.190000000000000000e+02
1.290000000000000000e+02
1.360000000000000000e+02
1.430000000000000000e+02
1.430000000000000000e+02
1.540000000000000000e+02
1.630000000000000000e+02
1.720000000000000000e+02
1.760000000000000000e+02
1.760000000000000000e+02
1.840000000000000000e+02
1.960000000000000000e+02
2.080000000000000000e+02
2.080000000000000000e+02
2.170000000000000000e+02
2.210000000000000000e+02
2.280000000000000000e+02
2.350000000000000000e+02
2.350000000000000000e+02
2.450000000000000000e+02
2.550000000000000000e+02
2.590000000000000000e+02
2.590000000000000000e+02
2.680000000000000000e+02
2.680000000000000000e+02
2.680000000000000000e+02
2.680000000000000000e+02
2.680000000000000000e+02
2.680000000000000000e+02
2.680000000000000000e+02
2.680000000000000000e+02
2.680000000000000000e+02
2.680000000000000000e+02
2.680000000000000000e+02
2.680000000000000000e+02
2.680000000000000000e+02
2.680000000000000000e+02
2.680000000000000000e+02
2.680000000000000000e+02
2.680000000000000000e+02
2.680000000000000000e+02
2.680000000000000000e+02
2.680000000000000000e+02
2.680000000000000000e+02
2.670000000000000000e+02
2.670000000000000000e+02
2.660000000000000000e+02
2.630000000000000000e+02
2.620000000000000000e+02
2.600000000000000000e+02
2.580000000000000000e+02
2.560000000000000000e+02
2.540000000000000000e+02
2.490000000000000000e+02
2.480000000000000000e+02
2.470000000000000000e+02
2.450000000000000000e+02
2.450000000000000000e+02
2.430000000000000000e+02
2.400000000000000000e+02
2.340000000000000000e+02
2.320000000000000000e+02
2.290000000000000000e+02
2.260000000000000000e+02
2.240000000000000000e+02
2.180000000000000000e+02
2.160000000000000000e+02
2.090000000000000000e+02
2.030000000000000000e+02
2.020000000000000000e+02
1.980000000000000000e+02
1.940000000000000000e+02
1.890000000000000000e+02
1.840000000000000000e+02
1.800000000000000000e+02
1.750000000000000000e+02
1.730000000000000000e+02
1.690000000000000000e+02
1.600000000000000000e+02
1.570000000000000000e+02
1.530000000000000000e+02
1.490000000000000000e+02
1.410000000000000000e+02
1.380000000000000000e+02
1.340000000000000000e+02
1.260000000000000000e+02
1.190000000000000000e+02
