0.000000000000000000e+00
0.000000000000000000e+00
0.000000000000000000e+00
0.000000000000000000e+00
0.000000000000000000e+00
0.000000000000000000e+00
0.000000000000000000e+00
0.000000000000000000e+00
0.000000000000000000e+00
0.000000000000000000e+00
0.000000000000000000e+00
0.000000000000000000e+00
0.000000000000000000e+00
0.000000000000000000e+00
0.000000000000000000e+00
0.000000000000000000e+00
3.000000000000000000e+00
5.000000000000000000e+00
5.000000000000000000e+00
9.000000000000000000e+00
2.000000000000000000e+01
2.700000000000000000e+01
2.700000000000000000e+01
3.800000000000000000e+01
4.500000000000000000e+01
4.900000000000000000e+01
5.300000000000000000e+01
5.300000000000000000e+01
6.200000000000000000e+01
7.300000000000000000e+01
8.500000000000000000e+01
8.500000000000000000e+01
8.900000000000000000e+01
9.700000000000000000e+01
1.070000000000000000e+02
1.140000000000000000e+02
1.140000000000000000e+02
1.170000000000000000e+02
1.240000000000000000e+02
1.300000000000000000e+02
1.380000000000000000e+02
1.380000000000000000e+02
1.470000000000000000e+02
1.530000000000000000e+02
1.630000000000000000e+02
1.630000000000000000e+02
1.720000000000000000e+02
1.750000000000000000e+02
1.810000000000000000e+02
1.840000000000000000e+02
1.840000000000000000e+02
1.900000000000000000e+02
1.980000000000000000e+02
2.070000000000000000e+02
2.070000000000000000e+02
2.120000000000000000e+02
2.190000000000000000e+02
2.250000000000000000e+02
2.310000000000000000e+02
2.310000000000000000e+02
2.450000000000000000e+02
2.530000000000000000e+02
2.640000000000000000e+02
2.640000000000000000e+02
2.710000000000000000e+02
2.710000000000000000e+02
2.710000000000000000e+02
2.710000000000000000e+02
2.710000000000000000e+02
2.710000000000000000e+02
2.710000000000000000e+02
2.710000000000000000e+02
2.710000000000000000e+02
2.710000000000000000e+02
2.710000000000000000e+02
2.710000000000000000e+02
2.710000000000000000e+02
2.710000000000000000e+02
2.710000000000000000e+02
2.710000000000000000e+02
2.710000000000000000e+02
2.710000000000000000e+02
2.710000000000000000e+02
2.710000000000000000e+02
2.700000000000000000e+02
2.700000000000000000e+02
2.700000000000000000e+02
2.690000000000000000e+02
2.670000000000000000e+02
2.640000000000000000e+02
2.630000000000000000e+02
2.630000000000000000e+02
2.610000000000000000e+02
2.610000000000000000e+02
2.580000000000000000e+02
2.510000000000000000e+02
2.480000000000000000e+02
2.420000000000000000e+02
2.410000000000000000e+02
2.380000000000000000e+02
2.370000000000000000e+02
2.320000000000000000e+02
2.280000000000000000e+02
2.220000000000000000e+02
2.190000000000000000e+02
2.150000000000000000e+02
2.090000000000000000e+02
2.030000000000000000e+02
1.980000000000000000e+02
1.930000000000000000e+02
1.910000000000000000e+02
1.880000000000000000e+02
1.840000000000000000e+02
1.810000000000000000e+02
1.790000000000000000e+02
1.730000000000000000e+02
1.700000000000000000e+02
1.630000000000000000e+02
1.610000000000000000e+02
1.550000000000000000e+02
1.540000000000000000e+02
1.500000000000000000e+02
1.450000000000000000e+02
1.430000000000000000e+02
1.410000000000000000e+02
1.330000000000000000e+02
1.250000000000000000e+02
1.220000000000000000e+02
