0.000000000000000000e+00
0.000000000000000000e+00
0.000000000000000000e+00
0.000000000000000000e+00
0.000000000000000000e+00
0.000000000000000000e+00
0.000000000000000000e+00
0.000000000000000000e+00
0.000000000000000000e+00
0.000000000000000000e+00
0.000000000000000000e+00
0.000000000000000000e+00
0.000000000000000000e+00
0.000000000000000000e+00
1.000000000000000000e+00
1.200000000000000000e+01
2.100000000000000000e+01
2.700000000000000000e+01
2.700000000000000000e+01
3.100000000000000000e+01
3.600000000000000000e+01
4.400000000000000000e+01
4.400000000000000000e+01
5.200000000000000000e+01
5.500000000000000000e+01
6.100000000000000000e+01
7.100000000000000000e+01
7.100000000000000000e+01
7.400000000000000000e+01
8.600000000000000000e+01
9.100000000000000000e+01
9.100000000000000000e+01
1.040000000000000000e+02
1.100000000000000000e+02
1.160000000000000000e+02
1.240000000000000000e+02
1.240000000000000000e+02
1.370000000000000000e+02
1.430000000000000000e+02
1.450000000000000000e+02
1.520000000000000000e+02
1.520000000000000000e+02
1.600000000000000000e+02
1.670000000000000000e+02
1.770000000000000000e+02
1.770000000000000000e+02
1.840000000000000000e+02
1.980000000000000000e+02
2.100000000000000000e+02
2.150000000000000000e+02
2.150000000000000000e+02
2.290000000000000000e+02
2.360000000000000000e+02
2.470000000000000000e+02
2.470000000000000000e+02
2.600000000000000000e+02
2.660000000000000000e+02
2.720000000000000000e+02
2.810000000000000000e+02
2.810000000000000000e+02
2.940000000000000000e+02
3.040000000000000000e+02
3.110000000000000000e+02
3.110000000000000000e+02
3.150000000000000000e+02
3.150000000000000000e+02
3.150000000000000000e+02
3.150000000000000000e+02
3.150000000000000000e+02
3.150000000000000000e+02
3.150000000000000000e+02
3.150000000000000000e+02
3.150000000000000000e+02
3.150000000000000000e+02
3.150000000000000000e+02
3.150000000000000000e+02
3.150000000000000000e+02
3.150000000000000000e+02
3.150000000000000000e+02
3.150000000000000000e+02
3.140000000000000000e+02
3.130000000000000000e+02
3.120000000000000000e+02
3.110000000000000000e+02
3.090000000000000000e+02
3.070000000000000000e+02
3.050000000000000000e+02
3.050000000000000000e+02
3.040000000000000000e+02
3.040000000000000000e+02
3.000000000000000000e+02
2.980000000000000000e+02
2.970000000000000000e+02
2.940000000000000000e+02
2.900000000000000000e+02
2.890000000000000000e+02
2.860000000000000000e+02
2.830000000000000000e+02
2.810000000000000000e+02
2.790000000000000000e+02
2.760000000000000000e+02
2.690000000000000000e+02
2.640000000000000000e+02
2.590000000000000000e+02
2.550000000000000000e+02
2.520000000000000000e+02
2.480000000000000000e+02
2.440000000000000000e+02
2.390000000000000000e+02
2.280000000000000000e+02
2.230000000000000000e+02
2.180000000000000000e+02
2.100000000000000000e+02
2.070000000000000000e+02
1.980000000000000000e+02
1.910000000000000000e+02
1.850000000000000000e+02
1.760000000000000000e+02
1.730000000000000000e+02
1.650000000000000000e+02
1.600000000000000000e+02
1.520000000000000000e+02
1.430000000000000000e+02
1.400000000000000000e+02
1.320000000000000000e+02
1.260000000000000000e+02
1.180000000000000000e+02
1.130000000000000000e+02
