0.000000000000000000e+00
0.000000000000000000e+00
0.000000000000000000e+00
0.000000000000000000e+00
0.000000000000000000e+00
0.000000000000000000e+00
0.000000000000000000e+00
0.000000000000000000e+00
0.000000000000000000e+00
0.000000000000000000e+00
0.000000000000000000e+00
0.000000000000000000e+00
0.000000000000000000e+00
0.000000000000000000e+00
0.000000000000000000e+00
0.000000000000000000e+00
0.000000000000000000e+00
0.000000000000000000e+00
0.000000000000000000e+00
0.000000000000000000e+00
0.000000000000000000e+00
0.000000000000000000e+00
0.000000000000000000e+00
0.000000000000000000e+00
8.000000000000000000e+00
1.200000000000000000e+01
1.800000000000000000e+01
1.800000000000000000e+01
2.500000000000000000e+01
3.100000000000000000e+01
3.400000000000000000e+01
3.400000000000000000e+01
3.900000000000000000e+01
4.500000000000000000e+01
5.500000000000000000e+01
6.000000000000000000e+01
6.000000000000000000e+01
7.300000000000000000e+01
8.000000000000000000e+01
8.800000000000000000e+01
9.600000000000000000e+01
9.600000000000000000e+01
9.900000000000000000e+01
1.070000000000000000e+02
1.160000000000000000e+02
1.160000000000000000e+02
1.270000000000000000e+02
1.310000000000000000e+02
1.410000000000000000e+02
1.450000000000000000e+02
1.450000000000000000e+02
1.530000000000000000e+02
1.590000000000000000e+02
1.640000000000000000e+02
1.640000000000000000e+02
1.690000000000000000e+02
1.780000000000000000e+02
1.840000000000000000e+02
1.910000000000000000e+02
1.910000000000000000e+02
2.000000000000000000e+02
2.120000000000000000e+02
2.190000000000000000e+02
2.190000000000000000e+02
2.250000000000000000e+02
2.250000000000000000e+02
2.250000000000000000e+02
2.250000000000000000e+02
2.250000000000000000e+02
2.250000000000000000e+02
2.250000000000000000e+02
2.250000000000000000e+02
2.250000000000000000e+02
2.250000000000000000e+02
2.250000000000000000e+02
2.250000000000000000e+02
2.250000000000000000e+02
2.250000000000000000e+02
2.250000000000000000e+02
2.250000000000000000e+02
2.250000000000000000e+02
2.250000000000000000e+02
2.250000000000000000e+02
2.250000000000000000e+02
2.250000000000000000e+02
2.250000000000000000e+02
2.250000000000000000e+02
2.250000000000000000e+02
2.240000000000000000e+02
2.230000000000000000e+02
2.220000000000000000e+02
2.190000000000000000e+02
2.170000000000000000e+02
2.140000000000000000e+02
2.130000000000000000e+02
2.100000000000000000e+02
2.090000000000000000e+02
2.060000000000000000e+02
2.030000000000000000e+02
2.020000000000000000e+02
2.000000000000000000e+02
1.980000000000000000e+02
1.970000000000000000e+02
1.930000000000000000e+02
1.870000000000000000e+02
1.860000000000000000e+02
1.830000000000000000e+02
1.790000000000000000e+02
1.770000000000000000e+02
1.720000000000000000e+02
1.700000000000000000e+02
1.670000000000000000e+02
1.670000000000000000e+02
1.640000000000000000e+02
1.610000000000000000e+02
1.560000000000000000e+02
1.520000000000000000e+02
1.490000000000000000e+02
1.410000000000000000e+02
1.390000000000000000e+02
1.360000000000000000e+02
1.320000000000000000e+02
1.270000000000000000e+02
1.190000000000000000e+02
1.170000000000000000e+02
1.150000000000000000e+02
1.090000000000000000e+02
1.050000000000000000e+02
