0.000000000000000000e+00
0.000000000000000000e+00
0.000000000000000000e+00
0.000000000000000000e+00
0.000000000000000000e+00
0.000000000000000000e+00
0.000000000000000000e+00
0.000000000000000000e+00
0.000000000000000000e+00
0.000000000000000000e+00
0.000000000000000000e+00
0.000000000000000000e+00
0.000000000000000000e+00
0.000000000000000000e+00
0.000000000000000000e+00
0.000000000000000000e+00
0.000000000000000000e+00
0.000000000000000000e+00
0.000000000000000000e+00
0.000000000000000000e+00
0.000000000000000000e+00
0.000000000000000000e+00
0.000000000000000000e+00
1.000000000000000000e+00
3.000000000000000000e+00
9.000000000000000000e+00
1.300000000000000000e+01
1.300000000000000000e+01
1.900000000000000000e+01
2.400000000000000000e+01
2.800000000000000000e+01
2.800000000000000000e+01
3.700000000000000000e+01
4.400000000000000000e+01
5.000000000000000000e+01
5.500000000000000000e+01
5.500000000000000000e+01
6.500000000000000000e+01
7.600000000000000000e+01
8.300000000000000000e+01
8.500000000000000000e+01
8.500000000000000000e+01
9.400000000000000000e+01
1.010000000000000000e+02
1.090000000000000000e+02
1.090000000000000000e+02
1.150000000000000000e+02
1.250000000000000000e+02
1.330000000000000000e+02
1.430000000000000000e+02
1.430000000000000000e+02
1.510000000000000000e+02
1.600000000000000000e+02
1.670000000000000000e+02
1.670000000000000000e+02
1.740000000000000000e+02
1.810000000000000000e+02
1.880000000000000000e+02
1.930000000000000000e+02
1.930000000000000000e+02
2.050000000000000000e+02
2.190000000000000000e+02
2.300000000000000000e+02
2.300000000000000000e+02
2.360000000000000000e+02
2.360000000000000000e+02
2.360000000000000000e+02
2.360000000000000000e+02
2.360000000000000000e+02
2.360000000000000000e+02
2.360000000000000000e+02
2.360000000000000000e+02
2.360000000000000000e+02
2.360000000000000000e+02
2.360000000000000000e+02
2.360000000000000000e+02
2.360000000000000000e+02
2.360000000000000000e+02
2.360000000000000000e+02
2.360000000000000000e+02
2.360000000000000000e+02
2.360000000000000000e+02
2.360000000000000000e+02
2.360000000000000000e+02
2.360000000000000000e+02
2.360000000000000000e+02
2.360000000000000000e+02
2.360000000000000000e+02
2.360000000000000000e+02
2.360000000000000000e+02
2.340000000000000000e+02
2.340000000000000000e+02
2.340000000000000000e+02
2.330000000000000000e+02
2.330000000000000000e+02
2.330000000000000000e+02
2.300000000000000000e+02
2.270000000000000000e+02
2.270000000000000000e+02
2.240000000000000000e+02
2.190000000000000000e+02
2.180000000000000000e+02
2.130000000000000000e+02
2.080000000000000000e+02
2.050000000000000000e+02
2.040000000000000000e+02
2.040000000000000000e+02
2.010000000000000000e+02
2.000000000000000000e+02
1.970000000000000000e+02
1.940000000000000000e+02
1.900000000000000000e+02
1.850000000000000000e+02
1.840000000000000000e+02
1.810000000000000000e+02
1.750000000000000000e+02
1.720000000000000000e+02
1.680000000000000000e+02
1.620000000000000000e+02
1.580000000000000000e+02
1.530000000000000000e+02
1.480000000000000000e+02
1.430000000000000000e+02
1.340000000000000000e+02
1.280000000000000000e+02
1.220000000000000000e+02
1.150000000000000000e+02
1.120000000000000000e+02
