0.000000000000000000e+00
0.000000000000000000e+00
0.000000000000000000e+00
0.000000000000000000e+00
0.000000000000000000e+00
0.000000000000000000e+00
0.000000000000000000e+00
0.000000000000000000e+00
0.000000000000000000e+00
0.000000000000000000e+00
9.000000000000000000e+00
1.300000000000000000e+01
1.900000000000000000e+01
1.900000000000000000e+01
3.000000000000000000e+01
3.900000000000000000e+01
4.500000000000000000e+01
5.300000000000000000e+01
5.300000000000000000e+01
6.100000000000000000e+01
6.600000000000000000e+01
7.300000000000000000e+01
7.300000000000000000e+01
8.200000000000000000e+01
9.100000000000000000e+01
9.700000000000000000e+01
1.050000000000000000e+02
1.050000000000000000e+02
1.100000000000000000e+02
1.160000000000000000e+02
1.220000000000000000e+02
1.220000000000000000e+02
1.280000000000000000e+02
1.320000000000000000e+02
1.370000000000000000e+02
1.450000000000000000e+02
1.450000000000000000e+02
1.530000000000000000e+02
1.640000000000000000e+02
1.760000000000000000e+02
1.860000000000000000e+02
1.860000000000000000e+02
1.930000000000000000e+02
2.040000000000000000e+02
2.130000000000000000e+02
2.130000000000000000e+02
2.170000000000000000e+02
2.250000000000000000e+02
2.300000000000000000e+02
2.420000000000000000e+02
2.420000000000000000e+02
2.460000000000000000e+02
2.560000000000000000e+02
2.690000000000000000e+02
2.690000000000000000e+02
2.760000000000000000e+02
2.820000000000000000e+02
2.970000000000000000e+02
3.040000000000000000e+02
3.040000000000000000e+02
3.140000000000000000e+02
3.250000000000000000e+02
3.380000000000000000e+02
3.380000000000000000e+02
3.470000000000000000e+02
3.470000000000000000e+02
3.470000000000000000e+02
3.470000000000000000e+02
3.470000000000000000e+02
3.470000000000000000e+02
3.470000000000000000e+02
3.470000000000000000e+02
3.470000000000000000e+02
3.470000000000000000e+02
3.460000000000000000e+02
3.450000000000000000e+02
3.440000000000000000e+02
3.430000000000000000e+02
3.420000000000000000e+02
3.420000000000000000e+02
3.410000000000000000e+02
3.400000000000000000e+02
3.370000000000000000e+02
3.350000000000000000e+02
3.290000000000000000e+02
3.240000000000000000e+02
3.220000000000000000e+02
3.170000000000000000e+02
3.160000000000000000e+02
3.090000000000000000e+02
3.060000000000000000e+02
3.020000000000000000e+02
2.990000000000000000e+02
2.950000000000000000e+02
2.950000000000000000e+02
2.930000000000000000e+02
2.890000000000000000e+02
2.870000000000000000e+02
2.850000000000000000e+02
2.830000000000000000e+02
2.780000000000000000e+02
2.740000000000000000e+02
2.690000000000000000e+02
2.680000000000000000e+02
2.610000000000000000e+02
2.580000000000000000e+02
2.520000000000000000e+02
2.510000000000000000e+02
2.430000000000000000e+02
2.370000000000000000e+02
2.340000000000000000e+02
2.250000000000000000e+02
2.200000000000000000e+02
2.190000000000000000e+02
2.130000000000000000e+02
2.050000000000000000e+02
2.020000000000000000e+02
1.960000000000000000e+02
1.920000000000000000e+02
1.890000000000000000e+02
1.870000000000000000e+02
1.840000000000000000e+02
1.810000000000000000e+02
1.740000000000000000e+02
1.660000000000000000e+02
1.590000000000000000e+02
1.540000000000000000e+02
1.490000000000000000e+02
