0.000000000000000000e+00
0.000000000000000000e+00
0.000000000000000000e+00
0.000000000000000000e+00
0.000000000000000000e+00
0.000000000000000000e+00
0.000000000000000000e+00
0.000000000000000000e+00
0.000000000000000000e+00
0.000000000000000000e+00
0.000000000000000000e+00
0.000000000000000000e+00
0.000000000000000000e+00
0.000000000000000000e+00
0.000000000000000000e+00
1.000000000000000000e+00
4.000000000000000000e+00
1.300000000000000000e+01
1.300000000000000000e+01
1.900000000000000000e+01
2.800000000000000000e+01
4.100000000000000000e+01
4.100000000000000000e+01
5.100000000000000000e+01
6.000000000000000000e+01
7.000000000000000000e+01
7.700000000000000000e+01
7.700000000000000000e+01
8.300000000000000000e+01
9.000000000000000000e+01
9.800000000000000000e+01
9.800000000000000000e+01
1.040000000000000000e+02
1.120000000000000000e+02
1.190000000000000000e+02
1.240000000000000000e+02
1.240000000000000000e+02
1.350000000000000000e+02
1.460000000000000000e+02
1.530000000000000000e+02
1.610000000000000000e+02
1.610000000000000000e+02
1.710000000000000000e+02
1.760000000000000000e+02
1.850000000000000000e+02
1.850000000000000000e+02
1.950000000000000000e+02
2.010000000000000000e+02
2.070000000000000000e+02
2.120000000000000000e+02
2.120000000000000000e+02
2.200000000000000000e+02
2.310000000000000000e+02
2.360000000000000000e+02
2.360000000000000000e+02
2.500000000000000000e+02
2.610000000000000000e+02
2.680000000000000000e+02
2.770000000000000000e+02
2.770000000000000000e+02
2.850000000000000000e+02
2.980000000000000000e+02
3.030000000000000000e+02
3.030000000000000000e+02
3.090000000000000000e+02
3.090000000000000000e+02
3.090000000000000000e+02
3.090000000000000000e+02
3.090000000000000000e+02
3.090000000000000000e+02
3.090000000000000000e+02
3.090000000000000000e+02
3.090000000000000000e+02
3.090000000000000000e+02
3.090000000000000000e+02
3.090000000000000000e+02
3.090000000000000000e+02
3.090000000000000000e+02
3.090000000000000000e+02
3.090000000000000000e+02
3.090000000000000000e+02
3.080000000000000000e+02
3.080000000000000000e+02
3.080000000000000000e+02
3.060000000000000000e+02
3.030000000000000000e+02
3.000000000000000000e+02
3.000000000000000000e+02
3.000000000000000000e+02
2.980000000000000000e+02
2.950000000000000000e+02
2.940000000000000000e+02
2.910000000000000000e+02
2.870000000000000000e+02
2.820000000000000000e+02
2.750000000000000000e+02
2.720000000000000000e+02
2.700000000000000000e+02
2.690000000000000000e+02
2.600000000000000000e+02
2.600000000000000000e+02
2.530000000000000000e+02
2.490000000000000000e+02
2.450000000000000000e+02
2.450000000000000000e+02
2.440000000000000000e+02
2.380000000000000000e+02
2.350000000000000000e+02
2.300000000000000000e+02
2.260000000000000000e+02
2.170000000000000000e+02
2.140000000000000000e+02
2.110000000000000000e+02
2.040000000000000000e+02
2.000000000000000000e+02
1.910000000000000000e+02
1.840000000000000000e+02
1.780000000000000000e+02
1.740000000000000000e+02
1.670000000000000000e+02
1.600000000000000000e+02
1.570000000000000000e+02
1.480000000000000000e+02
1.420000000000000000e+02
1.340000000000000000e+02
1.270000000000000000e+02
1.210000000000000000e+02
1.170000000000000000e+02
