0.000000000000000000e+00
0.000000000000000000e+00
0.000000000000000000e+00
0.000000000000000000e+00
0.000000000000000000e+00
0.000000000000000000e+00
0.000000000000000000e+00
0.000000000000000000e+00
0.000000000000000000e+00
0.000000000000000000e+00
0.000000000000000000e+00
0.000000000000000000e+00
0.000000000000000000e+00
0.000000000000000000e+00
0.000000000000000000e+00
1.000000000000000000e+00
3.000000000000000000e+00
5.000000000000000000e+00
5.000000000000000000e+00
1.200000000000000000e+01
1.600000000000000000e+01
2.400000000000000000e+01
2.400000000000000000e+01
2.800000000000000000e+01
3.800000000000000000e+01
4.900000000000000000e+01
5.700000000000000000e+01
5.700000000000000000e+01
6.300000000000000000e+01
6.800000000000000000e+01
8.000000000000000000e+01
8.000000000000000000e+01
8.900000000000000000e+01
9.200000000000000000e+01
9.700000000000000000e+01
1.040000000000000000e+02
1.040000000000000000e+02
1.120000000000000000e+02
1.240000000000000000e+02
1.310000000000000000e+02
1.420000000000000000e+02
1.420000000000000000e+02
1.500000000000000000e+02
1.570000000000000000e+02
1.610000000000000000e+02
1.610000000000000000e+02
1.650000000000000000e+02
1.700000000000000000e+02
1.810000000000000000e+02
1.900000000000000000e+02
1.900000000000000000e+02
1.950000000000000000e+02
2.000000000000000000e+02
2.090000000000000000e+02
2.090000000000000000e+02
2.140000000000000000e+02
2.190000000000000000e+02
2.250000000000000000e+02
2.320000000000000000e+02
2.320000000000000000e+02
2.440000000000000000e+02
2.520000000000000000e+02
2.610000000000000000e+02
2.610000000000000000e+02
2.710000000000000000e+02
2.710000000000000000e+02
2.710000000000000000e+02
2.710000000000000000e+02
2.710000000000000000e+02
2.710000000000000000e+02
2.710000000000000000e+02
2.710000000000000000e+02
2.710000000000000000e+02
2.710000000000000000e+02
2.710000000000000000e+02
2.710000000000000000e+02
2.710000000000000000e+02
2.710000000000000000e+02
2.710000000000000000e+02
2.710000000000000000e+02
2.710000000000000000e+02
2.710000000000000000e+02
2.710000000000000000e+02
2.710000000000000000e+02
2.710000000000000000e+02
2.690000000000000000e+02
2.670000000000000000e+02
2.640000000000000000e+02
2.630000000000000000e+02
2.630000000000000000e+02
2.610000000000000000e+02
2.590000000000000000e+02
2.540000000000000000e+02
2.470000000000000000e+02
2.430000000000000000e+02
2.400000000000000000e+02
2.340000000000000000e+02
2.320000000000000000e+02
2.280000000000000000e+02
2.220000000000000000e+02
2.200000000000000000e+02
2.180000000000000000e+02
2.150000000000000000e+02
2.090000000000000000e+02
2.060000000000000000e+02
2.040000000000000000e+02
1.980000000000000000e+02
1.960000000000000000e+02
1.920000000000000000e+02
1.890000000000000000e+02
1.850000000000000000e+02
1.810000000000000000e+02
1.790000000000000000e+02
1.750000000000000000e+02
1.710000000000000000e+02
1.640000000000000000e+02
1.600000000000000000e+02
1.550000000000000000e+02
1.500000000000000000e+02
1.480000000000000000e+02
1.430000000000000000e+02
1.380000000000000000e+02
1.340000000000000000e+02
1.290000000000000000e+02
1.260000000000000000e+02
1.220000000000000000e+02
1.140000000000000000e+02
1.100000000000000000e+02
