0.000000000000000000e+00
0.000000000000000000e+00
0.000000000000000000e+00
0.000000000000000000e+00
0.000000000000000000e+00
0.000000000000000000e+00
0.000000000000000000e+00
0.000000000000000000e+00
0.000000000000000000e+00
0.000000000000000000e+00
0.000000000000000000e+00
0.000000000000000000e+00
0.000000000000000000e+00
0.000000000000000000e+00
0.000000000000000000e+00
0.000000000000000000e+00
0.000000000000000000e+00
0.000000000000000000e+00
0.000000000000000000e+00
0.000000000000000000e+00
0.000000000000000000e+00
0.000000000000000000e+00
0.000000000000000000e+00
3.000000000000000000e+00
7.000000000000000000e+00
1.300000000000000000e+01
2.100000000000000000e+01
2.100000000000000000e+01
2.800000000000000000e+01
3.500000000000000000e+01
4.100000000000000000e+01
4.100000000000000000e+01
4.700000000000000000e+01
5.300000000000000000e+01
6.000000000000000000e+01
6.700000000000000000e+01
6.700000000000000000e+01
7.400000000000000000e+01
8.100000000000000000e+01
8.700000000000000000e+01
9.600000000000000000e+01
9.600000000000000000e+01
1.030000000000000000e+02
1.110000000000000000e+02
1.210000000000000000e+02
1.210000000000000000e+02
1.270000000000000000e+02
1.310000000000000000e+02
1.420000000000000000e+02
1.510000000000000000e+02
1.510000000000000000e+02
1.590000000000000000e+02
1.670000000000000000e+02
1.770000000000000000e+02
1.770000000000000000e+02
1.800000000000000000e+02
1.900000000000000000e+02
2.030000000000000000e+02
2.150000000000000000e+02
2.150000000000000000e+02
2.210000000000000000e+02
2.300000000000000000e+02
2.330000000000000000e+02
2.330000000000000000e+02
2.380000000000000000e+02
2.380000000000000000e+02
2.380000000000000000e+02
2.380000000000000000e+02
2.380000000000000000e+02
2.380000000000000000e+02
2.380000000000000000e+02
2.380000000000000000e+02
2.380000000000000000e+02
2.380000000000000000e+02
2.380000000000000000e+02
2.380000000000000000e+02
2.380000000000000000e+02
2.380000000000000000e+02
2.380000000000000000e+02
2.380000000000000000e+02
2.380000000000000000e+02
2.380000000000000000e+02
2.380000000000000000e+02
2.380000000000000000e+02
2.380000000000000000e+02
2.380000000000000000e+02
2.380000000000000000e+02
2.370000000000000000e+02
2.370000000000000000e+02
2.370000000000000000e+02
2.360000000000000000e+02
2.330000000000000000e+02
2.330000000000000000e+02
2.290000000000000000e+02
2.250000000000000000e+02
2.240000000000000000e+02
2.210000000000000000e+02
2.180000000000000000e+02
2.150000000000000000e+02
2.130000000000000000e+02
2.100000000000000000e+02
2.090000000000000000e+02
2.060000000000000000e+02
2.030000000000000000e+02
2.010000000000000000e+02
1.970000000000000000e+02
1.930000000000000000e+02
1.900000000000000000e+02
1.890000000000000000e+02
1.850000000000000000e+02
1.810000000000000000e+02
1.770000000000000000e+02
1.710000000000000000e+02
1.670000000000000000e+02
1.610000000000000000e+02
1.560000000000000000e+02
1.540000000000000000e+02
1.470000000000000000e+02
1.420000000000000000e+02
1.350000000000000000e+02
1.320000000000000000e+02
1.240000000000000000e+02
1.180000000000000000e+02
1.140000000000000000e+02
1.120000000000000000e+02
1.050000000000000000e+02
1.010000000000000000e+02
9.800000000000000000e+01
