0.000000000000000000e+00
0.000000000000000000e+00
0.000000000000000000e+00
0.000000000000000000e+00
0.000000000000000000e+00
0.000000000000000000e+00
0.000000000000000000e+00
0.000000000000000000e+00
0.000000000000000000e+00
0.000000000000000000e+00
0.000000000000000000e+00
0.000000000000000000e+00
3.000000000000000000e+00
3.000000000000000000e+00
3.000000000000000000e+00
9.000000000000000000e+00
1.800000000000000000e+01
2.500000000000000000e+01
2.500000000000000000e+01
3.100000000000000000e+01
3.700000000000000000e+01
4.500000000000000000e+01
4.500000000000000000e+01
6.000000000000000000e+01
6.300000000000000000e+01
6.600000000000000000e+01
7.600000000000000000e+01
7.600000000000000000e+01
8.500000000000000000e+01
9.600000000000000000e+01
1.020000000000000000e+02
1.020000000000000000e+02
1.120000000000000000e+02
1.160000000000000000e+02
1.250000000000000000e+02
1.350000000000000000e+02
1.350000000000000000e+02
1.430000000000000000e+02
1.510000000000000000e+02
1.610000000000000000e+02
1.680000000000000000e+02
1.680000000000000000e+02
1.750000000000000000e+02
1.830000000000000000e+02
1.880000000000000000e+02
1.880000000000000000e+02
1.990000000000000000e+02
2.010000000000000000e+02
2.080000000000000000e+02
2.170000000000000000e+02
2.170000000000000000e+02
2.220000000000000000e+02
2.240000000000000000e+02
2.330000000000000000e+02
2.330000000000000000e+02
2.400000000000000000e+02
2.500000000000000000e+02
2.560000000000000000e+02
2.670000000000000000e+02
2.670000000000000000e+02
2.750000000000000000e+02
2.860000000000000000e+02
2.930000000000000000e+02
2.930000000000000000e+02
2.960000000000000000e+02
2.960000000000000000e+02
2.960000000000000000e+02
2.960000000000000000e+02
2.960000000000000000e+02
2.960000000000000000e+02
2.960000000000000000e+02
2.960000000000000000e+02
2.960000000000000000e+02
2.960000000000000000e+02
2.960000000000000000e+02
2.960000000000000000e+02
2.960000000000000000e+02
2.960000000000000000e+02
2.960000000000000000e+02
2.960000000000000000e+02
2.950000000000000000e+02
2.950000000000000000e+02
2.940000000000000000e+02
2.930000000000000000e+02
2.910000000000000000e+02
2.890000000000000000e+02
2.870000000000000000e+02
2.870000000000000000e+02
2.860000000000000000e+02
2.850000000000000000e+02
2.800000000000000000e+02
2.750000000000000000e+02
2.700000000000000000e+02
2.640000000000000000e+02
2.580000000000000000e+02
2.570000000000000000e+02
2.540000000000000000e+02
2.520000000000000000e+02
2.470000000000000000e+02
2.430000000000000000e+02
2.410000000000000000e+02
2.360000000000000000e+02
2.330000000000000000e+02
2.290000000000000000e+02
2.260000000000000000e+02
2.230000000000000000e+02
2.170000000000000000e+02
2.130000000000000000e+02
2.070000000000000000e+02
2.030000000000000000e+02
2.000000000000000000e+02
1.960000000000000000e+02
1.920000000000000000e+02
1.850000000000000000e+02
1.800000000000000000e+02
1.730000000000000000e+02
1.710000000000000000e+02
1.620000000000000000e+02
1.580000000000000000e+02
1.540000000000000000e+02
1.490000000000000000e+02
1.440000000000000000e+02
1.390000000000000000e+02
1.340000000000000000e+02
1.300000000000000000e+02
1.250000000000000000e+02
1.170000000000000000e+02
1.070000000000000000e+02
