0.000000000000000000e+00
0.000000000000000000e+00
0.000000000000000000e+00
0.000000000000000000e+00
0.000000000000000000e+00
0.000000000000000000e+00
0.000000000000000000e+00
0.000000000000000000e+00
0.000000000000000000e+00
0.000000000000000000e+00
0.000000000000000000e+00
0.000000000000000000e+00
0.000000000000000000e+00
0.000000000000000000e+00
2.000000000000000000e+00
3.000000000000000000e+00
1.100000000000000000e+01
1.700000000000000000e+01
1.700000000000000000e+01
2.300000000000000000e+01
3.100000000000000000e+01
4.000000000000000000e+01
4.000000000000000000e+01
5.000000000000000000e+01
5.600000000000000000e+01
6.500000000000000000e+01
7.200000000000000000e+01
7.200000000000000000e+01
8.300000000000000000e+01
9.000000000000000000e+01
9.900000000000000000e+01
9.900000000000000000e+01
1.120000000000000000e+02
1.210000000000000000e+02
1.230000000000000000e+02
1.350000000000000000e+02
1.350000000000000000e+02
1.420000000000000000e+02
1.450000000000000000e+02
1.480000000000000000e+02
1.570000000000000000e+02
1.570000000000000000e+02
1.620000000000000000e+02
1.750000000000000000e+02
1.860000000000000000e+02
1.860000000000000000e+02
1.960000000000000000e+02
2.060000000000000000e+02
2.150000000000000000e+02
2.200000000000000000e+02
2.200000000000000000e+02
2.240000000000000000e+02
2.310000000000000000e+02
2.390000000000000000e+02
2.390000000000000000e+02
2.470000000000000000e+02
2.610000000000000000e+02
2.680000000000000000e+02
2.740000000000000000e+02
2.740000000000000000e+02
2.800000000000000000e+02
2.890000000000000000e+02
2.920000000000000000e+02
2.920000000000000000e+02
3.000000000000000000e+02
3.000000000000000000e+02
3.000000000000000000e+02
3.000000000000000000e+02
3.000000000000000000e+02
3.000000000000000000e+02
3.000000000000000000e+02
3.000000000000000000e+02
3.000000000000000000e+02
3.000000000000000000e+02
3.000000000000000000e+02
3.000000000000000000e+02
3.000000000000000000e+02
3.000000000000000000e+02
3.000000000000000000e+02
3.000000000000000000e+02
2.980000000000000000e+02
2.980000000000000000e+02
2.980000000000000000e+02
2.980000000000000000e+02
2.960000000000000000e+02
2.940000000000000000e+02
2.940000000000000000e+02
2.900000000000000000e+02
2.850000000000000000e+02
2.810000000000000000e+02
2.790000000000000000e+02
2.780000000000000000e+02
2.740000000000000000e+02
2.710000000000000000e+02
2.690000000000000000e+02
2.650000000000000000e+02
2.630000000000000000e+02
2.610000000000000000e+02
2.590000000000000000e+02
2.560000000000000000e+02
2.560000000000000000e+02
2.500000000000000000e+02
2.420000000000000000e+02
2.370000000000000000e+02
2.350000000000000000e+02
2.330000000000000000e+02
2.310000000000000000e+02
2.290000000000000000e+02
2.250000000000000000e+02
2.200000000000000000e+02
2.150000000000000000e+02
2.100000000000000000e+02
1.990000000000000000e+02
1.960000000000000000e+02
1.920000000000000000e+02
1.880000000000000000e+02
1.850000000000000000e+02
1.760000000000000000e+02
1.730000000000000000e+02
1.650000000000000000e+02
1.600000000000000000e+02
1.550000000000000000e+02
1.530000000000000000e+02
1.460000000000000000e+02
1.390000000000000000e+02
1.360000000000000000e+02
1.270000000000000000e+02
1.220000000000000000e+02
