0.000000000000000000e+00
0.000000000000000000e+00
0.000000000000000000e+00
0.000000000000000000e+00
0.000000000000000000e+00
0.000000000000000000e+00
2.000000000000000000e+00
2.000000000000000000e+00
3.000000000000000000e+00
3.000000000000000000e+00
1.500000000000000000e+01
2.300000000000000000e+01
2.800000000000000000e+01
2.800000000000000000e+01
3.300000000000000000e+01
3.900000000000000000e+01
5.300000000000000000e+01
6.000000000000000000e+01
6.000000000000000000e+01
7.100000000000000000e+01
7.500000000000000000e+01
8.400000000000000000e+01
8.400000000000000000e+01
8.900000000000000000e+01
9.600000000000000000e+01
1.050000000000000000e+02
1.210000000000000000e+02
1.210000000000000000e+02
1.300000000000000000e+02
1.380000000000000000e+02
1.400000000000000000e+02
1.400000000000000000e+02
1.480000000000000000e+02
1.520000000000000000e+02
1.640000000000000000e+02
1.680000000000000000e+02
1.680000000000000000e+02
1.740000000000000000e+02
1.800000000000000000e+02
1.870000000000000000e+02
1.960000000000000000e+02
1.960000000000000000e+02
2.060000000000000000e+02
2.170000000000000000e+02
2.270000000000000000e+02
2.270000000000000000e+02
2.360000000000000000e+02
2.420000000000000000e+02
2.530000000000000000e+02
2.570000000000000000e+02
2.570000000000000000e+02
2.600000000000000000e+02
2.660000000000000000e+02
2.790000000000000000e+02
2.790000000000000000e+02
2.840000000000000000e+02
2.870000000000000000e+02
2.960000000000000000e+02
3.040000000000000000e+02
3.040000000000000000e+02
3.140000000000000000e+02
3.180000000000000000e+02
3.290000000000000000e+02
3.290000000000000000e+02
3.380000000000000000e+02
3.380000000000000000e+02
3.380000000000000000e+02
3.380000000000000000e+02
3.380000000000000000e+02
3.380000000000000000e+02
3.380000000000000000e+02
3.380000000000000000e+02
3.380000000000000000e+02
3.380000000000000000e+02
3.380000000000000000e+02
3.350000000000000000e+02
3.340000000000000000e+02
3.340000000000000000e+02
3.340000000000000000e+02
3.320000000000000000e+02
3.290000000000000000e+02
3.260000000000000000e+02
3.230000000000000000e+02
3.210000000000000000e+02
3.170000000000000000e+02
3.120000000000000000e+02
3.110000000000000000e+02
3.090000000000000000e+02
3.070000000000000000e+02
3.040000000000000000e+02
3.000000000000000000e+02
2.950000000000000000e+02
2.930000000000000000e+02
2.860000000000000000e+02
2.840000000000000000e+02
2.840000000000000000e+02
2.800000000000000000e+02
2.770000000000000000e+02
2.740000000000000000e+02
2.670000000000000000e+02
2.620000000000000000e+02
2.570000000000000000e+02
2.540000000000000000e+02
2.500000000000000000e+02
2.450000000000000000e+02
2.400000000000000000e+02
2.340000000000000000e+02
2.270000000000000000e+02
2.230000000000000000e+02
2.200000000000000000e+02
2.140000000000000000e+02
2.100000000000000000e+02
2.030000000000000000e+02
1.960000000000000000e+02
1.890000000000000000e+02
1.830000000000000000e+02
1.770000000000000000e+02
1.690000000000000000e+02
1.600000000000000000e+02
1.520000000000000000e+02
1.450000000000000000e+02
1.390000000000000000e+02
1.340000000000000000e+02
1.270000000000000000e+02
1.180000000000000000e+02
1.140000000000000000e+02
1.090000000000000000e+02
1.050000000000000000e+02
