0.000000000000000000e+00
0.000000000000000000e+00
0.000000000000000000e+00
0.000000000000000000e+00
0.000000000000000000e+00
0.000000000000000000e+00
0.000000000000000000e+00
0.000000000000000000e+00
0.000000000000000000e+00
0.000000000000000000e+00
0.000000000000000000e+00
0.000000000000000000e+00
0.000000000000000000e+00
0.000000000000000000e+00
0.000000000000000000e+00
0.000000000000000000e+00
0.000000000000000000e+00
0.000000000000000000e+00
0.000000000000000000e+00
0.000000000000000000e+00
0.000000000000000000e+00
0.000000000000000000e+00
0.000000000000000000e+00
0.000000000000000000e+00
0.000000000000000000e+00
3.000000000000000000e+00
5.000000000000000000e+00
5.000000000000000000e+00
1.300000000000000000e+01
2.300000000000000000e+01
3.000000000000000000e+01
3.000000000000000000e+01
4.100000000000000000e+01
4.600000000000000000e+01
5.600000000000000000e+01
6.200000000000000000e+01
6.200000000000000000e+01
7.000000000000000000e+01
7.900000000000000000e+01
8.800000000000000000e+01
9.300000000000000000e+01
9.300000000000000000e+01
9.800000000000000000e+01
1.060000000000000000e+02
1.150000000000000000e+02
1.150000000000000000e+02
1.220000000000000000e+02
1.340000000000000000e+02
1.400000000000000000e+02
1.470000000000000000e+02
1.470000000000000000e+02
1.520000000000000000e+02
1.580000000000000000e+02
1.640000000000000000e+02
1.640000000000000000e+02
1.730000000000000000e+02
1.790000000000000000e+02
1.850000000000000000e+02
1.930000000000000000e+02
1.930000000000000000e+02
1.980000000000000000e+02
2.050000000000000000e+02
2.130000000000000000e+02
2.130000000000000000e+02
2.190000000000000000e+02
2.190000000000000000e+02
2.190000000000000000e+02
2.190000000000000000e+02
2.190000000000000000e+02
2.190000000000000000e+02
2.190000000000000000e+02
2.190000000000000000e+02
2.190000000000000000e+02
2.190000000000000000e+02
2.190000000000000000e+02
2.190000000000000000e+02
2.190000000000000000e+02
2.190000000000000000e+02
2.190000000000000000e+02
2.190000000000000000e+02
2.190000000000000000e+02
2.190000000000000000e+02
2.190000000000000000e+02
2.190000000000000000e+02
2.190000000000000000e+02
2.190000000000000000e+02
2.190000000000000000e+02
2.190000000000000000e+02
2.190000000000000000e+02
2.180000000000000000e+02
2.170000000000000000e+02
2.160000000000000000e+02
2.150000000000000000e+02
2.130000000000000000e+02
2.110000000000000000e+02
2.100000000000000000e+02
2.100000000000000000e+02
2.050000000000000000e+02
2.010000000000000000e+02
1.990000000000000000e+02
1.970000000000000000e+02
1.960000000000000000e+02
1.910000000000000000e+02
1.880000000000000000e+02
1.860000000000000000e+02
1.810000000000000000e+02
1.800000000000000000e+02
1.770000000000000000e+02
1.740000000000000000e+02
1.680000000000000000e+02
1.640000000000000000e+02
1.620000000000000000e+02
1.560000000000000000e+02
1.540000000000000000e+02
1.450000000000000000e+02
1.430000000000000000e+02
1.370000000000000000e+02
1.350000000000000000e+02
1.280000000000000000e+02
1.210000000000000000e+02
1.180000000000000000e+02
1.160000000000000000e+02
1.110000000000000000e+02
1.060000000000000000e+02
9.900000000000000000e+01
9.200000000000000000e+01
8.900000000000000000e+01
8.300000000000000000e+01
