0.000000000000000000e+00
0.000000000000000000e+00
0.000000000000000000e+00
0.000000000000000000e+00
0.000000000000000000e+00
0.000000000000000000e+00
0.000000000000000000e+00
0.000000000000000000e+00
0.000000000000000000e+00
0.000000000000000000e+00
0.000000000000000000e+00
0.000000000000000000e+00
0.000000000000000000e+00
0.000000000000000000e+00
0.000000000000000000e+00
0.000000000000000000e+00
0.000000000000000000e+00
0.000000000000000000e+00
0.000000000000000000e+00
0.000000000000000000e+00
0.000000000000000000e+00
0.000000000000000000e+00
0.000000000000000000e+00
0.000000000000000000e+00
0.000000000000000000e+00
4.000000000000000000e+00
8.000000000000000000e+00
8.000000000000000000e+00
1.500000000000000000e+01
2.000000000000000000e+01
2.400000000000000000e+01
2.400000000000000000e+01
2.800000000000000000e+01
3.500000000000000000e+01
4.300000000000000000e+01
5.200000000000000000e+01
5.200000000000000000e+01
5.900000000000000000e+01
6.500000000000000000e+01
7.800000000000000000e+01
8.800000000000000000e+01
8.800000000000000000e+01
9.800000000000000000e+01
1.040000000000000000e+02
1.100000000000000000e+02
1.100000000000000000e+02
1.230000000000000000e+02
1.280000000000000000e+02
1.340000000000000000e+02
1.480000000000000000e+02
1.480000000000000000e+02
1.550000000000000000e+02
1.630000000000000000e+02
1.710000000000000000e+02
1.710000000000000000e+02
1.790000000000000000e+02
1.870000000000000000e+02
1.930000000000000000e+02
2.000000000000000000e+02
2.000000000000000000e+02
2.080000000000000000e+02
2.170000000000000000e+02
2.210000000000000000e+02
2.210000000000000000e+02
2.300000000000000000e+02
2.300000000000000000e+02
2.300000000000000000e+02
2.300000000000000000e+02
2.300000000000000000e+02
2.300000000000000000e+02
2.300000000000000000e+02
2.300000000000000000e+02
2.300000000000000000e+02
2.300000000000000000e+02
2.300000000000000000e+02
2.300000000000000000e+02
2.300000000000000000e+02
2.300000000000000000e+02
2.300000000000000000e+02
2.300000000000000000e+02
2.300000000000000000e+02
2.300000000000000000e+02
2.300000000000000000e+02
2.300000000000000000e+02
2.300000000000000000e+02
2.300000000000000000e+02
2.300000000000000000e+02
2.300000000000000000e+02
2.300000000000000000e+02
2.290000000000000000e+02
2.290000000000000000e+02
2.270000000000000000e+02
2.270000000000000000e+02
2.250000000000000000e+02
2.240000000000000000e+02
2.240000000000000000e+02
2.240000000000000000e+02
2.220000000000000000e+02
2.170000000000000000e+02
2.150000000000000000e+02
2.120000000000000000e+02
2.110000000000000000e+02
2.080000000000000000e+02
2.040000000000000000e+02
2.030000000000000000e+02
2.020000000000000000e+02
1.940000000000000000e+02
1.930000000000000000e+02
1.920000000000000000e+02
1.880000000000000000e+02
1.840000000000000000e+02
1.780000000000000000e+02
1.720000000000000000e+02
1.680000000000000000e+02
1.660000000000000000e+02
1.650000000000000000e+02
1.620000000000000000e+02
1.570000000000000000e+02
1.510000000000000000e+02
1.460000000000000000e+02
1.440000000000000000e+02
1.380000000000000000e+02
1.330000000000000000e+02
1.280000000000000000e+02
1.200000000000000000e+02
1.150000000000000000e+02
1.050000000000000000e+02
1.030000000000000000e+02
