0.000000000000000000e+00
0.000000000000000000e+00
0.000000000000000000e+00
0.000000000000000000e+00
0.000000000000000000e+00
0.000000000000000000e+00
0.000000000000000000e+00
0.000000000000000000e+00
0.000000000000000000e+00
0.000000000000000000e+00
0.000000000000000000e+00
0.000000000000000000e+00
0.000000000000000000e+00
0.000000000000000000e+00
0.000000000000000000e+00
0.000000000000000000e+00
0.000000000000000000e+00
0.000000000000000000e+00
0.000000000000000000e+00
6.000000000000000000e+00
1.400000000000000000e+01
2.400000000000000000e+01
2.400000000000000000e+01
3.800000000000000000e+01
4.300000000000000000e+01
4.700000000000000000e+01
5.700000000000000000e+01
5.700000000000000000e+01
6.600000000000000000e+01
7.000000000000000000e+01
7.700000000000000000e+01
7.700000000000000000e+01
8.400000000000000000e+01
8.700000000000000000e+01
9.500000000000000000e+01
1.010000000000000000e+02
1.010000000000000000e+02
1.090000000000000000e+02
1.180000000000000000e+02
1.260000000000000000e+02
1.380000000000000000e+02
1.380000000000000000e+02
1.430000000000000000e+02
1.560000000000000000e+02
1.580000000000000000e+02
1.580000000000000000e+02
1.680000000000000000e+02
1.820000000000000000e+02
1.890000000000000000e+02
1.980000000000000000e+02
1.980000000000000000e+02
2.050000000000000000e+02
2.120000000000000000e+02
2.200000000000000000e+02
2.200000000000000000e+02
2.270000000000000000e+02
2.340000000000000000e+02
2.400000000000000000e+02
2.460000000000000000e+02
2.460000000000000000e+02
2.500000000000000000e+02
2.610000000000000000e+02
2.660000000000000000e+02
2.660000000000000000e+02
2.730000000000000000e+02
2.730000000000000000e+02
2.730000000000000000e+02
2.730000000000000000e+02
2.730000000000000000e+02
2.730000000000000000e+02
2.730000000000000000e+02
2.730000000000000000e+02
2.730000000000000000e+02
2.730000000000000000e+02
2.730000000000000000e+02
2.730000000000000000e+02
2.730000000000000000e+02
2.730000000000000000e+02
2.730000000000000000e+02
2.730000000000000000e+02
2.730000000000000000e+02
2.730000000000000000e+02
2.730000000000000000e+02
2.720000000000000000e+02
2.720000000000000000e+02
2.710000000000000000e+02
2.710000000000000000e+02
2.680000000000000000e+02
2.670000000000000000e+02
2.630000000000000000e+02
2.630000000000000000e+02
2.590000000000000000e+02
2.530000000000000000e+02
2.520000000000000000e+02
2.480000000000000000e+02
2.440000000000000000e+02
2.410000000000000000e+02
2.380000000000000000e+02
2.370000000000000000e+02
2.340000000000000000e+02
2.300000000000000000e+02
2.260000000000000000e+02
2.240000000000000000e+02
2.190000000000000000e+02
2.120000000000000000e+02
2.070000000000000000e+02
1.990000000000000000e+02
1.980000000000000000e+02
1.950000000000000000e+02
1.920000000000000000e+02
1.890000000000000000e+02
1.850000000000000000e+02
1.790000000000000000e+02
1.700000000000000000e+02
1.680000000000000000e+02
1.630000000000000000e+02
1.590000000000000000e+02
1.520000000000000000e+02
1.490000000000000000e+02
1.440000000000000000e+02
1.380000000000000000e+02
1.320000000000000000e+02
1.280000000000000000e+02
1.250000000000000000e+02
1.220000000000000000e+02
1.150000000000000000e+02
1.110000000000000000e+02
1.000000000000000000e+02
