0.000000000000000000e+00
0.000000000000000000e+00
0.000000000000000000e+00
0.000000000000000000e+00
0.000000000000000000e+00
0.000000000000000000e+00
0.000000000000000000e+00
0.000000000000000000e+00
0.000000000000000000e+00
0.000000000000000000e+00
0.000000000000000000e+00
0.000000000000000000e+00
0.000000000000000000e+00
0.000000000000000000e+00
0.000000000000000000e+00
0.000000000000000000e+00
0.000000000000000000e+00
0.000000000000000000e+00
0.000000000000000000e+00
6.000000000000000000e+00
1.400000000000000000e+01
2.300000000000000000e+01
2.300000000000000000e+01
2.700000000000000000e+01
3.900000000000000000e+01
4.800000000000000000e+01
5.700000000000000000e+01
5.700000000000000000e+01
6.300000000000000000e+01
7.100000000000000000e+01
7.600000000000000000e+01
7.600000000000000000e+01
8.200000000000000000e+01
9.000000000000000000e+01
1.020000000000000000e+02
1.160000000000000000e+02
1.160000000000000000e+02
1.240000000000000000e+02
1.320000000000000000e+02
1.360000000000000000e+02
1.460000000000000000e+02
1.460000000000000000e+02
1.500000000000000000e+02
1.550000000000000000e+02
1.630000000000000000e+02
1.630000000000000000e+02
1.710000000000000000e+02
1.780000000000000000e+02
1.850000000000000000e+02
1.970000000000000000e+02
1.970000000000000000e+02
2.020000000000000000e+02
2.150000000000000000e+02
2.240000000000000000e+02
2.240000000000000000e+02
2.360000000000000000e+02
2.420000000000000000e+02
2.470000000000000000e+02
2.510000000000000000e+02
2.510000000000000000e+02
2.630000000000000000e+02
2.760000000000000000e+02
2.830000000000000000e+02
2.830000000000000000e+02
2.870000000000000000e+02
2.870000000000000000e+02
2.870000000000000000e+02
2.870000000000000000e+02
2.870000000000000000e+02
2.870000000000000000e+02
2.870000000000000000e+02
2.870000000000000000e+02
2.870000000000000000e+02
2.870000000000000000e+02
2.870000000000000000e+02
2.870000000000000000e+02
2.870000000000000000e+02
2.870000000000000000e+02
2.870000000000000000e+02
2.870000000000000000e+02
2.870000000000000000e+02
2.870000000000000000e+02
2.870000000000000000e+02
2.870000000000000000e+02
2.870000000000000000e+02
2.860000000000000000e+02
2.860000000000000000e+02
2.850000000000000000e+02
2.820000000000000000e+02
2.800000000000000000e+02
2.790000000000000000e+02
2.780000000000000000e+02
2.750000000000000000e+02
2.730000000000000000e+02
2.730000000000000000e+02
2.690000000000000000e+02
2.680000000000000000e+02
2.660000000000000000e+02
2.640000000000000000e+02
2.620000000000000000e+02
2.560000000000000000e+02
2.530000000000000000e+02
2.460000000000000000e+02
2.390000000000000000e+02
2.360000000000000000e+02
2.300000000000000000e+02
2.240000000000000000e+02
2.220000000000000000e+02
2.160000000000000000e+02
2.110000000000000000e+02
2.040000000000000000e+02
2.000000000000000000e+02
1.960000000000000000e+02
1.880000000000000000e+02
1.840000000000000000e+02
1.800000000000000000e+02
1.770000000000000000e+02
1.720000000000000000e+02
1.670000000000000000e+02
1.590000000000000000e+02
1.530000000000000000e+02
1.480000000000000000e+02
1.430000000000000000e+02
1.380000000000000000e+02
1.310000000000000000e+02
1.270000000000000000e+02
1.230000000000000000e+02
1.190000000000000000e+02
