0.000000000000000000e+00
0.000000000000000000e+00
0.000000000000000000e+00
0.000000000000000000e+00
0.000000000000000000e+00
0.000000000000000000e+00
0.000000000000000000e+00
0.000000000000000000e+00
0.000000000000000000e+00
0.000000000000000000e+00
0.000000000000000000e+00
0.000000000000000000e+00
0.000000000000000000e+00
0.000000000000000000e+00
3.000000000000000000e+00
1.000000000000000000e+01
2.100000000000000000e+01
3.000000000000000000e+01
3.000000000000000000e+01
3.800000000000000000e+01
4.300000000000000000e+01
5.400000000000000000e+01
5.400000000000000000e+01
6.300000000000000000e+01
7.100000000000000000e+01
7.400000000000000000e+01
7.800000000000000000e+01
7.800000000000000000e+01
8.700000000000000000e+01
9.900000000000000000e+01
1.090000000000000000e+02
1.090000000000000000e+02
1.150000000000000000e+02
1.270000000000000000e+02
1.360000000000000000e+02
1.410000000000000000e+02
1.410000000000000000e+02
1.470000000000000000e+02
1.550000000000000000e+02
1.580000000000000000e+02
1.640000000000000000e+02
1.640000000000000000e+02
1.710000000000000000e+02
1.790000000000000000e+02
1.850000000000000000e+02
1.850000000000000000e+02
1.960000000000000000e+02
2.050000000000000000e+02
2.110000000000000000e+02
2.160000000000000000e+02
2.160000000000000000e+02
2.260000000000000000e+02
2.340000000000000000e+02
2.420000000000000000e+02
2.420000000000000000e+02
2.530000000000000000e+02
2.650000000000000000e+02
2.720000000000000000e+02
2.850000000000000000e+02
2.850000000000000000e+02
2.920000000000000000e+02
2.950000000000000000e+02
3.010000000000000000e+02
3.010000000000000000e+02
3.120000000000000000e+02
3.120000000000000000e+02
3.120000000000000000e+02
3.120000000000000000e+02
3.120000000000000000e+02
3.120000000000000000e+02
3.120000000000000000e+02
3.120000000000000000e+02
3.120000000000000000e+02
3.120000000000000000e+02
3.120000000000000000e+02
3.120000000000000000e+02
3.120000000000000000e+02
3.120000000000000000e+02
3.120000000000000000e+02
3.120000000000000000e+02
3.110000000000000000e+02
3.100000000000000000e+02
3.080000000000000000e+02
3.060000000000000000e+02
3.040000000000000000e+02
3.030000000000000000e+02
3.020000000000000000e+02
2.980000000000000000e+02
2.950000000000000000e+02
2.940000000000000000e+02
2.930000000000000000e+02
2.920000000000000000e+02
2.900000000000000000e+02
2.850000000000000000e+02
2.810000000000000000e+02
2.760000000000000000e+02
2.730000000000000000e+02
2.710000000000000000e+02
2.680000000000000000e+02
2.670000000000000000e+02
2.610000000000000000e+02
2.560000000000000000e+02
2.500000000000000000e+02
2.450000000000000000e+02
2.400000000000000000e+02
2.380000000000000000e+02
2.320000000000000000e+02
2.270000000000000000e+02
2.240000000000000000e+02
2.210000000000000000e+02
2.160000000000000000e+02
2.140000000000000000e+02
2.090000000000000000e+02
2.060000000000000000e+02
1.970000000000000000e+02
1.910000000000000000e+02
1.890000000000000000e+02
1.790000000000000000e+02
1.730000000000000000e+02
1.680000000000000000e+02
1.610000000000000000e+02
1.520000000000000000e+02
1.470000000000000000e+02
1.400000000000000000e+02
1.360000000000000000e+02
1.310000000000000000e+02
1.220000000000000000e+02
1.120000000000000000e+02
