0.000000000000000000e+00
0.000000000000000000e+00
0.000000000000000000e+00
0.000000000000000000e+00
0.000000000000000000e+00
0.000000000000000000e+00
0.000000000000000000e+00
0.000000000000000000e+00
0.000000000000000000e+00
0.000000000000000000e+00
0.000000000000000000e+00
0.000000000000000000e+00
0.000000000000000000e+00
0.000000000000000000e+00
0.000000000000000000e+00
0.000000000000000000e+00
0.000000000000000000e+00
0.000000000000000000e+00
0.000000000000000000e+00
0.000000000000000000e+00
0.000000000000000000e+00
1.000000000000000000e+00
1.000000000000000000e+00
1.000000000000000000e+01
1.400000000000000000e+01
2.500000000000000000e+01
3.400000000000000000e+01
3.400000000000000000e+01
4.500000000000000000e+01
4.900000000000000000e+01
5.600000000000000000e+01
5.600000000000000000e+01
6.400000000000000000e+01
7.300000000000000000e+01
7.700000000000000000e+01
8.300000000000000000e+01
8.300000000000000000e+01
9.100000000000000000e+01
9.800000000000000000e+01
1.080000000000000000e+02
1.160000000000000000e+02
1.160000000000000000e+02
1.260000000000000000e+02
1.310000000000000000e+02
1.400000000000000000e+02
1.400000000000000000e+02
1.460000000000000000e+02
1.560000000000000000e+02
1.640000000000000000e+02
1.650000000000000000e+02
1.650000000000000000e+02
1.720000000000000000e+02
1.850000000000000000e+02
1.910000000000000000e+02
1.910000000000000000e+02
2.040000000000000000e+02
2.060000000000000000e+02
2.100000000000000000e+02
2.160000000000000000e+02
2.160000000000000000e+02
2.280000000000000000e+02
2.370000000000000000e+02
2.430000000000000000e+02
2.430000000000000000e+02
2.510000000000000000e+02
2.510000000000000000e+02
2.510000000000000000e+02
2.510000000000000000e+02
2.510000000000000000e+02
2.510000000000000000e+02
2.510000000000000000e+02
2.510000000000000000e+02
2.510000000000000000e+02
2.510000000000000000e+02
2.510000000000000000e+02
2.510000000000000000e+02
2.510000000000000000e+02
2.510000000000000000e+02
2.510000000000000000e+02
2.510000000000000000e+02
2.510000000000000000e+02
2.510000000000000000e+02
2.510000000000000000e+02
2.510000000000000000e+02
2.510000000000000000e+02
2.510000000000000000e+02
2.510000000000000000e+02
2.510000000000000000e+02
2.500000000000000000e+02
2.500000000000000000e+02
2.480000000000000000e+02
2.480000000000000000e+02
2.460000000000000000e+02
2.450000000000000000e+02
2.450000000000000000e+02
2.440000000000000000e+02
2.420000000000000000e+02
2.350000000000000000e+02
2.310000000000000000e+02
2.290000000000000000e+02
2.250000000000000000e+02
2.240000000000000000e+02
2.210000000000000000e+02
2.180000000000000000e+02
2.130000000000000000e+02
2.120000000000000000e+02
2.090000000000000000e+02
2.000000000000000000e+02
1.960000000000000000e+02
1.900000000000000000e+02
1.880000000000000000e+02
1.860000000000000000e+02
1.820000000000000000e+02
1.770000000000000000e+02
1.720000000000000000e+02
1.690000000000000000e+02
1.610000000000000000e+02
1.520000000000000000e+02
1.490000000000000000e+02
1.460000000000000000e+02
1.440000000000000000e+02
1.400000000000000000e+02
1.370000000000000000e+02
1.290000000000000000e+02
1.230000000000000000e+02
1.200000000000000000e+02
1.160000000000000000e+02
1.060000000000000000e+02
