0.000000000000000000e+00
0.000000000000000000e+00
0.000000000000000000e+00
0.000000000000000000e+00
0.000000000000000000e+00
0.000000000000000000e+00
0.000000000000000000e+00
0.000000000000000000e+00
0.000000000000000000e+00
0.000000000000000000e+00
0.000000000000000000e+00
1.000000000000000000e+00
1.000000000000000000e+00
1.000000000000000000e+00
8.000000000000000000e+00
1.600000000000000000e+01
2.200000000000000000e+01
2.800000000000000000e+01
2.800000000000000000e+01
3.800000000000000000e+01
4.200000000000000000e+01
4.900000000000000000e+01
4.900000000000000000e+01
5.600000000000000000e+01
6.100000000000000000e+01
6.800000000000000000e+01
7.700000000000000000e+01
7.700000000000000000e+01
8.800000000000000000e+01
9.200000000000000000e+01
1.010000000000000000e+02
1.010000000000000000e+02
1.070000000000000000e+02
1.170000000000000000e+02
1.230000000000000000e+02
1.280000000000000000e+02
1.280000000000000000e+02
1.370000000000000000e+02
1.440000000000000000e+02
1.560000000000000000e+02
1.640000000000000000e+02
1.640000000000000000e+02
1.730000000000000000e+02
1.790000000000000000e+02
1.860000000000000000e+02
1.860000000000000000e+02
1.960000000000000000e+02
2.020000000000000000e+02
2.110000000000000000e+02
2.150000000000000000e+02
2.150000000000000000e+02
2.190000000000000000e+02
2.270000000000000000e+02
2.320000000000000000e+02
2.320000000000000000e+02
2.390000000000000000e+02
2.470000000000000000e+02
2.530000000000000000e+02
2.650000000000000000e+02
2.650000000000000000e+02
2.750000000000000000e+02
2.800000000000000000e+02
2.900000000000000000e+02
2.900000000000000000e+02
2.990000000000000000e+02
2.990000000000000000e+02
2.990000000000000000e+02
2.990000000000000000e+02
2.990000000000000000e+02
2.990000000000000000e+02
2.990000000000000000e+02
2.990000000000000000e+02
2.990000000000000000e+02
2.990000000000000000e+02
2.990000000000000000e+02
2.990000000000000000e+02
2.990000000000000000e+02
2.990000000000000000e+02
2.990000000000000000e+02
2.990000000000000000e+02
2.980000000000000000e+02
2.980000000000000000e+02
2.980000000000000000e+02
2.960000000000000000e+02
2.950000000000000000e+02
2.950000000000000000e+02
2.920000000000000000e+02
2.900000000000000000e+02
2.900000000000000000e+02
2.900000000000000000e+02
2.860000000000000000e+02
2.800000000000000000e+02
2.770000000000000000e+02
2.750000000000000000e+02
2.720000000000000000e+02
2.650000000000000000e+02
2.620000000000000000e+02
2.580000000000000000e+02
2.530000000000000000e+02
2.500000000000000000e+02
2.440000000000000000e+02
2.420000000000000000e+02
2.410000000000000000e+02
2.340000000000000000e+02
2.320000000000000000e+02
2.280000000000000000e+02
2.220000000000000000e+02
2.180000000000000000e+02
2.160000000000000000e+02
2.140000000000000000e+02
2.080000000000000000e+02
2.040000000000000000e+02
1.990000000000000000e+02
1.950000000000000000e+02
1.890000000000000000e+02
1.830000000000000000e+02
1.810000000000000000e+02
1.770000000000000000e+02
1.710000000000000000e+02
1.670000000000000000e+02
1.640000000000000000e+02
1.620000000000000000e+02
1.540000000000000000e+02
1.490000000000000000e+02
1.420000000000000000e+02
1.390000000000000000e+02
1.340000000000000000e+02
1.260000000000000000e+02
