0.000000000000000000e+00
0.000000000000000000e+00
0.000000000000000000e+00
0.000000000000000000e+00
0.000000000000000000e+00
0.000000000000000000e+00
0.000000000000000000e+00
0.000000000000000000e+00
0.000000000000000000e+00
0.000000000000000000e+00
0.000000000000000000e+00
0.000000000000000000e+00
0.000000000000000000e+00
0.000000000000000000e+00
0.000000000000000000e+00
0.000000000000000000e+00
0.000000000000000000e+00
0.000000000000000000e+00
0.000000000000000000e+00
1.400000000000000000e+01
2.400000000000000000e+01
2.600000000000000000e+01
2.600000000000000000e+01
2.900000000000000000e+01
3.800000000000000000e+01
4.400000000000000000e+01
5.100000000000000000e+01
5.100000000000000000e+01
6.000000000000000000e+01
6.600000000000000000e+01
7.500000000000000000e+01
7.500000000000000000e+01
8.700000000000000000e+01
9.600000000000000000e+01
1.030000000000000000e+02
1.100000000000000000e+02
1.100000000000000000e+02
1.160000000000000000e+02
1.250000000000000000e+02
1.340000000000000000e+02
1.460000000000000000e+02
1.460000000000000000e+02
1.520000000000000000e+02
1.630000000000000000e+02
1.710000000000000000e+02
1.710000000000000000e+02
1.800000000000000000e+02
1.870000000000000000e+02
1.970000000000000000e+02
2.020000000000000000e+02
2.020000000000000000e+02
2.090000000000000000e+02
2.220000000000000000e+02
2.300000000000000000e+02
2.300000000000000000e+02
2.350000000000000000e+02
2.440000000000000000e+02
2.510000000000000000e+02
2.580000000000000000e+02
2.580000000000000000e+02
2.650000000000000000e+02
2.740000000000000000e+02
2.840000000000000000e+02
2.840000000000000000e+02
2.900000000000000000e+02
2.900000000000000000e+02
2.900000000000000000e+02
2.900000000000000000e+02
2.900000000000000000e+02
2.900000000000000000e+02
2.900000000000000000e+02
2.900000000000000000e+02
2.900000000000000000e+02
2.900000000000000000e+02
2.900000000000000000e+02
2.900000000000000000e+02
2.900000000000000000e+02
2.900000000000000000e+02
2.900000000000000000e+02
2.900000000000000000e+02
2.900000000000000000e+02
2.900000000000000000e+02
2.900000000000000000e+02
2.900000000000000000e+02
2.890000000000000000e+02
2.880000000000000000e+02
2.860000000000000000e+02
2.840000000000000000e+02
2.800000000000000000e+02
2.780000000000000000e+02
2.750000000000000000e+02
2.730000000000000000e+02
2.730000000000000000e+02
2.690000000000000000e+02
2.650000000000000000e+02
2.630000000000000000e+02
2.580000000000000000e+02
2.570000000000000000e+02
2.540000000000000000e+02
2.510000000000000000e+02
2.510000000000000000e+02
2.450000000000000000e+02
2.400000000000000000e+02
2.360000000000000000e+02
2.320000000000000000e+02
2.280000000000000000e+02
2.250000000000000000e+02
2.220000000000000000e+02
2.200000000000000000e+02
2.170000000000000000e+02
2.120000000000000000e+02
2.100000000000000000e+02
2.060000000000000000e+02
2.060000000000000000e+02
2.010000000000000000e+02
1.950000000000000000e+02
1.940000000000000000e+02
1.890000000000000000e+02
1.840000000000000000e+02
1.760000000000000000e+02
1.730000000000000000e+02
1.640000000000000000e+02
1.600000000000000000e+02
1.560000000000000000e+02
1.510000000000000000e+02
1.470000000000000000e+02
1.410000000000000000e+02
1.390000000000000000e+02
