0.000000000000000000e+00
0.000000000000000000e+00
0.000000000000000000e+00
0.000000000000000000e+00
0.000000000000000000e+00
0.000000000000000000e+00
0.000000000000000000e+00
0.000000000000000000e+00
0.000000000000000000e+00
0.000000000000000000e+00
0.000000000000000000e+00
0.000000000000000000e+00
0.000000000000000000e+00
0.000000000000000000e+00
0.000000000000000000e+00
0.000000000000000000e+00
0.000000000000000000e+00
0.000000000000000000e+00
0.000000000000000000e+00
0.000000000000000000e+00
1.000000000000000000e+00
2.000000000000000000e+00
2.000000000000000000e+00
1.000000000000000000e+01
2.100000000000000000e+01
2.400000000000000000e+01
3.000000000000000000e+01
3.000000000000000000e+01
3.500000000000000000e+01
4.300000000000000000e+01
4.800000000000000000e+01
4.800000000000000000e+01
5.300000000000000000e+01
6.700000000000000000e+01
7.600000000000000000e+01
8.100000000000000000e+01
8.100000000000000000e+01
8.500000000000000000e+01
9.500000000000000000e+01
1.050000000000000000e+02
1.140000000000000000e+02
1.140000000000000000e+02
1.170000000000000000e+02
1.280000000000000000e+02
1.380000000000000000e+02
1.380000000000000000e+02
1.480000000000000000e+02
1.580000000000000000e+02
1.620000000000000000e+02
1.680000000000000000e+02
1.680000000000000000e+02
1.800000000000000000e+02
1.870000000000000000e+02
1.920000000000000000e+02
1.920000000000000000e+02
2.030000000000000000e+02
2.120000000000000000e+02
2.220000000000000000e+02
2.260000000000000000e+02
2.260000000000000000e+02
2.350000000000000000e+02
2.440000000000000000e+02
2.520000000000000000e+02
2.520000000000000000e+02
2.620000000000000000e+02
2.620000000000000000e+02
2.620000000000000000e+02
2.620000000000000000e+02
2.620000000000000000e+02
2.620000000000000000e+02
2.620000000000000000e+02
2.620000000000000000e+02
2.620000000000000000e+02
2.620000000000000000e+02
2.620000000000000000e+02
2.620000000000000000e+02
2.620000000000000000e+02
2.620000000000000000e+02
2.620000000000000000e+02
2.620000000000000000e+02
2.620000000000000000e+02
2.620000000000000000e+02
2.620000000000000000e+02
2.620000000000000000e+02
2.620000000000000000e+02
2.620000000000000000e+02
2.620000000000000000e+02
2.620000000000000000e+02
2.610000000000000000e+02
2.600000000000000000e+02
2.590000000000000000e+02
2.580000000000000000e+02
2.580000000000000000e+02
2.570000000000000000e+02
2.560000000000000000e+02
2.550000000000000000e+02
2.550000000000000000e+02
2.540000000000000000e+02
2.500000000000000000e+02
2.460000000000000000e+02
2.440000000000000000e+02
2.400000000000000000e+02
2.400000000000000000e+02
2.360000000000000000e+02
2.320000000000000000e+02
2.290000000000000000e+02
2.270000000000000000e+02
2.210000000000000000e+02
2.170000000000000000e+02
2.140000000000000000e+02
2.080000000000000000e+02
2.070000000000000000e+02
1.990000000000000000e+02
1.910000000000000000e+02
1.850000000000000000e+02
1.820000000000000000e+02
1.800000000000000000e+02
1.790000000000000000e+02
1.680000000000000000e+02
1.610000000000000000e+02
1.530000000000000000e+02
1.480000000000000000e+02
1.440000000000000000e+02
1.400000000000000000e+02
1.340000000000000000e+02
1.260000000000000000e+02
1.250000000000000000e+02
1.210000000000000000e+02
