0.000000000000000000e+00
0.000000000000000000e+00
0.000000000000000000e+00
0.000000000000000000e+00
0.000000000000000000e+00
0.000000000000000000e+00
0.000000000000000000e+00
0.000000000000000000e+00
0.000000000000000000e+00
0.000000000000000000e+00
0.000000000000000000e+00
0.000000000000000000e+00
0.000000000000000000e+00
0.000000000000000000e+00
0.000000000000000000e+00
0.000000000000000000e+00
0.000000000000000000e+00
2.000000000000000000e+00
2.000000000000000000e+00
9.000000000000000000e+00
2.100000000000000000e+01
3.200000000000000000e+01
3.200000000000000000e+01
4.100000000000000000e+01
4.500000000000000000e+01
5.400000000000000000e+01
6.000000000000000000e+01
6.000000000000000000e+01
6.600000000000000000e+01
7.400000000000000000e+01
8.100000000000000000e+01
8.100000000000000000e+01
8.700000000000000000e+01
9.700000000000000000e+01
1.000000000000000000e+02
1.060000000000000000e+02
1.060000000000000000e+02
1.150000000000000000e+02
1.220000000000000000e+02
1.280000000000000000e+02
1.340000000000000000e+02
1.340000000000000000e+02
1.400000000000000000e+02
1.450000000000000000e+02
1.480000000000000000e+02
1.480000000000000000e+02
1.560000000000000000e+02
1.590000000000000000e+02
1.660000000000000000e+02
1.760000000000000000e+02
1.760000000000000000e+02
1.810000000000000000e+02
1.890000000000000000e+02
1.980000000000000000e+02
1.980000000000000000e+02
2.070000000000000000e+02
2.200000000000000000e+02
2.300000000000000000e+02
2.420000000000000000e+02
2.420000000000000000e+02
2.450000000000000000e+02
2.570000000000000000e+02
2.690000000000000000e+02
2.690000000000000000e+02
2.770000000000000000e+02
2.770000000000000000e+02
2.770000000000000000e+02
2.770000000000000000e+02
2.770000000000000000e+02
2.770000000000000000e+02
2.770000000000000000e+02
2.770000000000000000e+02
2.770000000000000000e+02
2.770000000000000000e+02
2.770000000000000000e+02
2.770000000000000000e+02
2.770000000000000000e+02
2.770000000000000000e+02
2.770000000000000000e+02
2.770000000000000000e+02
2.770000000000000000e+02
2.770000000000000000e+02
2.770000000000000000e+02
2.760000000000000000e+02
2.760000000000000000e+02
2.760000000000000000e+02
2.750000000000000000e+02
2.750000000000000000e+02
2.710000000000000000e+02
2.680000000000000000e+02
2.660000000000000000e+02
2.640000000000000000e+02
2.610000000000000000e+02
2.610000000000000000e+02
2.580000000000000000e+02
2.520000000000000000e+02
2.500000000000000000e+02
2.480000000000000000e+02
2.440000000000000000e+02
2.410000000000000000e+02
2.370000000000000000e+02
2.330000000000000000e+02
2.330000000000000000e+02
2.310000000000000000e+02
2.280000000000000000e+02
2.210000000000000000e+02
2.180000000000000000e+02
2.120000000000000000e+02
2.090000000000000000e+02
2.050000000000000000e+02
1.980000000000000000e+02
1.940000000000000000e+02
1.930000000000000000e+02
1.890000000000000000e+02
1.860000000000000000e+02
1.780000000000000000e+02
1.750000000000000000e+02
1.720000000000000000e+02
1.700000000000000000e+02
1.640000000000000000e+02
1.600000000000000000e+02
1.550000000000000000e+02
1.480000000000000000e+02
1.420000000000000000e+02
1.370000000000000000e+02
1.300000000000000000e+02
1.270000000000000000e+02
1.190000000000000000e+02
