0.000000000000000000e+00
0.000000000000000000e+00
0.000000000000000000e+00
0.000000000000000000e+00
0.000000000000000000e+00
0.000000000000000000e+00
0.000000000000000000e+00
0.000000000000000000e+00
0.000000000000000000e+00
0.000000000000000000e+00
0.000000000000000000e+00
0.000000000000000000e+00
0.000000000000000000e+00
0.000000000000000000e+00
0.000000000000000000e+00
0.000000000000000000e+00
0.000000000000000000e+00
0.000000000000000000e+00
0.000000000000000000e+00
0.000000000000000000e+00
0.000000000000000000e+00
0.000000000000000000e+00
0.000000000000000000e+00
1.000000000000000000e+00
6.000000000000000000e+00
1.100000000000000000e+01
2.100000000000000000e+01
2.100000000000000000e+01
2.900000000000000000e+01
3.800000000000000000e+01
4.600000000000000000e+01
4.600000000000000000e+01
5.200000000000000000e+01
6.100000000000000000e+01
6.700000000000000000e+01
7.500000000000000000e+01
7.500000000000000000e+01
8.400000000000000000e+01
9.100000000000000000e+01
9.900000000000000000e+01
1.060000000000000000e+02
1.060000000000000000e+02
1.160000000000000000e+02
1.200000000000000000e+02
1.310000000000000000e+02
1.310000000000000000e+02
1.340000000000000000e+02
1.430000000000000000e+02
1.470000000000000000e+02
1.550000000000000000e+02
1.550000000000000000e+02
1.580000000000000000e+02
1.660000000000000000e+02
1.730000000000000000e+02
1.730000000000000000e+02
1.800000000000000000e+02
1.880000000000000000e+02
1.970000000000000000e+02
2.040000000000000000e+02
2.040000000000000000e+02
2.090000000000000000e+02
2.140000000000000000e+02
2.210000000000000000e+02
2.210000000000000000e+02
2.240000000000000000e+02
2.240000000000000000e+02
2.240000000000000000e+02
2.240000000000000000e+02
2.240000000000000000e+02
2.240000000000000000e+02
2.240000000000000000e+02
2.240000000000000000e+02
2.240000000000000000e+02
2.240000000000000000e+02
2.240000000000000000e+02
2.240000000000000000e+02
2.240000000000000000e+02
2.240000000000000000e+02
2.240000000000000000e+02
2.240000000000000000e+02
2.240000000000000000e+02
2.240000000000000000e+02
2.240000000000000000e+02
2.240000000000000000e+02
2.240000000000000000e+02
2.240000000000000000e+02
2.240000000000000000e+02
2.240000000000000000e+02
2.230000000000000000e+02
2.220000000000000000e+02
2.210000000000000000e+02
2.190000000000000000e+02
2.190000000000000000e+02
2.190000000000000000e+02
2.170000000000000000e+02
2.160000000000000000e+02
2.130000000000000000e+02
2.100000000000000000e+02
2.090000000000000000e+02
2.080000000000000000e+02
2.050000000000000000e+02
2.040000000000000000e+02
2.000000000000000000e+02
1.960000000000000000e+02
1.920000000000000000e+02
1.900000000000000000e+02
1.880000000000000000e+02
1.810000000000000000e+02
1.770000000000000000e+02
1.750000000000000000e+02
1.720000000000000000e+02
1.640000000000000000e+02
1.600000000000000000e+02
1.590000000000000000e+02
1.580000000000000000e+02
1.520000000000000000e+02
1.430000000000000000e+02
1.370000000000000000e+02
1.340000000000000000e+02
1.320000000000000000e+02
1.260000000000000000e+02
1.230000000000000000e+02
1.200000000000000000e+02
1.160000000000000000e+02
1.120000000000000000e+02
1.040000000000000000e+02
9.900000000000000000e+01
9.400000000000000000e+01
