0.000000000000000000e+00
0.000000000000000000e+00
0.000000000000000000e+00
0.000000000000000000e+00
0.000000000000000000e+00
0.000000000000000000e+00
0.000000000000000000e+00
0.000000000000000000e+00
1.000000000000000000e+00
1.000000000000000000e+00
1.000000000000000000e+00
2.000000000000000000e+00
3.000000000000000000e+00
3.000000000000000000e+00
1.200000000000000000e+01
2.200000000000000000e+01
3.000000000000000000e+01
4.100000000000000000e+01
4.100000000000000000e+01
4.900000000000000000e+01
5.500000000000000000e+01
6.000000000000000000e+01
6.000000000000000000e+01
6.600000000000000000e+01
7.700000000000000000e+01
8.600000000000000000e+01
9.800000000000000000e+01
9.800000000000000000e+01
1.040000000000000000e+02
1.110000000000000000e+02
1.200000000000000000e+02
1.200000000000000000e+02
1.270000000000000000e+02
1.380000000000000000e+02
1.410000000000000000e+02
1.450000000000000000e+02
1.450000000000000000e+02
1.520000000000000000e+02
1.600000000000000000e+02
1.660000000000000000e+02
1.720000000000000000e+02
1.720000000000000000e+02
1.830000000000000000e+02
1.900000000000000000e+02
1.970000000000000000e+02
1.970000000000000000e+02
2.030000000000000000e+02
2.110000000000000000e+02
2.170000000000000000e+02
2.230000000000000000e+02
2.230000000000000000e+02
2.270000000000000000e+02
2.350000000000000000e+02
2.430000000000000000e+02
2.430000000000000000e+02
2.540000000000000000e+02
2.610000000000000000e+02
2.710000000000000000e+02
2.760000000000000000e+02
2.760000000000000000e+02
2.830000000000000000e+02
2.920000000000000000e+02
2.960000000000000000e+02
2.960000000000000000e+02
3.030000000000000000e+02
3.030000000000000000e+02
3.030000000000000000e+02
3.030000000000000000e+02
3.030000000000000000e+02
3.030000000000000000e+02
3.030000000000000000e+02
3.030000000000000000e+02
3.030000000000000000e+02
3.030000000000000000e+02
3.030000000000000000e+02
3.030000000000000000e+02
3.030000000000000000e+02
3.030000000000000000e+02
3.030000000000000000e+02
3.030000000000000000e+02
3.020000000000000000e+02
3.010000000000000000e+02
2.990000000000000000e+02
2.970000000000000000e+02
2.960000000000000000e+02
2.950000000000000000e+02
2.950000000000000000e+02
2.940000000000000000e+02
2.890000000000000000e+02
2.890000000000000000e+02
2.870000000000000000e+02
2.820000000000000000e+02
2.780000000000000000e+02
2.720000000000000000e+02
2.680000000000000000e+02
2.630000000000000000e+02
2.580000000000000000e+02
2.510000000000000000e+02
2.490000000000000000e+02
2.460000000000000000e+02
2.430000000000000000e+02
2.360000000000000000e+02
2.290000000000000000e+02
2.260000000000000000e+02
2.240000000000000000e+02
2.170000000000000000e+02
2.110000000000000000e+02
2.080000000000000000e+02
2.030000000000000000e+02
2.020000000000000000e+02
1.970000000000000000e+02
1.900000000000000000e+02
1.860000000000000000e+02
1.750000000000000000e+02
1.690000000000000000e+02
1.660000000000000000e+02
1.610000000000000000e+02
1.560000000000000000e+02
1.520000000000000000e+02
1.470000000000000000e+02
1.420000000000000000e+02
1.360000000000000000e+02
1.330000000000000000e+02
1.300000000000000000e+02
1.280000000000000000e+02
1.240000000000000000e+02
1.180000000000000000e+02
1.160000000000000000e+02
