0.000000000000000000e+00
0.000000000000000000e+00
0.000000000000000000e+00
0.000000000000000000e+00
0.000000000000000000e+00
0.000000000000000000e+00
0.000000000000000000e+00
0.000000000000000000e+00
0.000000000000000000e+00
0.000000000000000000e+00
0.000000000000000000e+00
0.000000000000000000e+00
0.000000000000000000e+00
0.000000000000000000e+00
0.000000000000000000e+00
0.000000000000000000e+00
1.000000000000000000e+01
1.500000000000000000e+01
1.500000000000000000e+01
2.300000000000000000e+01
2.900000000000000000e+01
3.700000000000000000e+01
3.700000000000000000e+01
4.000000000000000000e+01
4.500000000000000000e+01
5.300000000000000000e+01
5.900000000000000000e+01
5.900000000000000000e+01
6.700000000000000000e+01
7.100000000000000000e+01
8.100000000000000000e+01
8.100000000000000000e+01
8.500000000000000000e+01
9.300000000000000000e+01
9.700000000000000000e+01
1.050000000000000000e+02
1.050000000000000000e+02
1.140000000000000000e+02
1.230000000000000000e+02
1.320000000000000000e+02
1.390000000000000000e+02
1.390000000000000000e+02
1.480000000000000000e+02
1.570000000000000000e+02
1.690000000000000000e+02
1.690000000000000000e+02
1.790000000000000000e+02
1.880000000000000000e+02
1.910000000000000000e+02
2.010000000000000000e+02
2.010000000000000000e+02
2.100000000000000000e+02
2.170000000000000000e+02
2.240000000000000000e+02
2.240000000000000000e+02
2.350000000000000000e+02
2.440000000000000000e+02
2.500000000000000000e+02
2.560000000000000000e+02
2.560000000000000000e+02
2.620000000000000000e+02
2.710000000000000000e+02
2.790000000000000000e+02
2.790000000000000000e+02
2.870000000000000000e+02
2.870000000000000000e+02
2.870000000000000000e+02
2.870000000000000000e+02
2.870000000000000000e+02
2.870000000000000000e+02
2.870000000000000000e+02
2.870000000000000000e+02
2.870000000000000000e+02
2.870000000000000000e+02
2.870000000000000000e+02
2.870000000000000000e+02
2.870000000000000000e+02
2.870000000000000000e+02
2.870000000000000000e+02
2.870000000000000000e+02
2.860000000000000000e+02
2.860000000000000000e+02
2.850000000000000000e+02
2.850000000000000000e+02
2.830000000000000000e+02
2.820000000000000000e+02
2.820000000000000000e+02
2.810000000000000000e+02
2.810000000000000000e+02
2.790000000000000000e+02
2.750000000000000000e+02
2.740000000000000000e+02
2.720000000000000000e+02
2.680000000000000000e+02
2.660000000000000000e+02
2.610000000000000000e+02
2.600000000000000000e+02
2.580000000000000000e+02
2.530000000000000000e+02
2.480000000000000000e+02
2.430000000000000000e+02
2.350000000000000000e+02
2.350000000000000000e+02
2.310000000000000000e+02
2.300000000000000000e+02
2.260000000000000000e+02
2.210000000000000000e+02
2.160000000000000000e+02
2.130000000000000000e+02
2.070000000000000000e+02
2.020000000000000000e+02
1.990000000000000000e+02
1.950000000000000000e+02
1.910000000000000000e+02
1.850000000000000000e+02
1.810000000000000000e+02
1.750000000000000000e+02
1.720000000000000000e+02
1.700000000000000000e+02
1.650000000000000000e+02
1.610000000000000000e+02
1.540000000000000000e+02
1.480000000000000000e+02
1.430000000000000000e+02
1.370000000000000000e+02
1.280000000000000000e+02
1.210000000000000000e+02
1.150000000000000000e+02
