0.000000000000000000e+00
0.000000000000000000e+00
0.000000000000000000e+00
0.000000000000000000e+00
0.000000000000000000e+00
0.000000000000000000e+00
0.000000000000000000e+00
0.000000000000000000e+00
0.000000000000000000e+00
0.000000000000000000e+00
0.000000000000000000e+00
0.000000000000000000e+00
0.000000000000000000e+00
0.000000000000000000e+00
0.000000000000000000e+00
0.000000000000000000e+00
0.000000000000000000e+00
0.000000000000000000e+00
0.000000000000000000e+00
0.000000000000000000e+00
3.000000000000000000e+00
1.300000000000000000e+01
1.300000000000000000e+01
2.000000000000000000e+01
3.400000000000000000e+01
4.700000000000000000e+01
5.600000000000000000e+01
5.600000000000000000e+01
6.400000000000000000e+01
6.900000000000000000e+01
7.600000000000000000e+01
7.600000000000000000e+01
8.200000000000000000e+01
8.600000000000000000e+01
9.300000000000000000e+01
1.060000000000000000e+02
1.060000000000000000e+02
1.130000000000000000e+02
1.220000000000000000e+02
1.300000000000000000e+02
1.410000000000000000e+02
1.410000000000000000e+02
1.450000000000000000e+02
1.540000000000000000e+02
1.670000000000000000e+02
1.670000000000000000e+02
1.750000000000000000e+02
1.860000000000000000e+02
1.920000000000000000e+02
1.980000000000000000e+02
1.980000000000000000e+02
2.040000000000000000e+02
2.110000000000000000e+02
2.130000000000000000e+02
2.130000000000000000e+02
2.210000000000000000e+02
2.240000000000000000e+02
2.340000000000000000e+02
2.430000000000000000e+02
2.430000000000000000e+02
2.550000000000000000e+02
2.630000000000000000e+02
2.680000000000000000e+02
2.680000000000000000e+02
2.760000000000000000e+02
2.760000000000000000e+02
2.760000000000000000e+02
2.760000000000000000e+02
2.760000000000000000e+02
2.760000000000000000e+02
2.760000000000000000e+02
2.760000000000000000e+02
2.760000000000000000e+02
2.760000000000000000e+02
2.760000000000000000e+02
2.760000000000000000e+02
2.760000000000000000e+02
2.760000000000000000e+02
2.760000000000000000e+02
2.760000000000000000e+02
2.760000000000000000e+02
2.760000000000000000e+02
2.760000000000000000e+02
2.760000000000000000e+02
2.760000000000000000e+02
2.760000000000000000e+02
2.750000000000000000e+02
2.740000000000000000e+02
2.730000000000000000e+02
2.720000000000000000e+02
2.710000000000000000e+02
2.700000000000000000e+02
2.650000000000000000e+02
2.640000000000000000e+02
2.590000000000000000e+02
2.590000000000000000e+02
2.550000000000000000e+02
2.540000000000000000e+02
2.520000000000000000e+02
2.470000000000000000e+02
2.440000000000000000e+02
2.390000000000000000e+02
2.340000000000000000e+02
2.330000000000000000e+02
2.280000000000000000e+02
2.250000000000000000e+02
2.210000000000000000e+02
2.150000000000000000e+02
2.120000000000000000e+02
2.070000000000000000e+02
2.000000000000000000e+02
1.910000000000000000e+02
1.900000000000000000e+02
1.880000000000000000e+02
1.810000000000000000e+02
1.760000000000000000e+02
1.720000000000000000e+02
1.650000000000000000e+02
1.610000000000000000e+02
1.550000000000000000e+02
1.470000000000000000e+02
1.440000000000000000e+02
1.400000000000000000e+02
1.370000000000000000e+02
1.290000000000000000e+02
1.240000000000000000e+02
1.190000000000000000e+02
1.140000000000000000e+02
