0.000000000000000000e+00
0.000000000000000000e+00
0.000000000000000000e+00
0.000000000000000000e+00
0.000000000000000000e+00
0.000000000000000000e+00
0.000000000000000000e+00
0.000000000000000000e+00
0.000000000000000000e+00
0.000000000000000000e+00
0.000000000000000000e+00
0.000000000000000000e+00
0.000000000000000000e+00
0.000000000000000000e+00
0.000000000000000000e+00
0.000000000000000000e+00
0.000000000000000000e+00
0.000000000000000000e+00
0.000000000000000000e+00
7.000000000000000000e+00
1.300000000000000000e+01
1.700000000000000000e+01
1.700000000000000000e+01
2.500000000000000000e+01
3.200000000000000000e+01
3.900000000000000000e+01
4.600000000000000000e+01
4.600000000000000000e+01
5.000000000000000000e+01
5.500000000000000000e+01
6.300000000000000000e+01
6.300000000000000000e+01
7.000000000000000000e+01
7.500000000000000000e+01
8.300000000000000000e+01
9.100000000000000000e+01
9.100000000000000000e+01
1.030000000000000000e+02
1.120000000000000000e+02
1.170000000000000000e+02
1.240000000000000000e+02
1.240000000000000000e+02
1.300000000000000000e+02
1.330000000000000000e+02
1.390000000000000000e+02
1.390000000000000000e+02
1.440000000000000000e+02
1.560000000000000000e+02
1.630000000000000000e+02
1.660000000000000000e+02
1.660000000000000000e+02
1.760000000000000000e+02
1.800000000000000000e+02
1.860000000000000000e+02
1.860000000000000000e+02
1.920000000000000000e+02
1.980000000000000000e+02
2.070000000000000000e+02
2.130000000000000000e+02
2.130000000000000000e+02
2.190000000000000000e+02
2.280000000000000000e+02
2.380000000000000000e+02
2.380000000000000000e+02
2.470000000000000000e+02
2.470000000000000000e+02
2.470000000000000000e+02
2.470000000000000000e+02
2.470000000000000000e+02
2.470000000000000000e+02
2.470000000000000000e+02
2.470000000000000000e+02
2.470000000000000000e+02
2.470000000000000000e+02
2.470000000000000000e+02
2.470000000000000000e+02
2.470000000000000000e+02
2.470000000000000000e+02
2.470000000000000000e+02
2.470000000000000000e+02
2.470000000000000000e+02
2.470000000000000000e+02
2.470000000000000000e+02
2.450000000000000000e+02
2.450000000000000000e+02
2.430000000000000000e+02
2.430000000000000000e+02
2.420000000000000000e+02
2.410000000000000000e+02
2.380000000000000000e+02
2.360000000000000000e+02
2.350000000000000000e+02
2.340000000000000000e+02
2.330000000000000000e+02
2.300000000000000000e+02
2.290000000000000000e+02
2.280000000000000000e+02
2.250000000000000000e+02
2.200000000000000000e+02
2.180000000000000000e+02
2.160000000000000000e+02
2.090000000000000000e+02
2.090000000000000000e+02
2.030000000000000000e+02
2.000000000000000000e+02
1.980000000000000000e+02
1.950000000000000000e+02
1.920000000000000000e+02
1.870000000000000000e+02
1.790000000000000000e+02
1.740000000000000000e+02
1.690000000000000000e+02
1.670000000000000000e+02
1.660000000000000000e+02
1.640000000000000000e+02
1.580000000000000000e+02
1.540000000000000000e+02
1.490000000000000000e+02
1.400000000000000000e+02
1.320000000000000000e+02
1.300000000000000000e+02
1.240000000000000000e+02
1.170000000000000000e+02
1.100000000000000000e+02
1.030000000000000000e+02
9.800000000000000000e+01
9.300000000000000000e+01
8.900000000000000000e+01
