0.000000000000000000e+00
0.000000000000000000e+00
0.000000000000000000e+00
0.000000000000000000e+00
0.000000000000000000e+00
0.000000000000000000e+00
0.000000000000000000e+00
0.000000000000000000e+00
0.000000000000000000e+00
0.000000000000000000e+00
0.000000000000000000e+00
0.000000000000000000e+00
0.000000000000000000e+00
0.000000000000000000e+00
0.000000000000000000e+00
6.000000000000000000e+00
1.400000000000000000e+01
1.900000000000000000e+01
1.900000000000000000e+01
2.500000000000000000e+01
3.100000000000000000e+01
4.400000000000000000e+01
4.400000000000000000e+01
5.100000000000000000e+01
6.000000000000000000e+01
6.800000000000000000e+01
7.400000000000000000e+01
7.400000000000000000e+01
8.300000000000000000e+01
9.000000000000000000e+01
9.800000000000000000e+01
9.800000000000000000e+01
1.090000000000000000e+02
1.200000000000000000e+02
1.230000000000000000e+02
1.280000000000000000e+02
1.280000000000000000e+02
1.370000000000000000e+02
1.470000000000000000e+02
1.630000000000000000e+02
1.700000000000000000e+02
1.700000000000000000e+02
1.780000000000000000e+02
1.830000000000000000e+02
1.960000000000000000e+02
1.960000000000000000e+02
2.020000000000000000e+02
2.120000000000000000e+02
2.210000000000000000e+02
2.290000000000000000e+02
2.290000000000000000e+02
2.350000000000000000e+02
2.410000000000000000e+02
2.470000000000000000e+02
2.470000000000000000e+02
2.550000000000000000e+02
2.610000000000000000e+02
2.750000000000000000e+02
2.810000000000000000e+02
2.810000000000000000e+02
2.890000000000000000e+02
2.920000000000000000e+02
2.990000000000000000e+02
2.990000000000000000e+02
3.050000000000000000e+02
3.050000000000000000e+02
3.050000000000000000e+02
3.050000000000000000e+02
3.050000000000000000e+02
3.050000000000000000e+02
3.050000000000000000e+02
3.050000000000000000e+02
3.050000000000000000e+02
3.050000000000000000e+02
3.050000000000000000e+02
3.050000000000000000e+02
3.050000000000000000e+02
3.050000000000000000e+02
3.050000000000000000e+02
3.040000000000000000e+02
3.030000000000000000e+02
3.020000000000000000e+02
3.020000000000000000e+02
3.010000000000000000e+02
2.990000000000000000e+02
2.990000000000000000e+02
2.980000000000000000e+02
2.960000000000000000e+02
2.940000000000000000e+02
2.920000000000000000e+02
2.860000000000000000e+02
2.820000000000000000e+02
2.800000000000000000e+02
2.780000000000000000e+02
2.740000000000000000e+02
2.720000000000000000e+02
2.690000000000000000e+02
2.660000000000000000e+02
2.640000000000000000e+02
2.620000000000000000e+02
2.590000000000000000e+02
2.520000000000000000e+02
2.480000000000000000e+02
2.390000000000000000e+02
2.360000000000000000e+02
2.300000000000000000e+02
2.250000000000000000e+02
2.210000000000000000e+02
2.170000000000000000e+02
2.090000000000000000e+02
2.050000000000000000e+02
2.020000000000000000e+02
1.940000000000000000e+02
1.900000000000000000e+02
1.830000000000000000e+02
1.800000000000000000e+02
1.740000000000000000e+02
1.690000000000000000e+02
1.590000000000000000e+02
1.540000000000000000e+02
1.480000000000000000e+02
1.470000000000000000e+02
1.440000000000000000e+02
1.360000000000000000e+02
1.280000000000000000e+02
1.240000000000000000e+02
1.220000000000000000e+02
1.210000000000000000e+02
