0.000000000000000000e+00
0.000000000000000000e+00
0.000000000000000000e+00
0.000000000000000000e+00
0.000000000000000000e+00
0.000000000000000000e+00
0.000000000000000000e+00
0.000000000000000000e+00
0.000000000000000000e+00
0.000000000000000000e+00
0.000000000000000000e+00
0.000000000000000000e+00
0.000000000000000000e+00
0.000000000000000000e+00
0.000000000000000000e+00
0.000000000000000000e+00
0.000000000000000000e+00
0.000000000000000000e+00
0.000000000000000000e+00
0.000000000000000000e+00
0.000000000000000000e+00
0.000000000000000000e+00
0.000000000000000000e+00
9.000000000000000000e+00
2.300000000000000000e+01
3.100000000000000000e+01
3.600000000000000000e+01
3.600000000000000000e+01
4.300000000000000000e+01
4.800000000000000000e+01
5.300000000000000000e+01
5.300000000000000000e+01
5.500000000000000000e+01
6.300000000000000000e+01
7.100000000000000000e+01
8.100000000000000000e+01
8.100000000000000000e+01
8.700000000000000000e+01
9.800000000000000000e+01
1.060000000000000000e+02
1.110000000000000000e+02
1.110000000000000000e+02
1.190000000000000000e+02
1.280000000000000000e+02
1.360000000000000000e+02
1.360000000000000000e+02
1.430000000000000000e+02
1.480000000000000000e+02
1.550000000000000000e+02
1.630000000000000000e+02
1.630000000000000000e+02
1.710000000000000000e+02
1.790000000000000000e+02
1.850000000000000000e+02
1.850000000000000000e+02
1.940000000000000000e+02
2.030000000000000000e+02
2.090000000000000000e+02
2.130000000000000000e+02
2.130000000000000000e+02
2.180000000000000000e+02
2.300000000000000000e+02
2.420000000000000000e+02
2.420000000000000000e+02
2.500000000000000000e+02
2.500000000000000000e+02
2.500000000000000000e+02
2.500000000000000000e+02
2.500000000000000000e+02
2.500000000000000000e+02
2.500000000000000000e+02
2.500000000000000000e+02
2.500000000000000000e+02
2.500000000000000000e+02
2.500000000000000000e+02
2.500000000000000000e+02
2.500000000000000000e+02
2.500000000000000000e+02
2.500000000000000000e+02
2.500000000000000000e+02
2.500000000000000000e+02
2.500000000000000000e+02
2.500000000000000000e+02
2.500000000000000000e+02
2.500000000000000000e+02
2.500000000000000000e+02
2.500000000000000000e+02
2.500000000000000000e+02
2.500000000000000000e+02
2.500000000000000000e+02
2.490000000000000000e+02
2.470000000000000000e+02
2.450000000000000000e+02
2.440000000000000000e+02
2.430000000000000000e+02
2.410000000000000000e+02
2.380000000000000000e+02
2.370000000000000000e+02
2.330000000000000000e+02
2.290000000000000000e+02
2.270000000000000000e+02
2.250000000000000000e+02
2.170000000000000000e+02
2.140000000000000000e+02
2.130000000000000000e+02
2.110000000000000000e+02
2.070000000000000000e+02
2.020000000000000000e+02
1.950000000000000000e+02
1.880000000000000000e+02
1.820000000000000000e+02
1.790000000000000000e+02
1.670000000000000000e+02
1.590000000000000000e+02
1.550000000000000000e+02
1.520000000000000000e+02
1.480000000000000000e+02
1.430000000000000000e+02
1.390000000000000000e+02
1.350000000000000000e+02
1.320000000000000000e+02
1.290000000000000000e+02
1.260000000000000000e+02
1.220000000000000000e+02
1.190000000000000000e+02
1.130000000000000000e+02
1.090000000000000000e+02
1.030000000000000000e+02
