0.000000000000000000e+00
0.000000000000000000e+00
0.000000000000000000e+00
0.000000000000000000e+00
0.000000000000000000e+00
0.000000000000000000e+00
0.000000000000000000e+00
0.000000000000000000e+00
0.000000000000000000e+00
0.000000000000000000e+00
0.000000000000000000e+00
0.000000000000000000e+00
0.000000000000000000e+00
0.000000000000000000e+00
0.000000000000000000e+00
0.000000000000000000e+00
4.000000000000000000e+00
1.800000000000000000e+01
1.800000000000000000e+01
2.600000000000000000e+01
3.000000000000000000e+01
4.200000000000000000e+01
4.200000000000000000e+01
5.300000000000000000e+01
5.900000000000000000e+01
6.600000000000000000e+01
7.200000000000000000e+01
7.200000000000000000e+01
8.300000000000000000e+01
9.000000000000000000e+01
9.100000000000000000e+01
9.100000000000000000e+01
9.800000000000000000e+01
1.060000000000000000e+02
1.110000000000000000e+02
1.220000000000000000e+02
1.220000000000000000e+02
1.250000000000000000e+02
1.370000000000000000e+02
1.410000000000000000e+02
1.460000000000000000e+02
1.460000000000000000e+02
1.560000000000000000e+02
1.630000000000000000e+02
1.710000000000000000e+02
1.710000000000000000e+02
1.790000000000000000e+02
1.850000000000000000e+02
1.940000000000000000e+02
2.060000000000000000e+02
2.060000000000000000e+02
2.170000000000000000e+02
2.270000000000000000e+02
2.330000000000000000e+02
2.330000000000000000e+02
2.380000000000000000e+02
2.460000000000000000e+02
2.540000000000000000e+02
2.620000000000000000e+02
2.620000000000000000e+02
2.670000000000000000e+02
2.710000000000000000e+02
2.740000000000000000e+02
2.740000000000000000e+02
2.820000000000000000e+02
2.820000000000000000e+02
2.820000000000000000e+02
2.820000000000000000e+02
2.820000000000000000e+02
2.820000000000000000e+02
2.820000000000000000e+02
2.820000000000000000e+02
2.820000000000000000e+02
2.820000000000000000e+02
2.820000000000000000e+02
2.820000000000000000e+02
2.820000000000000000e+02
2.820000000000000000e+02
2.820000000000000000e+02
2.820000000000000000e+02
2.820000000000000000e+02
2.810000000000000000e+02
2.810000000000000000e+02
2.810000000000000000e+02
2.800000000000000000e+02
2.800000000000000000e+02
2.800000000000000000e+02
2.790000000000000000e+02
2.770000000000000000e+02
2.750000000000000000e+02
2.730000000000000000e+02
2.720000000000000000e+02
2.690000000000000000e+02
2.650000000000000000e+02
2.640000000000000000e+02
2.630000000000000000e+02
2.580000000000000000e+02
2.540000000000000000e+02
2.520000000000000000e+02
2.480000000000000000e+02
2.470000000000000000e+02
2.420000000000000000e+02
2.390000000000000000e+02
2.350000000000000000e+02
2.280000000000000000e+02
2.230000000000000000e+02
2.200000000000000000e+02
2.140000000000000000e+02
2.090000000000000000e+02
2.070000000000000000e+02
1.990000000000000000e+02
1.920000000000000000e+02
1.920000000000000000e+02
1.830000000000000000e+02
1.810000000000000000e+02
1.790000000000000000e+02
1.760000000000000000e+02
1.730000000000000000e+02
1.680000000000000000e+02
1.640000000000000000e+02
1.600000000000000000e+02
1.540000000000000000e+02
1.490000000000000000e+02
1.440000000000000000e+02
1.380000000000000000e+02
1.300000000000000000e+02
1.240000000000000000e+02
1.200000000000000000e+02
