0.000000000000000000e+00
0.000000000000000000e+00
0.000000000000000000e+00
0.000000000000000000e+00
0.000000000000000000e+00
0.000000000000000000e+00
0.000000000000000000e+00
0.000000000000000000e+00
0.000000000000000000e+00
0.000000000000000000e+00
0.000000000000000000e+00
0.000000000000000000e+00
0.000000000000000000e+00
0.000000000000000000e+00
0.000000000000000000e+00
0.000000000000000000e+00
0.000000000000000000e+00
0.000000000000000000e+00
0.000000000000000000e+00
0.000000000000000000e+00
0.000000000000000000e+00
0.000000000000000000e+00
0.000000000000000000e+00
0.000000000000000000e+00
0.000000000000000000e+00
0.000000000000000000e+00
7.000000000000000000e+00
7.000000000000000000e+00
1.000000000000000000e+01
1.500000000000000000e+01
2.500000000000000000e+01
2.500000000000000000e+01
3.500000000000000000e+01
4.500000000000000000e+01
4.800000000000000000e+01
5.300000000000000000e+01
5.300000000000000000e+01
5.900000000000000000e+01
6.500000000000000000e+01
7.300000000000000000e+01
7.800000000000000000e+01
7.800000000000000000e+01
8.100000000000000000e+01
9.100000000000000000e+01
1.020000000000000000e+02
1.020000000000000000e+02
1.080000000000000000e+02
1.180000000000000000e+02
1.230000000000000000e+02
1.360000000000000000e+02
1.360000000000000000e+02
1.440000000000000000e+02
1.500000000000000000e+02
1.580000000000000000e+02
1.580000000000000000e+02
1.670000000000000000e+02
1.710000000000000000e+02
1.780000000000000000e+02
1.830000000000000000e+02
1.830000000000000000e+02
1.900000000000000000e+02
2.030000000000000000e+02
2.140000000000000000e+02
2.140000000000000000e+02
2.200000000000000000e+02
2.200000000000000000e+02
2.200000000000000000e+02
2.200000000000000000e+02
2.200000000000000000e+02
2.200000000000000000e+02
2.200000000000000000e+02
2.200000000000000000e+02
2.200000000000000000e+02
2.200000000000000000e+02
2.200000000000000000e+02
2.200000000000000000e+02
2.200000000000000000e+02
2.200000000000000000e+02
2.200000000000000000e+02
2.200000000000000000e+02
2.200000000000000000e+02
2.200000000000000000e+02
2.200000000000000000e+02
2.200000000000000000e+02
2.200000000000000000e+02
2.200000000000000000e+02
2.200000000000000000e+02
2.200000000000000000e+02
2.200000000000000000e+02
2.200000000000000000e+02
2.200000000000000000e+02
2.180000000000000000e+02
2.180000000000000000e+02
2.180000000000000000e+02
2.170000000000000000e+02
2.150000000000000000e+02
2.140000000000000000e+02
2.130000000000000000e+02
2.100000000000000000e+02
2.070000000000000000e+02
2.050000000000000000e+02
2.030000000000000000e+02
2.000000000000000000e+02
1.960000000000000000e+02
1.940000000000000000e+02
1.930000000000000000e+02
1.890000000000000000e+02
1.860000000000000000e+02
1.820000000000000000e+02
1.810000000000000000e+02
1.740000000000000000e+02
1.710000000000000000e+02
1.650000000000000000e+02
1.620000000000000000e+02
1.580000000000000000e+02
1.540000000000000000e+02
1.540000000000000000e+02
1.480000000000000000e+02
1.450000000000000000e+02
1.420000000000000000e+02
1.400000000000000000e+02
1.350000000000000000e+02
1.290000000000000000e+02
1.240000000000000000e+02
1.180000000000000000e+02
1.140000000000000000e+02
1.110000000000000000e+02
1.060000000000000000e+02
