0.000000000000000000e+00
0.000000000000000000e+00
0.000000000000000000e+00
0.000000000000000000e+00
0.000000000000000000e+00
0.000000000000000000e+00
0.000000000000000000e+00
0.000000000000000000e+00
0.000000000000000000e+00
0.000000000000000000e+00
0.000000000000000000e+00
0.000000000000000000e+00
0.000000000000000000e+00
0.000000000000000000e+00
0.000000000000000000e+00
0.000000000000000000e+00
0.000000000000000000e+00
0.000000000000000000e+00
0.000000000000000000e+00
1.000000000000000000e+00
3.000000000000000000e+00
7.000000000000000000e+00
7.000000000000000000e+00
1.500000000000000000e+01
2.100000000000000000e+01
3.000000000000000000e+01
3.500000000000000000e+01
3.500000000000000000e+01
3.800000000000000000e+01
4.700000000000000000e+01
4.900000000000000000e+01
4.900000000000000000e+01
5.200000000000000000e+01
6.000000000000000000e+01
6.700000000000000000e+01
7.500000000000000000e+01
7.500000000000000000e+01
8.400000000000000000e+01
9.200000000000000000e+01
9.700000000000000000e+01
1.060000000000000000e+02
1.060000000000000000e+02
1.160000000000000000e+02
1.220000000000000000e+02
1.320000000000000000e+02
1.320000000000000000e+02
1.430000000000000000e+02
1.520000000000000000e+02
1.610000000000000000e+02
1.650000000000000000e+02
1.650000000000000000e+02
1.710000000000000000e+02
1.770000000000000000e+02
1.830000000000000000e+02
1.830000000000000000e+02
1.910000000000000000e+02
2.010000000000000000e+02
2.110000000000000000e+02
2.200000000000000000e+02
2.200000000000000000e+02
2.270000000000000000e+02
2.350000000000000000e+02
2.430000000000000000e+02
2.430000000000000000e+02
2.520000000000000000e+02
2.520000000000000000e+02
2.520000000000000000e+02
2.520000000000000000e+02
2.520000000000000000e+02
2.520000000000000000e+02
2.520000000000000000e+02
2.520000000000000000e+02
2.520000000000000000e+02
2.520000000000000000e+02
2.520000000000000000e+02
2.520000000000000000e+02
2.520000000000000000e+02
2.520000000000000000e+02
2.520000000000000000e+02
2.520000000000000000e+02
2.520000000000000000e+02
2.520000000000000000e+02
2.520000000000000000e+02
2.520000000000000000e+02
2.520000000000000000e+02
2.520000000000000000e+02
2.510000000000000000e+02
2.510000000000000000e+02
2.490000000000000000e+02
2.470000000000000000e+02
2.470000000000000000e+02
2.460000000000000000e+02
2.440000000000000000e+02
2.440000000000000000e+02
2.400000000000000000e+02
2.390000000000000000e+02
2.370000000000000000e+02
2.360000000000000000e+02
2.330000000000000000e+02
2.310000000000000000e+02
2.300000000000000000e+02
2.240000000000000000e+02
2.200000000000000000e+02
2.190000000000000000e+02
2.160000000000000000e+02
2.150000000000000000e+02
2.130000000000000000e+02
2.090000000000000000e+02
2.060000000000000000e+02
2.010000000000000000e+02
1.980000000000000000e+02
1.960000000000000000e+02
1.890000000000000000e+02
1.840000000000000000e+02
1.780000000000000000e+02
1.750000000000000000e+02
1.740000000000000000e+02
1.710000000000000000e+02
1.680000000000000000e+02
1.620000000000000000e+02
1.540000000000000000e+02
1.510000000000000000e+02
1.420000000000000000e+02
1.370000000000000000e+02
1.310000000000000000e+02
1.230000000000000000e+02
1.160000000000000000e+02
1.120000000000000000e+02
