0.000000000000000000e+00
0.000000000000000000e+00
0.000000000000000000e+00
0.000000000000000000e+00
0.000000000000000000e+00
0.000000000000000000e+00
0.000000000000000000e+00
0.000000000000000000e+00
0.000000000000000000e+00
0.000000000000000000e+00
0.000000000000000000e+00
0.000000000000000000e+00
0.000000000000000000e+00
0.000000000000000000e+00
0.000000000000000000e+00
0.000000000000000000e+00
0.000000000000000000e+00
0.000000000000000000e+00
0.000000000000000000e+00
0.000000000000000000e+00
0.000000000000000000e+00
1.000000000000000000e+00
1.000000000000000000e+00
3.000000000000000000e+00
4.000000000000000000e+00
5.000000000000000000e+00
6.000000000000000000e+00
6.000000000000000000e+00
1.000000000000000000e+01
1.200000000000000000e+01
1.200000000000000000e+01
1.200000000000000000e+01
1.400000000000000000e+01
1.600000000000000000e+01
1.700000000000000000e+01
2.000000000000000000e+01
2.000000000000000000e+01
2.400000000000000000e+01
2.700000000000000000e+01
3.200000000000000000e+01
3.300000000000000000e+01
3.300000000000000000e+01
3.700000000000000000e+01
3.800000000000000000e+01
4.400000000000000000e+01
4.400000000000000000e+01
4.600000000000000000e+01
5.200000000000000000e+01
5.300000000000000000e+01
5.600000000000000000e+01
5.600000000000000000e+01
5.900000000000000000e+01
6.400000000000000000e+01
6.800000000000000000e+01
6.800000000000000000e+01
7.200000000000000000e+01
7.700000000000000000e+01
8.600000000000000000e+01
9.600000000000000000e+01
9.600000000000000000e+01
1.050000000000000000e+02
1.160000000000000000e+02
1.320000000000000000e+02
1.320000000000000000e+02
1.390000000000000000e+02
1.390000000000000000e+02
1.390000000000000000e+02
1.390000000000000000e+02
1.390000000000000000e+02
1.390000000000000000e+02
1.390000000000000000e+02
1.390000000000000000e+02
1.390000000000000000e+02
1.390000000000000000e+02
1.390000000000000000e+02
1.390000000000000000e+02
1.390000000000000000e+02
1.390000000000000000e+02
1.390000000000000000e+02
1.390000000000000000e+02
1.390000000000000000e+02
1.390000000000000000e+02
1.390000000000000000e+02
1.390000000000000000e+02
1.390000000000000000e+02
1.390000000000000000e+02
1.390000000000000000e+02
1.390000000000000000e+02
1.390000000000000000e+02
1.390000000000000000e+02
1.390000000000000000e+02
1.390000000000000000e+02
1.390000000000000000e+02
1.390000000000000000e+02
1.390000000000000000e+02
1.390000000000000000e+02
1.390000000000000000e+02
1.390000000000000000e+02
1.390000000000000000e+02
1.390000000000000000e+02
1.390000000000000000e+02
1.390000000000000000e+02
1.380000000000000000e+02
1.360000000000000000e+02
1.350000000000000000e+02
1.330000000000000000e+02
1.330000000000000000e+02
1.320000000000000000e+02
1.310000000000000000e+02
1.300000000000000000e+02
1.300000000000000000e+02
1.300000000000000000e+02
1.270000000000000000e+02
1.260000000000000000e+02
1.260000000000000000e+02
1.250000000000000000e+02
1.250000000000000000e+02
1.240000000000000000e+02
1.240000000000000000e+02
1.220000000000000000e+02
1.180000000000000000e+02
1.180000000000000000e+02
1.170000000000000000e+02
1.160000000000000000e+02
1.160000000000000000e+02
1.150000000000000000e+02
1.130000000000000000e+02
1.110000000000000000e+02
