0.000000000000000000e+00
0.000000000000000000e+00
0.000000000000000000e+00
0.000000000000000000e+00
0.000000000000000000e+00
0.000000000000000000e+00
0.000000000000000000e+00
0.000000000000000000e+00
0.000000000000000000e+00
0.000000000000000000e+00
0.000000000000000000e+00
0.000000000000000000e+00
0.000000000000000000e+00
0.000000000000000000e+00
0.000000000000000000e+00
0.000000000000000000e+00
0.000000000000000000e+00
0.000000000000000000e+00
0.000000000000000000e+00
6.000000000000000000e+00
1.400000000000000000e+01
2.100000000000000000e+01
2.100000000000000000e+01
2.800000000000000000e+01
3.400000000000000000e+01
4.300000000000000000e+01
5.300000000000000000e+01
5.300000000000000000e+01
5.800000000000000000e+01
6.100000000000000000e+01
6.700000000000000000e+01
6.700000000000000000e+01
7.400000000000000000e+01
8.200000000000000000e+01
8.700000000000000000e+01
9.600000000000000000e+01
9.600000000000000000e+01
1.020000000000000000e+02
1.140000000000000000e+02
1.220000000000000000e+02
1.320000000000000000e+02
1.320000000000000000e+02
1.420000000000000000e+02
1.500000000000000000e+02
1.570000000000000000e+02
1.570000000000000000e+02
1.580000000000000000e+02
1.650000000000000000e+02
1.680000000000000000e+02
1.770000000000000000e+02
1.770000000000000000e+02
1.850000000000000000e+02
1.910000000000000000e+02
2.050000000000000000e+02
2.050000000000000000e+02
2.130000000000000000e+02
2.160000000000000000e+02
2.220000000000000000e+02
2.270000000000000000e+02
2.270000000000000000e+02
2.390000000000000000e+02
2.450000000000000000e+02
2.530000000000000000e+02
2.530000000000000000e+02
2.570000000000000000e+02
2.570000000000000000e+02
2.570000000000000000e+02
2.570000000000000000e+02
2.570000000000000000e+02
2.570000000000000000e+02
2.570000000000000000e+02
2.570000000000000000e+02
2.570000000000000000e+02
2.570000000000000000e+02
2.570000000000000000e+02
2.570000000000000000e+02
2.570000000000000000e+02
2.570000000000000000e+02
2.570000000000000000e+02
2.570000000000000000e+02
2.570000000000000000e+02
2.570000000000000000e+02
2.570000000000000000e+02
2.550000000000000000e+02
2.540000000000000000e+02
2.520000000000000000e+02
2.510000000000000000e+02
2.500000000000000000e+02
2.480000000000000000e+02
2.460000000000000000e+02
2.450000000000000000e+02
2.430000000000000000e+02
2.420000000000000000e+02
2.390000000000000000e+02
2.380000000000000000e+02
2.380000000000000000e+02
2.360000000000000000e+02
2.260000000000000000e+02
2.250000000000000000e+02
2.220000000000000000e+02
2.220000000000000000e+02
2.220000000000000000e+02
2.200000000000000000e+02
2.160000000000000000e+02
2.150000000000000000e+02
2.110000000000000000e+02
2.060000000000000000e+02
2.030000000000000000e+02
2.010000000000000000e+02
1.990000000000000000e+02
1.940000000000000000e+02
1.910000000000000000e+02
1.880000000000000000e+02
1.810000000000000000e+02
1.740000000000000000e+02
1.720000000000000000e+02
1.660000000000000000e+02
1.620000000000000000e+02
1.560000000000000000e+02
1.510000000000000000e+02
1.470000000000000000e+02
1.400000000000000000e+02
1.330000000000000000e+02
1.290000000000000000e+02
1.250000000000000000e+02
1.200000000000000000e+02
1.130000000000000000e+02
1.080000000000000000e+02
