0.000000000000000000e+00
0.000000000000000000e+00
0.000000000000000000e+00
0.000000000000000000e+00
0.000000000000000000e+00
0.000000000000000000e+00
0.000000000000000000e+00
0.000000000000000000e+00
0.000000000000000000e+00
0.000000000000000000e+00
0.000000000000000000e+00
0.000000000000000000e+00
1.000000000000000000e+00
1.000000000000000000e+00
2.000000000000000000e+00
8.000000000000000000e+00
1.300000000000000000e+01
2.500000000000000000e+01
2.500000000000000000e+01
3.100000000000000000e+01
3.900000000000000000e+01
5.000000000000000000e+01
5.000000000000000000e+01
5.800000000000000000e+01
6.800000000000000000e+01
7.400000000000000000e+01
8.600000000000000000e+01
8.600000000000000000e+01
9.600000000000000000e+01
1.060000000000000000e+02
1.120000000000000000e+02
1.120000000000000000e+02
1.220000000000000000e+02
1.310000000000000000e+02
1.380000000000000000e+02
1.470000000000000000e+02
1.470000000000000000e+02
1.540000000000000000e+02
1.590000000000000000e+02
1.620000000000000000e+02
1.680000000000000000e+02
1.680000000000000000e+02
1.730000000000000000e+02
1.760000000000000000e+02
1.850000000000000000e+02
1.850000000000000000e+02
1.950000000000000000e+02
2.000000000000000000e+02
2.070000000000000000e+02
2.160000000000000000e+02
2.160000000000000000e+02
2.200000000000000000e+02
2.270000000000000000e+02
2.350000000000000000e+02
2.350000000000000000e+02
2.420000000000000000e+02
2.490000000000000000e+02
2.570000000000000000e+02
2.610000000000000000e+02
2.610000000000000000e+02
2.690000000000000000e+02
2.750000000000000000e+02
2.830000000000000000e+02
2.830000000000000000e+02
2.900000000000000000e+02
2.900000000000000000e+02
2.900000000000000000e+02
2.900000000000000000e+02
2.900000000000000000e+02
2.900000000000000000e+02
2.900000000000000000e+02
2.900000000000000000e+02
2.900000000000000000e+02
2.900000000000000000e+02
2.900000000000000000e+02
2.900000000000000000e+02
2.900000000000000000e+02
2.900000000000000000e+02
2.900000000000000000e+02
2.890000000000000000e+02
2.890000000000000000e+02
2.880000000000000000e+02
2.870000000000000000e+02
2.840000000000000000e+02
2.830000000000000000e+02
2.790000000000000000e+02
2.780000000000000000e+02
2.770000000000000000e+02
2.730000000000000000e+02
2.680000000000000000e+02
2.660000000000000000e+02
2.650000000000000000e+02
2.640000000000000000e+02
2.620000000000000000e+02
2.580000000000000000e+02
2.510000000000000000e+02
2.470000000000000000e+02
2.450000000000000000e+02
2.390000000000000000e+02
2.320000000000000000e+02
2.290000000000000000e+02
2.220000000000000000e+02
2.160000000000000000e+02
2.110000000000000000e+02
2.060000000000000000e+02
1.990000000000000000e+02
1.940000000000000000e+02
1.910000000000000000e+02
1.900000000000000000e+02
1.850000000000000000e+02
1.820000000000000000e+02
1.790000000000000000e+02
1.740000000000000000e+02
1.650000000000000000e+02
1.610000000000000000e+02
1.560000000000000000e+02
1.530000000000000000e+02
1.490000000000000000e+02
1.450000000000000000e+02
1.410000000000000000e+02
1.350000000000000000e+02
1.330000000000000000e+02
1.300000000000000000e+02
1.230000000000000000e+02
1.170000000000000000e+02
1.110000000000000000e+02
1.030000000000000000e+02
9.600000000000000000e+01
