0.000000000000000000e+00
0.000000000000000000e+00
0.000000000000000000e+00
0.000000000000000000e+00
0.000000000000000000e+00
0.000000000000000000e+00
0.000000000000000000e+00
0.000000000000000000e+00
0.000000000000000000e+00
0.000000000000000000e+00
0.000000000000000000e+00
0.000000000000000000e+00
0.000000000000000000e+00
0.000000000000000000e+00
0.000000000000000000e+00
0.000000000000000000e+00
2.000000000000000000e+00
5.000000000000000000e+00
5.000000000000000000e+00
1.300000000000000000e+01
2.600000000000000000e+01
3.500000000000000000e+01
3.500000000000000000e+01
4.100000000000000000e+01
5.000000000000000000e+01
5.600000000000000000e+01
7.000000000000000000e+01
7.000000000000000000e+01
7.600000000000000000e+01
8.300000000000000000e+01
9.100000000000000000e+01
9.100000000000000000e+01
1.010000000000000000e+02
1.120000000000000000e+02
1.240000000000000000e+02
1.280000000000000000e+02
1.280000000000000000e+02
1.370000000000000000e+02
1.420000000000000000e+02
1.510000000000000000e+02
1.570000000000000000e+02
1.570000000000000000e+02
1.640000000000000000e+02
1.680000000000000000e+02
1.760000000000000000e+02
1.760000000000000000e+02
1.840000000000000000e+02
1.960000000000000000e+02
2.030000000000000000e+02
2.110000000000000000e+02
2.110000000000000000e+02
2.180000000000000000e+02
2.230000000000000000e+02
2.310000000000000000e+02
2.310000000000000000e+02
2.380000000000000000e+02
2.400000000000000000e+02
2.510000000000000000e+02
2.600000000000000000e+02
2.600000000000000000e+02
2.680000000000000000e+02
2.740000000000000000e+02
2.820000000000000000e+02
2.820000000000000000e+02
2.930000000000000000e+02
2.930000000000000000e+02
2.930000000000000000e+02
2.930000000000000000e+02
2.930000000000000000e+02
2.930000000000000000e+02
2.930000000000000000e+02
2.930000000000000000e+02
2.930000000000000000e+02
2.930000000000000000e+02
2.930000000000000000e+02
2.930000000000000000e+02
2.930000000000000000e+02
2.930000000000000000e+02
2.930000000000000000e+02
2.930000000000000000e+02
2.930000000000000000e+02
2.930000000000000000e+02
2.930000000000000000e+02
2.930000000000000000e+02
2.930000000000000000e+02
2.930000000000000000e+02
2.900000000000000000e+02
2.890000000000000000e+02
2.870000000000000000e+02
2.850000000000000000e+02
2.790000000000000000e+02
2.730000000000000000e+02
2.720000000000000000e+02
2.700000000000000000e+02
2.660000000000000000e+02
2.620000000000000000e+02
2.540000000000000000e+02
2.460000000000000000e+02
2.410000000000000000e+02
2.380000000000000000e+02
2.370000000000000000e+02
2.340000000000000000e+02
2.320000000000000000e+02
2.300000000000000000e+02
2.270000000000000000e+02
2.220000000000000000e+02
2.220000000000000000e+02
2.180000000000000000e+02
2.140000000000000000e+02
2.060000000000000000e+02
2.020000000000000000e+02
1.970000000000000000e+02
1.940000000000000000e+02
1.920000000000000000e+02
1.820000000000000000e+02
1.810000000000000000e+02
1.730000000000000000e+02
1.670000000000000000e+02
1.630000000000000000e+02
1.600000000000000000e+02
1.570000000000000000e+02
1.510000000000000000e+02
1.470000000000000000e+02
1.400000000000000000e+02
1.380000000000000000e+02
1.310000000000000000e+02
1.280000000000000000e+02
1.230000000000000000e+02
