0.000000000000000000e+00
0.000000000000000000e+00
0.000000000000000000e+00
0.000000000000000000e+00
0.000000000000000000e+00
0.000000000000000000e+00
0.000000000000000000e+00
0.000000000000000000e+00
0.000000000000000000e+00
0.000000000000000000e+00
0.000000000000000000e+00
0.000000000000000000e+00
0.000000000000000000e+00
0.000000000000000000e+00
0.000000000000000000e+00
0.000000000000000000e+00
0.000000000000000000e+00
0.000000000000000000e+00
0.000000000000000000e+00
0.000000000000000000e+00
0.000000000000000000e+00
0.000000000000000000e+00
0.000000000000000000e+00
1.100000000000000000e+01
1.800000000000000000e+01
2.900000000000000000e+01
4.000000000000000000e+01
4.000000000000000000e+01
4.600000000000000000e+01
5.300000000000000000e+01
6.000000000000000000e+01
6.000000000000000000e+01
6.600000000000000000e+01
7.400000000000000000e+01
8.400000000000000000e+01
8.900000000000000000e+01
8.900000000000000000e+01
9.800000000000000000e+01
1.050000000000000000e+02
1.120000000000000000e+02
1.190000000000000000e+02
1.190000000000000000e+02
1.280000000000000000e+02
1.340000000000000000e+02
1.370000000000000000e+02
1.370000000000000000e+02
1.470000000000000000e+02
1.540000000000000000e+02
1.610000000000000000e+02
1.680000000000000000e+02
1.680000000000000000e+02
1.760000000000000000e+02
1.850000000000000000e+02
1.900000000000000000e+02
1.900000000000000000e+02
1.950000000000000000e+02
2.000000000000000000e+02
2.040000000000000000e+02
2.100000000000000000e+02
2.100000000000000000e+02
2.240000000000000000e+02
2.330000000000000000e+02
2.420000000000000000e+02
2.420000000000000000e+02
2.500000000000000000e+02
2.500000000000000000e+02
2.500000000000000000e+02
2.500000000000000000e+02
2.500000000000000000e+02
2.500000000000000000e+02
2.500000000000000000e+02
2.500000000000000000e+02
2.500000000000000000e+02
2.500000000000000000e+02
2.500000000000000000e+02
2.500000000000000000e+02
2.500000000000000000e+02
2.500000000000000000e+02
2.500000000000000000e+02
2.500000000000000000e+02
2.500000000000000000e+02
2.500000000000000000e+02
2.500000000000000000e+02
2.500000000000000000e+02
2.500000000000000000e+02
2.500000000000000000e+02
2.500000000000000000e+02
2.500000000000000000e+02
2.500000000000000000e+02
2.500000000000000000e+02
2.480000000000000000e+02
2.450000000000000000e+02
2.410000000000000000e+02
2.380000000000000000e+02
2.350000000000000000e+02
2.330000000000000000e+02
2.300000000000000000e+02
2.280000000000000000e+02
2.220000000000000000e+02
2.210000000000000000e+02
2.130000000000000000e+02
2.100000000000000000e+02
2.080000000000000000e+02
2.070000000000000000e+02
2.050000000000000000e+02
2.030000000000000000e+02
1.990000000000000000e+02
1.970000000000000000e+02
1.900000000000000000e+02
1.880000000000000000e+02
1.850000000000000000e+02
1.820000000000000000e+02
1.750000000000000000e+02
1.720000000000000000e+02
1.700000000000000000e+02
1.660000000000000000e+02
1.630000000000000000e+02
1.600000000000000000e+02
1.520000000000000000e+02
1.460000000000000000e+02
1.440000000000000000e+02
1.400000000000000000e+02
1.350000000000000000e+02
1.290000000000000000e+02
1.240000000000000000e+02
1.170000000000000000e+02
1.140000000000000000e+02
1.130000000000000000e+02
