0.000000000000000000e+00
0.000000000000000000e+00
0.000000000000000000e+00
0.000000000000000000e+00
0.000000000000000000e+00
0.000000000000000000e+00
0.000000000000000000e+00
0.000000000000000000e+00
0.000000000000000000e+00
0.000000000000000000e+00
0.000000000000000000e+00
0.000000000000000000e+00
0.000000000000000000e+00
0.000000000000000000e+00
0.000000000000000000e+00
0.000000000000000000e+00
0.000000000000000000e+00
0.000000000000000000e+00
0.000000000000000000e+00
0.000000000000000000e+00
0.000000000000000000e+00
0.000000000000000000e+00
0.000000000000000000e+00
0.000000000000000000e+00
0.000000000000000000e+00
0.000000000000000000e+00
2.000000000000000000e+00
2.000000000000000000e+00
9.000000000000000000e+00
1.700000000000000000e+01
2.300000000000000000e+01
2.300000000000000000e+01
3.200000000000000000e+01
3.800000000000000000e+01
4.900000000000000000e+01
5.900000000000000000e+01
5.900000000000000000e+01
6.600000000000000000e+01
7.300000000000000000e+01
8.400000000000000000e+01
8.800000000000000000e+01
8.800000000000000000e+01
9.500000000000000000e+01
1.080000000000000000e+02
1.110000000000000000e+02
1.110000000000000000e+02
1.180000000000000000e+02
1.230000000000000000e+02
1.330000000000000000e+02
1.390000000000000000e+02
1.390000000000000000e+02
1.480000000000000000e+02
1.550000000000000000e+02
1.650000000000000000e+02
1.650000000000000000e+02
1.730000000000000000e+02
1.770000000000000000e+02
1.890000000000000000e+02
1.960000000000000000e+02
1.960000000000000000e+02
2.010000000000000000e+02
2.050000000000000000e+02
2.130000000000000000e+02
2.130000000000000000e+02
2.180000000000000000e+02
2.180000000000000000e+02
2.180000000000000000e+02
2.180000000000000000e+02
2.180000000000000000e+02
2.180000000000000000e+02
2.180000000000000000e+02
2.180000000000000000e+02
2.180000000000000000e+02
2.180000000000000000e+02
2.180000000000000000e+02
2.180000000000000000e+02
2.180000000000000000e+02
2.180000000000000000e+02
2.180000000000000000e+02
2.180000000000000000e+02
2.180000000000000000e+02
2.180000000000000000e+02
2.180000000000000000e+02
2.180000000000000000e+02
2.180000000000000000e+02
2.180000000000000000e+02
2.180000000000000000e+02
2.180000000000000000e+02
2.180000000000000000e+02
2.180000000000000000e+02
2.180000000000000000e+02
2.180000000000000000e+02
2.180000000000000000e+02
2.180000000000000000e+02
2.180000000000000000e+02
2.180000000000000000e+02
2.170000000000000000e+02
2.160000000000000000e+02
2.120000000000000000e+02
2.090000000000000000e+02
2.090000000000000000e+02
2.080000000000000000e+02
2.070000000000000000e+02
2.020000000000000000e+02
2.000000000000000000e+02
1.950000000000000000e+02
1.920000000000000000e+02
1.890000000000000000e+02
1.850000000000000000e+02
1.800000000000000000e+02
1.780000000000000000e+02
1.760000000000000000e+02
1.690000000000000000e+02
1.650000000000000000e+02
1.580000000000000000e+02
1.540000000000000000e+02
1.510000000000000000e+02
1.470000000000000000e+02
1.420000000000000000e+02
1.380000000000000000e+02
1.310000000000000000e+02
1.300000000000000000e+02
1.270000000000000000e+02
1.230000000000000000e+02
1.160000000000000000e+02
1.110000000000000000e+02
1.070000000000000000e+02
1.020000000000000000e+02
