0.000000000000000000e+00
0.000000000000000000e+00
0.000000000000000000e+00
0.000000000000000000e+00
0.000000000000000000e+00
0.000000000000000000e+00
0.000000000000000000e+00
0.000000000000000000e+00
0.000000000000000000e+00
0.000000000000000000e+00
0.000000000000000000e+00
0.000000000000000000e+00
0.000000000000000000e+00
0.000000000000000000e+00
0.000000000000000000e+00
0.000000000000000000e+00
0.000000000000000000e+00
0.000000000000000000e+00
0.000000000000000000e+00
1.000000000000000000e+01
1.700000000000000000e+01
2.200000000000000000e+01
2.200000000000000000e+01
2.700000000000000000e+01
3.900000000000000000e+01
4.600000000000000000e+01
5.000000000000000000e+01
5.000000000000000000e+01
6.000000000000000000e+01
6.700000000000000000e+01
7.700000000000000000e+01
7.700000000000000000e+01
8.600000000000000000e+01
9.000000000000000000e+01
9.700000000000000000e+01
1.070000000000000000e+02
1.070000000000000000e+02
1.110000000000000000e+02
1.160000000000000000e+02
1.240000000000000000e+02
1.280000000000000000e+02
1.280000000000000000e+02
1.340000000000000000e+02
1.390000000000000000e+02
1.450000000000000000e+02
1.450000000000000000e+02
1.500000000000000000e+02
1.530000000000000000e+02
1.600000000000000000e+02
1.680000000000000000e+02
1.680000000000000000e+02
1.750000000000000000e+02
1.860000000000000000e+02
1.890000000000000000e+02
1.890000000000000000e+02
1.970000000000000000e+02
2.060000000000000000e+02
2.130000000000000000e+02
2.240000000000000000e+02
2.240000000000000000e+02
2.270000000000000000e+02
2.330000000000000000e+02
2.420000000000000000e+02
2.420000000000000000e+02
2.510000000000000000e+02
2.510000000000000000e+02
2.510000000000000000e+02
2.510000000000000000e+02
2.510000000000000000e+02
2.510000000000000000e+02
2.510000000000000000e+02
2.510000000000000000e+02
2.510000000000000000e+02
2.510000000000000000e+02
2.510000000000000000e+02
2.510000000000000000e+02
2.510000000000000000e+02
2.510000000000000000e+02
2.510000000000000000e+02
2.510000000000000000e+02
2.510000000000000000e+02
2.510000000000000000e+02
2.510000000000000000e+02
2.510000000000000000e+02
2.500000000000000000e+02
2.500000000000000000e+02
2.490000000000000000e+02
2.470000000000000000e+02
2.460000000000000000e+02
2.450000000000000000e+02
2.420000000000000000e+02
2.400000000000000000e+02
2.360000000000000000e+02
2.310000000000000000e+02
2.280000000000000000e+02
2.240000000000000000e+02
2.240000000000000000e+02
2.160000000000000000e+02
2.110000000000000000e+02
2.070000000000000000e+02
2.020000000000000000e+02
1.970000000000000000e+02
1.950000000000000000e+02
1.900000000000000000e+02
1.820000000000000000e+02
1.820000000000000000e+02
1.790000000000000000e+02
1.760000000000000000e+02
1.740000000000000000e+02
1.720000000000000000e+02
1.700000000000000000e+02
1.660000000000000000e+02
1.650000000000000000e+02
1.610000000000000000e+02
1.580000000000000000e+02
1.560000000000000000e+02
1.510000000000000000e+02
1.480000000000000000e+02
1.460000000000000000e+02
1.430000000000000000e+02
1.380000000000000000e+02
1.330000000000000000e+02
1.310000000000000000e+02
1.240000000000000000e+02
1.200000000000000000e+02
1.110000000000000000e+02
1.040000000000000000e+02
9.900000000000000000e+01
