0.000000000000000000e+00
0.000000000000000000e+00
0.000000000000000000e+00
0.000000000000000000e+00
0.000000000000000000e+00
0.000000000000000000e+00
0.000000000000000000e+00
0.000000000000000000e+00
0.000000000000000000e+00
0.000000000000000000e+00
0.000000000000000000e+00
0.000000000000000000e+00
0.000000000000000000e+00
0.000000000000000000e+00
0.000000000000000000e+00
0.000000000000000000e+00
0.000000000000000000e+00
0.000000000000000000e+00
0.000000000000000000e+00
7.000000000000000000e+00
1.100000000000000000e+01
2.600000000000000000e+01
2.600000000000000000e+01
3.300000000000000000e+01
4.500000000000000000e+01
5.200000000000000000e+01
5.800000000000000000e+01
5.800000000000000000e+01
6.400000000000000000e+01
7.500000000000000000e+01
8.200000000000000000e+01
8.200000000000000000e+01
9.200000000000000000e+01
1.000000000000000000e+02
1.130000000000000000e+02
1.190000000000000000e+02
1.190000000000000000e+02
1.230000000000000000e+02
1.310000000000000000e+02
1.410000000000000000e+02
1.540000000000000000e+02
1.540000000000000000e+02
1.670000000000000000e+02
1.780000000000000000e+02
1.900000000000000000e+02
1.900000000000000000e+02
1.970000000000000000e+02
2.020000000000000000e+02
2.080000000000000000e+02
2.160000000000000000e+02
2.160000000000000000e+02
2.200000000000000000e+02
2.300000000000000000e+02
2.360000000000000000e+02
2.360000000000000000e+02
2.380000000000000000e+02
2.470000000000000000e+02
2.540000000000000000e+02
2.600000000000000000e+02
2.600000000000000000e+02
2.670000000000000000e+02
2.750000000000000000e+02
2.810000000000000000e+02
2.810000000000000000e+02
2.870000000000000000e+02
2.870000000000000000e+02
2.870000000000000000e+02
2.870000000000000000e+02
2.870000000000000000e+02
2.870000000000000000e+02
2.870000000000000000e+02
2.870000000000000000e+02
2.870000000000000000e+02
2.870000000000000000e+02
2.870000000000000000e+02
2.870000000000000000e+02
2.870000000000000000e+02
2.870000000000000000e+02
2.870000000000000000e+02
2.870000000000000000e+02
2.870000000000000000e+02
2.870000000000000000e+02
2.870000000000000000e+02
2.860000000000000000e+02
2.860000000000000000e+02
2.860000000000000000e+02
2.850000000000000000e+02
2.840000000000000000e+02
2.830000000000000000e+02
2.820000000000000000e+02
2.760000000000000000e+02
2.750000000000000000e+02
2.730000000000000000e+02
2.720000000000000000e+02
2.660000000000000000e+02
2.640000000000000000e+02
2.580000000000000000e+02
2.560000000000000000e+02
2.510000000000000000e+02
2.460000000000000000e+02
2.430000000000000000e+02
2.380000000000000000e+02
2.310000000000000000e+02
2.260000000000000000e+02
2.220000000000000000e+02
2.180000000000000000e+02
2.140000000000000000e+02
2.100000000000000000e+02
2.040000000000000000e+02
2.010000000000000000e+02
1.950000000000000000e+02
1.890000000000000000e+02
1.840000000000000000e+02
1.770000000000000000e+02
1.690000000000000000e+02
1.670000000000000000e+02
1.650000000000000000e+02
1.570000000000000000e+02
1.510000000000000000e+02
1.480000000000000000e+02
1.450000000000000000e+02
1.360000000000000000e+02
1.330000000000000000e+02
1.310000000000000000e+02
1.290000000000000000e+02
1.260000000000000000e+02
1.230000000000000000e+02
1.200000000000000000e+02
