0.000000000000000000e+00
0.000000000000000000e+00
0.000000000000000000e+00
0.000000000000000000e+00
0.000000000000000000e+00
0.000000000000000000e+00
0.000000000000000000e+00
0.000000000000000000e+00
0.000000000000000000e+00
0.000000000000000000e+00
0.000000000000000000e+00
0.000000000000000000e+00
0.000000000000000000e+00
0.000000000000000000e+00
0.000000000000000000e+00
0.000000000000000000e+00
0.000000000000000000e+00
0.000000000000000000e+00
0.000000000000000000e+00
0.000000000000000000e+00
4.000000000000000000e+00
9.000000000000000000e+00
9.000000000000000000e+00
1.900000000000000000e+01
2.300000000000000000e+01
3.300000000000000000e+01
4.200000000000000000e+01
4.200000000000000000e+01
5.000000000000000000e+01
5.900000000000000000e+01
6.500000000000000000e+01
6.500000000000000000e+01
7.300000000000000000e+01
7.800000000000000000e+01
8.900000000000000000e+01
9.800000000000000000e+01
9.800000000000000000e+01
1.100000000000000000e+02
1.170000000000000000e+02
1.230000000000000000e+02
1.290000000000000000e+02
1.290000000000000000e+02
1.370000000000000000e+02
1.470000000000000000e+02
1.610000000000000000e+02
1.610000000000000000e+02
1.680000000000000000e+02
1.730000000000000000e+02
1.850000000000000000e+02
1.910000000000000000e+02
1.910000000000000000e+02
1.960000000000000000e+02
2.040000000000000000e+02
2.120000000000000000e+02
2.120000000000000000e+02
2.170000000000000000e+02
2.280000000000000000e+02
2.420000000000000000e+02
2.460000000000000000e+02
2.460000000000000000e+02
2.520000000000000000e+02
2.590000000000000000e+02
2.640000000000000000e+02
2.640000000000000000e+02
2.720000000000000000e+02
2.720000000000000000e+02
2.720000000000000000e+02
2.720000000000000000e+02
2.720000000000000000e+02
2.720000000000000000e+02
2.720000000000000000e+02
2.720000000000000000e+02
2.720000000000000000e+02
2.720000000000000000e+02
2.720000000000000000e+02
2.720000000000000000e+02
2.720000000000000000e+02
2.720000000000000000e+02
2.720000000000000000e+02
2.720000000000000000e+02
2.720000000000000000e+02
2.720000000000000000e+02
2.720000000000000000e+02
2.720000000000000000e+02
2.700000000000000000e+02
2.690000000000000000e+02
2.680000000000000000e+02
2.670000000000000000e+02
2.660000000000000000e+02
2.650000000000000000e+02
2.640000000000000000e+02
2.640000000000000000e+02
2.600000000000000000e+02
2.590000000000000000e+02
2.550000000000000000e+02
2.540000000000000000e+02
2.520000000000000000e+02
2.500000000000000000e+02
2.490000000000000000e+02
2.410000000000000000e+02
2.390000000000000000e+02
2.370000000000000000e+02
2.340000000000000000e+02
2.330000000000000000e+02
2.230000000000000000e+02
2.210000000000000000e+02
2.140000000000000000e+02
2.090000000000000000e+02
2.060000000000000000e+02
2.040000000000000000e+02
2.000000000000000000e+02
1.940000000000000000e+02
1.900000000000000000e+02
1.870000000000000000e+02
1.850000000000000000e+02
1.770000000000000000e+02
1.750000000000000000e+02
1.680000000000000000e+02
1.660000000000000000e+02
1.600000000000000000e+02
1.520000000000000000e+02
1.460000000000000000e+02
1.420000000000000000e+02
1.340000000000000000e+02
1.280000000000000000e+02
1.240000000000000000e+02
1.200000000000000000e+02
1.180000000000000000e+02
