5.800000000000000000e+01
6.200000000000000000e+01
6.600000000000000000e+01
6.800000000000000000e+01
7.300000000000000000e+01
7.600000000000000000e+01
7.900000000000000000e+01
8.000000000000000000e+01
8.000000000000000000e+01
8.500000000000000000e+01
9.000000000000000000e+01
9.300000000000000000e+01
9.700000000000000000e+01
1.000000000000000000e+02
1.050000000000000000e+02
1.080000000000000000e+02
1.160000000000000000e+02
1.220000000000000000e+02
1.230000000000000000e+02
1.250000000000000000e+02
1.260000000000000000e+02
1.290000000000000000e+02
1.290000000000000000e+02
1.300000000000000000e+02
1.300000000000000000e+02
1.300000000000000000e+02
1.300000000000000000e+02
1.300000000000000000e+02
1.300000000000000000e+02
1.300000000000000000e+02
1.300000000000000000e+02
1.300000000000000000e+02
1.300000000000000000e+02
1.300000000000000000e+02
1.300000000000000000e+02
1.300000000000000000e+02
1.300000000000000000e+02
1.300000000000000000e+02
1.300000000000000000e+02
1.300000000000000000e+02
1.300000000000000000e+02
1.300000000000000000e+02
1.300000000000000000e+02
1.300000000000000000e+02
1.300000000000000000e+02
1.300000000000000000e+02
1.300000000000000000e+02
1.300000000000000000e+02
1.230000000000000000e+02
1.160000000000000000e+02
1.070000000000000000e+02
1.010000000000000000e+02
9.400000000000000000e+01
8.700000000000000000e+01
7.900000000000000000e+01
6.700000000000000000e+01
5.000000000000000000e+01
5.000000000000000000e+01
5.000000000000000000e+01
5.000000000000000000e+01
5.000000000000000000e+01
5.000000000000000000e+01
4.800000000000000000e+01
4.500000000000000000e+01
4.100000000000000000e+01
3.300000000000000000e+01
2.800000000000000000e+01
2.400000000000000000e+01
2.200000000000000000e+01
1.600000000000000000e+01
1.200000000000000000e+01
9.000000000000000000e+00
3.000000000000000000e+00
3.000000000000000000e+00
2.000000000000000000e+00
0.000000000000000000e+00
0.000000000000000000e+00
0.000000000000000000e+00
0.000000000000000000e+00
0.000000000000000000e+00
0.000000000000000000e+00
0.000000000000000000e+00
0.000000000000000000e+00
0.000000000000000000e+00
0.000000000000000000e+00
0.000000000000000000e+00
0.000000000000000000e+00
0.000000000000000000e+00
0.000000000000000000e+00
0.000000000000000000e+00
0.000000000000000000e+00
0.000000000000000000e+00
0.000000000000000000e+00
0.000000000000000000e+00
0.000000000000000000e+00
0.000000000000000000e+00
