2.700000000000000000e+01
2.800000000000000000e+01
3.000000000000000000e+01
3.000000000000000000e+01
3.300000000000000000e+01
3.400000000000000000e+01
4.100000000000000000e+01
4.400000000000000000e+01
4.900000000000000000e+01
5.100000000000000000e+01
5.700000000000000000e+01
6.300000000000000000e+01
6.800000000000000000e+01
7.300000000000000000e+01
8.200000000000000000e+01
9.500000000000000000e+01
1.020000000000000000e+02
1.100000000000000000e+02
1.160000000000000000e+02
1.270000000000000000e+02
1.320000000000000000e+02
1.340000000000000000e+02
1.380000000000000000e+02
1.460000000000000000e+02
1.680000000000000000e+02
1.720000000000000000e+02
1.790000000000000000e+02
1.910000000000000000e+02
1.970000000000000000e+02
2.040000000000000000e+02
2.110000000000000000e+02
2.200000000000000000e+02
2.260000000000000000e+02
2.340000000000000000e+02
2.410000000000000000e+02
2.450000000000000000e+02
2.520000000000000000e+02
2.560000000000000000e+02
2.660000000000000000e+02
2.730000000000000000e+02
2.760000000000000000e+02
2.850000000000000000e+02
2.940000000000000000e+02
3.020000000000000000e+02
3.100000000000000000e+02
3.180000000000000000e+02
3.240000000000000000e+02
3.300000000000000000e+02
3.560000000000000000e+02
3.560000000000000000e+02
3.560000000000000000e+02
3.560000000000000000e+02
3.560000000000000000e+02
3.560000000000000000e+02
3.560000000000000000e+02
3.560000000000000000e+02
3.560000000000000000e+02
3.560000000000000000e+02
3.560000000000000000e+02
3.560000000000000000e+02
3.560000000000000000e+02
3.560000000000000000e+02
3.540000000000000000e+02
3.460000000000000000e+02
3.390000000000000000e+02
3.300000000000000000e+02
3.230000000000000000e+02
3.140000000000000000e+02
3.070000000000000000e+02
3.010000000000000000e+02
2.930000000000000000e+02
2.880000000000000000e+02
2.760000000000000000e+02
2.680000000000000000e+02
2.630000000000000000e+02
2.590000000000000000e+02
2.530000000000000000e+02
2.480000000000000000e+02
2.390000000000000000e+02
2.280000000000000000e+02
2.220000000000000000e+02
2.160000000000000000e+02
2.130000000000000000e+02
2.110000000000000000e+02
2.050000000000000000e+02
1.970000000000000000e+02
1.910000000000000000e+02
1.770000000000000000e+02
1.740000000000000000e+02
1.590000000000000000e+02
1.540000000000000000e+02
1.460000000000000000e+02
1.410000000000000000e+02
1.340000000000000000e+02
1.300000000000000000e+02
1.200000000000000000e+02
