0.000000000000000000e+00
0.000000000000000000e+00
0.000000000000000000e+00
0.000000000000000000e+00
0.000000000000000000e+00
1.000000000000000000e+00
2.000000000000000000e+00
2.000000000000000000e+00
3.000000000000000000e+00
1.100000000000000000e+01
1.600000000000000000e+01
2.200000000000000000e+01
3.000000000000000000e+01
3.500000000000000000e+01
4.100000000000000000e+01
5.000000000000000000e+01
6.100000000000000000e+01
7.200000000000000000e+01
7.500000000000000000e+01
8.000000000000000000e+01
8.700000000000000000e+01
9.400000000000000000e+01
9.800000000000000000e+01
1.070000000000000000e+02
1.230000000000000000e+02
1.320000000000000000e+02
1.380000000000000000e+02
1.450000000000000000e+02
1.510000000000000000e+02
1.610000000000000000e+02
1.740000000000000000e+02
1.830000000000000000e+02
1.950000000000000000e+02
2.010000000000000000e+02
2.080000000000000000e+02
2.170000000000000000e+02
2.190000000000000000e+02
2.290000000000000000e+02
2.370000000000000000e+02
2.420000000000000000e+02
2.520000000000000000e+02
2.560000000000000000e+02
2.600000000000000000e+02
2.660000000000000000e+02
2.720000000000000000e+02
2.800000000000000000e+02
2.860000000000000000e+02
2.950000000000000000e+02
3.030000000000000000e+02
3.030000000000000000e+02
3.030000000000000000e+02
3.030000000000000000e+02
3.030000000000000000e+02
3.030000000000000000e+02
3.030000000000000000e+02
3.030000000000000000e+02
3.030000000000000000e+02
3.020000000000000000e+02
3.000000000000000000e+02
2.990000000000000000e+02
2.980000000000000000e+02
2.980000000000000000e+02
2.970000000000000000e+02
2.940000000000000000e+02
2.930000000000000000e+02
2.890000000000000000e+02
2.880000000000000000e+02
2.780000000000000000e+02
2.760000000000000000e+02
2.720000000000000000e+02
2.720000000000000000e+02
2.680000000000000000e+02
2.620000000000000000e+02
2.610000000000000000e+02
2.540000000000000000e+02
2.490000000000000000e+02
2.450000000000000000e+02
2.370000000000000000e+02
2.340000000000000000e+02
2.290000000000000000e+02
2.250000000000000000e+02
2.220000000000000000e+02
2.120000000000000000e+02
2.050000000000000000e+02
1.940000000000000000e+02
1.770000000000000000e+02
1.720000000000000000e+02
1.680000000000000000e+02
1.580000000000000000e+02
1.520000000000000000e+02
1.470000000000000000e+02
1.430000000000000000e+02
1.360000000000000000e+02
1.250000000000000000e+02
1.170000000000000000e+02
1.080000000000000000e+02
