0.000000000000000000e+00
0.000000000000000000e+00
0.000000000000000000e+00
0.000000000000000000e+00
0.000000000000000000e+00
0.000000000000000000e+00
0.000000000000000000e+00
0.000000000000000000e+00
0.000000000000000000e+00
0.000000000000000000e+00
4.000000000000000000e+00
5.000000000000000000e+00
7.000000000000000000e+00
9.000000000000000000e+00
1.100000000000000000e+01
1.700000000000000000e+01
2.100000000000000000e+01
2.500000000000000000e+01
3.000000000000000000e+01
3.300000000000000000e+01
3.600000000000000000e+01
3.800000000000000000e+01
4.200000000000000000e+01
4.700000000000000000e+01
4.900000000000000000e+01
5.300000000000000000e+01
5.400000000000000000e+01
5.400000000000000000e+01
6.400000000000000000e+01
7.000000000000000000e+01
7.900000000000000000e+01
8.200000000000000000e+01
9.100000000000000000e+01
9.600000000000000000e+01
1.080000000000000000e+02
1.120000000000000000e+02
1.190000000000000000e+02
1.250000000000000000e+02
1.360000000000000000e+02
1.440000000000000000e+02
1.470000000000000000e+02
1.610000000000000000e+02
1.670000000000000000e+02
1.770000000000000000e+02
1.850000000000000000e+02
1.890000000000000000e+02
1.940000000000000000e+02
2.010000000000000000e+02
2.170000000000000000e+02
2.170000000000000000e+02
2.170000000000000000e+02
2.170000000000000000e+02
2.170000000000000000e+02
2.170000000000000000e+02
2.170000000000000000e+02
2.170000000000000000e+02
2.170000000000000000e+02
2.170000000000000000e+02
2.170000000000000000e+02
2.160000000000000000e+02
2.160000000000000000e+02
2.150000000000000000e+02
2.120000000000000000e+02
2.100000000000000000e+02
2.080000000000000000e+02
2.050000000000000000e+02
2.030000000000000000e+02
2.020000000000000000e+02
2.020000000000000000e+02
1.980000000000000000e+02
1.960000000000000000e+02
1.920000000000000000e+02
1.880000000000000000e+02
1.800000000000000000e+02
1.730000000000000000e+02
1.720000000000000000e+02
1.650000000000000000e+02
1.630000000000000000e+02
1.610000000000000000e+02
1.570000000000000000e+02
1.540000000000000000e+02
1.510000000000000000e+02
1.480000000000000000e+02
1.440000000000000000e+02
1.400000000000000000e+02
1.390000000000000000e+02
1.360000000000000000e+02
1.340000000000000000e+02
1.300000000000000000e+02
1.260000000000000000e+02
1.220000000000000000e+02
1.140000000000000000e+02
1.090000000000000000e+02
1.040000000000000000e+02
9.500000000000000000e+01
9.200000000000000000e+01
