0.000000000000000000e+00
0.000000000000000000e+00
0.000000000000000000e+00
0.000000000000000000e+00
0.000000000000000000e+00
0.000000000000000000e+00
0.000000000000000000e+00
0.000000000000000000e+00
0.000000000000000000e+00
0.000000000000000000e+00
0.000000000000000000e+00
0.000000000000000000e+00
0.000000000000000000e+00
0.000000000000000000e+00
0.000000000000000000e+00
0.000000000000000000e+00
0.000000000000000000e+00
0.000000000000000000e+00
0.000000000000000000e+00
0.000000000000000000e+00
0.000000000000000000e+00
0.000000000000000000e+00
0.000000000000000000e+00
0.000000000000000000e+00
8.000000000000000000e+00
1.400000000000000000e+01
1.900000000000000000e+01
2.400000000000000000e+01
2.700000000000000000e+01
3.000000000000000000e+01
3.200000000000000000e+01
3.500000000000000000e+01
4.300000000000000000e+01
4.400000000000000000e+01
4.600000000000000000e+01
4.900000000000000000e+01
5.000000000000000000e+01
5.100000000000000000e+01
6.100000000000000000e+01
6.400000000000000000e+01
6.900000000000000000e+01
7.700000000000000000e+01
8.300000000000000000e+01
8.800000000000000000e+01
1.000000000000000000e+02
1.070000000000000000e+02
1.170000000000000000e+02
1.300000000000000000e+02
1.460000000000000000e+02
1.460000000000000000e+02
1.460000000000000000e+02
1.460000000000000000e+02
1.460000000000000000e+02
1.460000000000000000e+02
1.460000000000000000e+02
1.460000000000000000e+02
1.460000000000000000e+02
1.460000000000000000e+02
1.460000000000000000e+02
1.460000000000000000e+02
1.460000000000000000e+02
1.460000000000000000e+02
1.460000000000000000e+02
1.460000000000000000e+02
1.460000000000000000e+02
1.460000000000000000e+02
1.460000000000000000e+02
1.460000000000000000e+02
1.460000000000000000e+02
1.460000000000000000e+02
1.460000000000000000e+02
1.460000000000000000e+02
1.440000000000000000e+02
1.410000000000000000e+02
1.390000000000000000e+02
1.390000000000000000e+02
1.370000000000000000e+02
1.320000000000000000e+02
1.300000000000000000e+02
1.300000000000000000e+02
1.270000000000000000e+02
1.240000000000000000e+02
1.200000000000000000e+02
1.140000000000000000e+02
1.080000000000000000e+02
9.800000000000000000e+01
9.500000000000000000e+01
9.400000000000000000e+01
9.400000000000000000e+01
9.200000000000000000e+01
9.200000000000000000e+01
9.100000000000000000e+01
8.900000000000000000e+01
8.700000000000000000e+01
8.400000000000000000e+01
8.200000000000000000e+01
