1.000000000000000000e+00
1.000000000000000000e+00
1.000000000000000000e+00
1.000000000000000000e+00
1.000000000000000000e+00
1.000000000000000000e+00
1.000000000000000000e+00
1.000000000000000000e+00
1.000000000000000000e+00
1.000000000000000000e+00
1.000000000000000000e+00
1.000000000000000000e+00
1.000000000000000000e+00
1.000000000000000000e+00
1.000000000000000000e+00
1.000000000000000000e+00
1.000000000000000000e+00
1.000000000000000000e+00
1.000000000000000000e+00
1.000000000000000000e+00
1.000000000000000000e+00
1.000000000000000000e+00
1.000000000000000000e+00
1.000000000000000000e+00
1.000000000000000000e+00
1.000000000000000000e+00
1.000000000000000000e+00
1.000000000000000000e+00
1.000000000000000000e+00
1.000000000000000000e+00
1.000000000000000000e+00
1.000000000000000000e+00
1.000000000000000000e+00
1.000000000000000000e+00
1.000000000000000000e+00
1.000000000000000000e+00
2.000000000000000000e+00
6.000000000000000000e+00
1.500000000000000000e+01
2.000000000000000000e+01
2.500000000000000000e+01
3.300000000000000000e+01
3.700000000000000000e+01
4.500000000000000000e+01
5.200000000000000000e+01
6.100000000000000000e+01
6.500000000000000000e+01
7.100000000000000000e+01
8.500000000000000000e+01
8.500000000000000000e+01
8.500000000000000000e+01
8.500000000000000000e+01
8.500000000000000000e+01
8.500000000000000000e+01
8.500000000000000000e+01
8.500000000000000000e+01
8.500000000000000000e+01
8.500000000000000000e+01
8.500000000000000000e+01
8.500000000000000000e+01
8.500000000000000000e+01
8.500000000000000000e+01
8.500000000000000000e+01
8.500000000000000000e+01
8.500000000000000000e+01
8.500000000000000000e+01
8.500000000000000000e+01
8.500000000000000000e+01
8.500000000000000000e+01
8.500000000000000000e+01
8.500000000000000000e+01
8.500000000000000000e+01
8.500000000000000000e+01
8.500000000000000000e+01
8.500000000000000000e+01
8.500000000000000000e+01
8.500000000000000000e+01
8.500000000000000000e+01
8.500000000000000000e+01
8.500000000000000000e+01
8.500000000000000000e+01
8.500000000000000000e+01
8.500000000000000000e+01
8.500000000000000000e+01
8.500000000000000000e+01
8.500000000000000000e+01
8.500000000000000000e+01
8.500000000000000000e+01
8.500000000000000000e+01
8.500000000000000000e+01
8.500000000000000000e+01
8.500000000000000000e+01
8.500000000000000000e+01
8.500000000000000000e+01
8.500000000000000000e+01
8.000000000000000000e+01
