3.800000000000000000e+01
4.200000000000000000e+01
4.400000000000000000e+01
4.700000000000000000e+01
4.900000000000000000e+01
5.100000000000000000e+01
5.400000000000000000e+01
5.700000000000000000e+01
6.100000000000000000e+01
6.400000000000000000e+01
7.000000000000000000e+01
7.500000000000000000e+01
8.400000000000000000e+01
9.000000000000000000e+01
9.600000000000000000e+01
1.030000000000000000e+02
1.050000000000000000e+02
1.110000000000000000e+02
1.150000000000000000e+02
1.230000000000000000e+02
1.310000000000000000e+02
1.350000000000000000e+02
1.460000000000000000e+02
1.480000000000000000e+02
1.640000000000000000e+02
1.700000000000000000e+02
1.790000000000000000e+02
1.900000000000000000e+02
1.940000000000000000e+02
2.050000000000000000e+02
2.080000000000000000e+02
2.160000000000000000e+02
2.220000000000000000e+02
2.370000000000000000e+02
2.420000000000000000e+02
2.490000000000000000e+02
2.570000000000000000e+02
2.680000000000000000e+02
2.740000000000000000e+02
2.820000000000000000e+02
2.880000000000000000e+02
2.930000000000000000e+02
2.970000000000000000e+02
3.080000000000000000e+02
3.170000000000000000e+02
3.250000000000000000e+02
3.330000000000000000e+02
3.420000000000000000e+02
3.610000000000000000e+02
3.610000000000000000e+02
3.610000000000000000e+02
3.610000000000000000e+02
3.610000000000000000e+02
3.610000000000000000e+02
3.610000000000000000e+02
3.610000000000000000e+02
3.610000000000000000e+02
3.610000000000000000e+02
3.610000000000000000e+02
3.610000000000000000e+02
3.610000000000000000e+02
3.610000000000000000e+02
3.510000000000000000e+02
3.390000000000000000e+02
3.320000000000000000e+02
3.270000000000000000e+02
3.170000000000000000e+02
3.100000000000000000e+02
2.990000000000000000e+02
2.910000000000000000e+02
2.820000000000000000e+02
2.740000000000000000e+02
2.660000000000000000e+02
2.570000000000000000e+02
2.480000000000000000e+02
2.370000000000000000e+02
2.300000000000000000e+02
2.260000000000000000e+02
2.170000000000000000e+02
2.110000000000000000e+02
2.050000000000000000e+02
1.970000000000000000e+02
1.930000000000000000e+02
1.910000000000000000e+02
1.830000000000000000e+02
1.760000000000000000e+02
1.700000000000000000e+02
1.630000000000000000e+02
1.570000000000000000e+02
1.510000000000000000e+02
1.430000000000000000e+02
1.370000000000000000e+02
1.330000000000000000e+02
1.250000000000000000e+02
1.230000000000000000e+02
1.180000000000000000e+02
