2.800000000000000000e+01
2.800000000000000000e+01
3.300000000000000000e+01
3.500000000000000000e+01
3.700000000000000000e+01
4.100000000000000000e+01
4.600000000000000000e+01
4.900000000000000000e+01
5.000000000000000000e+01
5.100000000000000000e+01
5.300000000000000000e+01
5.800000000000000000e+01
6.400000000000000000e+01
7.000000000000000000e+01
7.600000000000000000e+01
8.200000000000000000e+01
8.800000000000000000e+01
9.400000000000000000e+01
1.050000000000000000e+02
1.090000000000000000e+02
1.190000000000000000e+02
1.320000000000000000e+02
1.400000000000000000e+02
1.490000000000000000e+02
1.730000000000000000e+02
1.780000000000000000e+02
1.840000000000000000e+02
1.870000000000000000e+02
1.940000000000000000e+02
2.000000000000000000e+02
2.050000000000000000e+02
2.140000000000000000e+02
2.230000000000000000e+02
2.270000000000000000e+02
2.370000000000000000e+02
2.460000000000000000e+02
2.520000000000000000e+02
2.600000000000000000e+02
2.680000000000000000e+02
2.800000000000000000e+02
2.920000000000000000e+02
2.950000000000000000e+02
3.000000000000000000e+02
3.120000000000000000e+02
3.190000000000000000e+02
3.240000000000000000e+02
3.280000000000000000e+02
3.330000000000000000e+02
3.390000000000000000e+02
3.390000000000000000e+02
3.390000000000000000e+02
3.390000000000000000e+02
3.390000000000000000e+02
3.390000000000000000e+02
3.390000000000000000e+02
3.390000000000000000e+02
3.390000000000000000e+02
3.390000000000000000e+02
3.390000000000000000e+02
3.390000000000000000e+02
3.390000000000000000e+02
3.390000000000000000e+02
3.390000000000000000e+02
3.390000000000000000e+02
3.390000000000000000e+02
3.320000000000000000e+02
3.230000000000000000e+02
3.150000000000000000e+02
3.070000000000000000e+02
3.010000000000000000e+02
2.930000000000000000e+02
2.880000000000000000e+02
2.780000000000000000e+02
2.680000000000000000e+02
2.570000000000000000e+02
2.460000000000000000e+02
2.360000000000000000e+02
2.270000000000000000e+02
2.200000000000000000e+02
2.170000000000000000e+02
2.160000000000000000e+02
2.090000000000000000e+02
2.060000000000000000e+02
1.980000000000000000e+02
1.910000000000000000e+02
1.820000000000000000e+02
1.750000000000000000e+02
1.700000000000000000e+02
1.640000000000000000e+02
1.600000000000000000e+02
1.450000000000000000e+02
1.390000000000000000e+02
1.330000000000000000e+02
1.260000000000000000e+02
1.210000000000000000e+02
1.180000000000000000e+02
