2.200000000000000000e+01
2.200000000000000000e+01
2.300000000000000000e+01
2.500000000000000000e+01
2.600000000000000000e+01
3.000000000000000000e+01
3.300000000000000000e+01
3.600000000000000000e+01
4.200000000000000000e+01
4.300000000000000000e+01
4.500000000000000000e+01
5.100000000000000000e+01
5.500000000000000000e+01
5.900000000000000000e+01
6.600000000000000000e+01
7.000000000000000000e+01
7.400000000000000000e+01
7.600000000000000000e+01
7.900000000000000000e+01
8.000000000000000000e+01
8.600000000000000000e+01
9.400000000000000000e+01
1.030000000000000000e+02
1.130000000000000000e+02
1.280000000000000000e+02
1.350000000000000000e+02
1.440000000000000000e+02
1.560000000000000000e+02
1.660000000000000000e+02
1.730000000000000000e+02
1.810000000000000000e+02
1.840000000000000000e+02
1.910000000000000000e+02
1.930000000000000000e+02
2.020000000000000000e+02
2.110000000000000000e+02
2.180000000000000000e+02
2.240000000000000000e+02
2.310000000000000000e+02
2.350000000000000000e+02
2.410000000000000000e+02
2.480000000000000000e+02
2.530000000000000000e+02
2.600000000000000000e+02
2.650000000000000000e+02
2.750000000000000000e+02
2.840000000000000000e+02
2.890000000000000000e+02
2.980000000000000000e+02
2.980000000000000000e+02
2.980000000000000000e+02
2.980000000000000000e+02
2.980000000000000000e+02
2.980000000000000000e+02
2.980000000000000000e+02
2.980000000000000000e+02
2.980000000000000000e+02
2.980000000000000000e+02
2.980000000000000000e+02
2.980000000000000000e+02
2.980000000000000000e+02
2.980000000000000000e+02
2.980000000000000000e+02
2.980000000000000000e+02
2.980000000000000000e+02
2.980000000000000000e+02
2.980000000000000000e+02
2.980000000000000000e+02
2.980000000000000000e+02
2.980000000000000000e+02
2.980000000000000000e+02
2.980000000000000000e+02
2.980000000000000000e+02
2.940000000000000000e+02
2.810000000000000000e+02
2.730000000000000000e+02
2.610000000000000000e+02
2.540000000000000000e+02
2.460000000000000000e+02
2.400000000000000000e+02
2.320000000000000000e+02
2.280000000000000000e+02
2.220000000000000000e+02
2.120000000000000000e+02
2.000000000000000000e+02
1.950000000000000000e+02
1.880000000000000000e+02
1.790000000000000000e+02
1.710000000000000000e+02
1.640000000000000000e+02
1.530000000000000000e+02
1.460000000000000000e+02
1.410000000000000000e+02
1.340000000000000000e+02
1.260000000000000000e+02
1.170000000000000000e+02
