6.700000000000000000e+01
7.000000000000000000e+01
7.400000000000000000e+01
7.400000000000000000e+01
7.600000000000000000e+01
7.800000000000000000e+01
7.800000000000000000e+01
7.900000000000000000e+01
7.900000000000000000e+01
7.900000000000000000e+01
8.300000000000000000e+01
8.900000000000000000e+01
9.300000000000000000e+01
1.000000000000000000e+02
1.040000000000000000e+02
1.120000000000000000e+02
1.160000000000000000e+02
1.200000000000000000e+02
1.200000000000000000e+02
1.240000000000000000e+02
1.250000000000000000e+02
1.250000000000000000e+02
1.280000000000000000e+02
1.310000000000000000e+02
1.340000000000000000e+02
1.340000000000000000e+02
1.360000000000000000e+02
1.380000000000000000e+02
1.390000000000000000e+02
1.420000000000000000e+02
1.420000000000000000e+02
1.440000000000000000e+02
1.450000000000000000e+02
1.450000000000000000e+02
1.450000000000000000e+02
1.450000000000000000e+02
1.450000000000000000e+02
1.450000000000000000e+02
1.450000000000000000e+02
1.450000000000000000e+02
1.450000000000000000e+02
1.450000000000000000e+02
1.450000000000000000e+02
1.450000000000000000e+02
1.450000000000000000e+02
1.450000000000000000e+02
1.450000000000000000e+02
1.450000000000000000e+02
1.410000000000000000e+02
1.320000000000000000e+02
1.230000000000000000e+02
1.140000000000000000e+02
1.070000000000000000e+02
1.040000000000000000e+02
9.700000000000000000e+01
8.100000000000000000e+01
7.400000000000000000e+01
6.600000000000000000e+01
6.600000000000000000e+01
6.600000000000000000e+01
6.300000000000000000e+01
6.200000000000000000e+01
5.800000000000000000e+01
5.700000000000000000e+01
5.100000000000000000e+01
4.800000000000000000e+01
4.200000000000000000e+01
4.000000000000000000e+01
3.900000000000000000e+01
3.400000000000000000e+01
3.200000000000000000e+01
2.900000000000000000e+01
2.700000000000000000e+01
2.300000000000000000e+01
2.100000000000000000e+01
1.700000000000000000e+01
1.300000000000000000e+01
5.000000000000000000e+00
5.000000000000000000e+00
4.000000000000000000e+00
0.000000000000000000e+00
0.000000000000000000e+00
0.000000000000000000e+00
0.000000000000000000e+00
0.000000000000000000e+00
0.000000000000000000e+00
0.000000000000000000e+00
0.000000000000000000e+00
0.000000000000000000e+00
0.000000000000000000e+00
0.000000000000000000e+00
0.000000000000000000e+00
0.000000000000000000e+00
0.000000000000000000e+00
0.000000000000000000e+00
0.000000000000000000e+00
