4.100000000000000000e+01
4.400000000000000000e+01
4.400000000000000000e+01
4.500000000000000000e+01
4.500000000000000000e+01
4.700000000000000000e+01
4.800000000000000000e+01
4.800000000000000000e+01
5.000000000000000000e+01
5.100000000000000000e+01
5.500000000000000000e+01
5.800000000000000000e+01
6.000000000000000000e+01
6.000000000000000000e+01
6.400000000000000000e+01
6.900000000000000000e+01
7.200000000000000000e+01
7.300000000000000000e+01
8.000000000000000000e+01
8.300000000000000000e+01
8.400000000000000000e+01
8.400000000000000000e+01
8.400000000000000000e+01
8.500000000000000000e+01
8.500000000000000000e+01
8.700000000000000000e+01
8.900000000000000000e+01
9.100000000000000000e+01
9.500000000000000000e+01
9.700000000000000000e+01
9.900000000000000000e+01
1.000000000000000000e+02
1.000000000000000000e+02
1.000000000000000000e+02
1.000000000000000000e+02
1.000000000000000000e+02
1.000000000000000000e+02
1.000000000000000000e+02
1.000000000000000000e+02
1.010000000000000000e+02
1.070000000000000000e+02
1.070000000000000000e+02
1.070000000000000000e+02
1.070000000000000000e+02
1.070000000000000000e+02
1.070000000000000000e+02
1.070000000000000000e+02
1.070000000000000000e+02
9.900000000000000000e+01
9.200000000000000000e+01
8.300000000000000000e+01
7.700000000000000000e+01
7.200000000000000000e+01
6.800000000000000000e+01
6.300000000000000000e+01
6.300000000000000000e+01
6.200000000000000000e+01
6.100000000000000000e+01
6.100000000000000000e+01
5.900000000000000000e+01
5.800000000000000000e+01
5.500000000000000000e+01
5.400000000000000000e+01
5.000000000000000000e+01
4.600000000000000000e+01
4.500000000000000000e+01
4.000000000000000000e+01
3.500000000000000000e+01
3.200000000000000000e+01
3.100000000000000000e+01
2.900000000000000000e+01
2.900000000000000000e+01
2.900000000000000000e+01
2.800000000000000000e+01
2.800000000000000000e+01
2.700000000000000000e+01
2.200000000000000000e+01
2.000000000000000000e+01
1.700000000000000000e+01
1.400000000000000000e+01
1.100000000000000000e+01
1.100000000000000000e+01
1.000000000000000000e+01
9.000000000000000000e+00
9.000000000000000000e+00
9.000000000000000000e+00
9.000000000000000000e+00
9.000000000000000000e+00
9.000000000000000000e+00
9.000000000000000000e+00
9.000000000000000000e+00
9.000000000000000000e+00
9.000000000000000000e+00
9.000000000000000000e+00
9.000000000000000000e+00
8.000000000000000000e+00
