6.400000000000000000e+01
6.700000000000000000e+01
6.900000000000000000e+01
6.900000000000000000e+01
7.000000000000000000e+01
7.200000000000000000e+01
7.400000000000000000e+01
7.900000000000000000e+01
8.400000000000000000e+01
8.600000000000000000e+01
9.000000000000000000e+01
9.200000000000000000e+01
9.500000000000000000e+01
9.600000000000000000e+01
9.700000000000000000e+01
9.900000000000000000e+01
1.010000000000000000e+02
1.030000000000000000e+02
1.040000000000000000e+02
1.040000000000000000e+02
1.040000000000000000e+02
1.050000000000000000e+02
1.060000000000000000e+02
1.100000000000000000e+02
1.110000000000000000e+02
1.110000000000000000e+02
1.110000000000000000e+02
1.110000000000000000e+02
1.110000000000000000e+02
1.110000000000000000e+02
1.110000000000000000e+02
1.110000000000000000e+02
1.110000000000000000e+02
1.110000000000000000e+02
1.110000000000000000e+02
1.110000000000000000e+02
1.110000000000000000e+02
1.130000000000000000e+02
1.170000000000000000e+02
1.230000000000000000e+02
1.260000000000000000e+02
1.340000000000000000e+02
1.380000000000000000e+02
1.430000000000000000e+02
1.520000000000000000e+02
1.580000000000000000e+02
1.690000000000000000e+02
1.770000000000000000e+02
1.770000000000000000e+02
1.680000000000000000e+02
1.600000000000000000e+02
1.490000000000000000e+02
1.400000000000000000e+02
1.290000000000000000e+02
1.220000000000000000e+02
1.130000000000000000e+02
1.130000000000000000e+02
1.110000000000000000e+02
1.100000000000000000e+02
1.080000000000000000e+02
1.050000000000000000e+02
1.010000000000000000e+02
1.000000000000000000e+02
9.700000000000000000e+01
9.300000000000000000e+01
8.900000000000000000e+01
8.800000000000000000e+01
8.400000000000000000e+01
8.400000000000000000e+01
8.300000000000000000e+01
8.200000000000000000e+01
8.100000000000000000e+01
8.000000000000000000e+01
7.900000000000000000e+01
7.700000000000000000e+01
7.700000000000000000e+01
7.700000000000000000e+01
7.700000000000000000e+01
7.700000000000000000e+01
7.700000000000000000e+01
7.700000000000000000e+01
7.700000000000000000e+01
7.700000000000000000e+01
7.700000000000000000e+01
7.700000000000000000e+01
7.700000000000000000e+01
7.700000000000000000e+01
7.700000000000000000e+01
7.700000000000000000e+01
7.700000000000000000e+01
7.700000000000000000e+01
7.700000000000000000e+01
7.700000000000000000e+01
7.700000000000000000e+01
7.700000000000000000e+01
7.300000000000000000e+01
