0.000000000000000000e+00
0.000000000000000000e+00
0.000000000000000000e+00
0.000000000000000000e+00
0.000000000000000000e+00
0.000000000000000000e+00
0.000000000000000000e+00
0.000000000000000000e+00
0.000000000000000000e+00
0.000000000000000000e+00
0.000000000000000000e+00
0.000000000000000000e+00
0.000000000000000000e+00
2.000000000000000000e+00
8.000000000000000000e+00
1.400000000000000000e+01
1.800000000000000000e+01
2.200000000000000000e+01
3.100000000000000000e+01
3.600000000000000000e+01
3.700000000000000000e+01
4.800000000000000000e+01
5.800000000000000000e+01
6.800000000000000000e+01
7.700000000000000000e+01
7.800000000000000000e+01
8.300000000000000000e+01
9.000000000000000000e+01
1.060000000000000000e+02
1.110000000000000000e+02
1.210000000000000000e+02
1.300000000000000000e+02
1.370000000000000000e+02
1.470000000000000000e+02
1.530000000000000000e+02
1.640000000000000000e+02
1.680000000000000000e+02
1.770000000000000000e+02
1.850000000000000000e+02
1.910000000000000000e+02
2.000000000000000000e+02
2.100000000000000000e+02
2.170000000000000000e+02
2.240000000000000000e+02
2.320000000000000000e+02
2.370000000000000000e+02
2.460000000000000000e+02
2.580000000000000000e+02
2.750000000000000000e+02
2.750000000000000000e+02
2.750000000000000000e+02
2.750000000000000000e+02
2.750000000000000000e+02
2.750000000000000000e+02
2.750000000000000000e+02
2.750000000000000000e+02
2.750000000000000000e+02
2.750000000000000000e+02
2.750000000000000000e+02
2.750000000000000000e+02
2.750000000000000000e+02
2.750000000000000000e+02
2.750000000000000000e+02
2.720000000000000000e+02
2.700000000000000000e+02
2.700000000000000000e+02
2.660000000000000000e+02
2.640000000000000000e+02
2.640000000000000000e+02
2.620000000000000000e+02
2.560000000000000000e+02
2.540000000000000000e+02
2.530000000000000000e+02
2.500000000000000000e+02
2.460000000000000000e+02
2.410000000000000000e+02
2.330000000000000000e+02
2.280000000000000000e+02
2.200000000000000000e+02
2.140000000000000000e+02
2.120000000000000000e+02
2.070000000000000000e+02
1.990000000000000000e+02
1.920000000000000000e+02
1.870000000000000000e+02
1.820000000000000000e+02
1.780000000000000000e+02
1.700000000000000000e+02
1.620000000000000000e+02
1.530000000000000000e+02
1.430000000000000000e+02
1.370000000000000000e+02
1.300000000000000000e+02
1.240000000000000000e+02
1.160000000000000000e+02
1.120000000000000000e+02
