4.600000000000000000e+01
4.600000000000000000e+01
4.700000000000000000e+01
4.700000000000000000e+01
4.700000000000000000e+01
4.700000000000000000e+01
4.700000000000000000e+01
5.000000000000000000e+01
5.700000000000000000e+01
6.000000000000000000e+01
6.400000000000000000e+01
6.800000000000000000e+01
7.200000000000000000e+01
7.400000000000000000e+01
8.000000000000000000e+01
8.200000000000000000e+01
8.700000000000000000e+01
9.300000000000000000e+01
1.020000000000000000e+02
1.050000000000000000e+02
1.070000000000000000e+02
1.100000000000000000e+02
1.170000000000000000e+02
1.210000000000000000e+02
1.250000000000000000e+02
1.270000000000000000e+02
1.290000000000000000e+02
1.310000000000000000e+02
1.320000000000000000e+02
1.320000000000000000e+02
1.320000000000000000e+02
1.320000000000000000e+02
1.320000000000000000e+02
1.320000000000000000e+02
1.320000000000000000e+02
1.320000000000000000e+02
1.320000000000000000e+02
1.320000000000000000e+02
1.320000000000000000e+02
1.320000000000000000e+02
1.320000000000000000e+02
1.320000000000000000e+02
1.320000000000000000e+02
1.320000000000000000e+02
1.320000000000000000e+02
1.320000000000000000e+02
1.320000000000000000e+02
1.320000000000000000e+02
1.210000000000000000e+02
1.080000000000000000e+02
1.010000000000000000e+02
8.500000000000000000e+01
8.500000000000000000e+01
8.500000000000000000e+01
8.500000000000000000e+01
8.500000000000000000e+01
8.500000000000000000e+01
8.300000000000000000e+01
8.200000000000000000e+01
8.200000000000000000e+01
7.900000000000000000e+01
7.900000000000000000e+01
7.500000000000000000e+01
7.100000000000000000e+01
6.800000000000000000e+01
6.600000000000000000e+01
6.200000000000000000e+01
5.800000000000000000e+01
5.500000000000000000e+01
5.100000000000000000e+01
4.300000000000000000e+01
4.000000000000000000e+01
3.700000000000000000e+01
2.700000000000000000e+01
2.100000000000000000e+01
1.900000000000000000e+01
9.000000000000000000e+00
0.000000000000000000e+00
0.000000000000000000e+00
0.000000000000000000e+00
0.000000000000000000e+00
0.000000000000000000e+00
0.000000000000000000e+00
0.000000000000000000e+00
0.000000000000000000e+00
0.000000000000000000e+00
0.000000000000000000e+00
0.000000000000000000e+00
0.000000000000000000e+00
0.000000000000000000e+00
0.000000000000000000e+00
0.000000000000000000e+00
0.000000000000000000e+00
0.000000000000000000e+00
0.000000000000000000e+00
0.000000000000000000e+00
