7.900000000000000000e+01
8.000000000000000000e+01
8.100000000000000000e+01
8.000000000000000000e+01
7.700000000000000000e+01
7.400000000000000000e+01
7.200000000000000000e+01
7.200000000000000000e+01
6.800000000000000000e+01
6.400000000000000000e+01
6.000000000000000000e+01
5.700000000000000000e+01
5.600000000000000000e+01
5.600000000000000000e+01
5.700000000000000000e+01
5.600000000000000000e+01
5.800000000000000000e+01
5.800000000000000000e+01
5.600000000000000000e+01
5.600000000000000000e+01
5.500000000000000000e+01
5.400000000000000000e+01
5.100000000000000000e+01
5.000000000000000000e+01
5.100000000000000000e+01
4.800000000000000000e+01
5.100000000000000000e+01
4.900000000000000000e+01
5.100000000000000000e+01
5.200000000000000000e+01
5.400000000000000000e+01
5.400000000000000000e+01
5.500000000000000000e+01
5.800000000000000000e+01
6.300000000000000000e+01
6.500000000000000000e+01
6.500000000000000000e+01
6.600000000000000000e+01
7.100000000000000000e+01
8.100000000000000000e+01
8.300000000000000000e+01
8.300000000000000000e+01
8.800000000000000000e+01
9.400000000000000000e+01
9.600000000000000000e+01
9.600000000000000000e+01
9.900000000000000000e+01
1.060000000000000000e+02
1.110000000000000000e+02
1.150000000000000000e+02
1.130000000000000000e+02
1.130000000000000000e+02
1.140000000000000000e+02
1.160000000000000000e+02
1.150000000000000000e+02
1.180000000000000000e+02
1.210000000000000000e+02
1.250000000000000000e+02
1.260000000000000000e+02
1.240000000000000000e+02
1.270000000000000000e+02
1.290000000000000000e+02
1.330000000000000000e+02
1.330000000000000000e+02
1.380000000000000000e+02
1.420000000000000000e+02
1.480000000000000000e+02
1.500000000000000000e+02
1.490000000000000000e+02
1.510000000000000000e+02
1.530000000000000000e+02
1.630000000000000000e+02
1.640000000000000000e+02
1.620000000000000000e+02
1.660000000000000000e+02
1.710000000000000000e+02
1.750000000000000000e+02
1.730000000000000000e+02
1.770000000000000000e+02
1.760000000000000000e+02
1.780000000000000000e+02
1.770000000000000000e+02
1.720000000000000000e+02
1.740000000000000000e+02
1.730000000000000000e+02
1.730000000000000000e+02
1.700000000000000000e+02
1.690000000000000000e+02
1.680000000000000000e+02
1.650000000000000000e+02
1.660000000000000000e+02
1.590000000000000000e+02
1.580000000000000000e+02
1.550000000000000000e+02
1.540000000000000000e+02
1.490000000000000000e+02
1.490000000000000000e+02
1.530000000000000000e+02
1.520000000000000000e+02
1.480000000000000000e+02
1.440000000000000000e+02
1.450000000000000000e+02
1.460000000000000000e+02
1.500000000000000000e+02
1.560000000000000000e+02
1.550000000000000000e+02
1.560000000000000000e+02
1.590000000000000000e+02
1.600000000000000000e+02
1.580000000000000000e+02
1.560000000000000000e+02
1.560000000000000000e+02
1.590000000000000000e+02
1.580000000000000000e+02
1.530000000000000000e+02
1.550000000000000000e+02
1.580000000000000000e+02
1.610000000000000000e+02
1.570000000000000000e+02
1.600000000000000000e+02
1.640000000000000000e+02
1.620000000000000000e+02
1.570000000000000000e+02
1.510000000000000000e+02
1.510000000000000000e+02
1.520000000000000000e+02
1.500000000000000000e+02
1.470000000000000000e+02
