4.200000000000000000e+01
3.800000000000000000e+01
3.800000000000000000e+01
3.700000000000000000e+01
3.500000000000000000e+01
3.100000000000000000e+01
2.800000000000000000e+01
2.500000000000000000e+01
2.000000000000000000e+01
1.600000000000000000e+01
1.400000000000000000e+01
1.400000000000000000e+01
1.200000000000000000e+01
1.100000000000000000e+01
8.000000000000000000e+00
8.000000000000000000e+00
8.000000000000000000e+00
1.000000000000000000e+01
1.000000000000000000e+01
1.000000000000000000e+01
1.400000000000000000e+01
1.600000000000000000e+01
1.600000000000000000e+01
1.700000000000000000e+01
1.900000000000000000e+01
2.000000000000000000e+01
2.000000000000000000e+01
2.000000000000000000e+01
2.000000000000000000e+01
2.300000000000000000e+01
2.600000000000000000e+01
2.600000000000000000e+01
2.600000000000000000e+01
2.700000000000000000e+01
2.800000000000000000e+01
3.300000000000000000e+01
3.300000000000000000e+01
3.700000000000000000e+01
3.800000000000000000e+01
3.800000000000000000e+01
3.700000000000000000e+01
3.600000000000000000e+01
3.800000000000000000e+01
4.000000000000000000e+01
4.000000000000000000e+01
4.000000000000000000e+01
4.200000000000000000e+01
4.700000000000000000e+01
4.700000000000000000e+01
4.900000000000000000e+01
4.900000000000000000e+01
5.100000000000000000e+01
5.700000000000000000e+01
6.100000000000000000e+01
6.000000000000000000e+01
6.200000000000000000e+01
6.600000000000000000e+01
7.100000000000000000e+01
7.400000000000000000e+01
7.400000000000000000e+01
7.800000000000000000e+01
8.300000000000000000e+01
8.700000000000000000e+01
8.600000000000000000e+01
9.100000000000000000e+01
9.400000000000000000e+01
9.400000000000000000e+01
9.500000000000000000e+01
9.500000000000000000e+01
9.700000000000000000e+01
9.800000000000000000e+01
1.010000000000000000e+02
1.050000000000000000e+02
1.040000000000000000e+02
1.080000000000000000e+02
1.140000000000000000e+02
1.150000000000000000e+02
1.110000000000000000e+02
1.170000000000000000e+02
1.190000000000000000e+02
1.190000000000000000e+02
1.240000000000000000e+02
1.230000000000000000e+02
1.240000000000000000e+02
1.280000000000000000e+02
1.300000000000000000e+02
1.290000000000000000e+02
1.300000000000000000e+02
1.330000000000000000e+02
1.350000000000000000e+02
1.430000000000000000e+02
1.390000000000000000e+02
1.400000000000000000e+02
1.430000000000000000e+02
1.460000000000000000e+02
1.450000000000000000e+02
1.490000000000000000e+02
1.510000000000000000e+02
1.530000000000000000e+02
1.540000000000000000e+02
1.540000000000000000e+02
1.540000000000000000e+02
1.530000000000000000e+02
1.540000000000000000e+02
1.530000000000000000e+02
1.530000000000000000e+02
1.560000000000000000e+02
1.570000000000000000e+02
1.560000000000000000e+02
1.550000000000000000e+02
1.580000000000000000e+02
1.580000000000000000e+02
1.630000000000000000e+02
1.660000000000000000e+02
1.640000000000000000e+02
1.640000000000000000e+02
1.620000000000000000e+02
1.650000000000000000e+02
1.600000000000000000e+02
1.590000000000000000e+02
1.600000000000000000e+02
1.630000000000000000e+02
1.650000000000000000e+02
1.610000000000000000e+02
1.610000000000000000e+02
1.570000000000000000e+02
1.590000000000000000e+02
1.520000000000000000e+02
