9.000000000000000000e+01
8.700000000000000000e+01
8.500000000000000000e+01
8.400000000000000000e+01
8.000000000000000000e+01
7.500000000000000000e+01
7.200000000000000000e+01
6.700000000000000000e+01
6.700000000000000000e+01
6.700000000000000000e+01
6.300000000000000000e+01
5.900000000000000000e+01
5.700000000000000000e+01
5.500000000000000000e+01
5.100000000000000000e+01
5.200000000000000000e+01
4.900000000000000000e+01
4.700000000000000000e+01
4.500000000000000000e+01
4.400000000000000000e+01
4.400000000000000000e+01
4.200000000000000000e+01
4.100000000000000000e+01
4.200000000000000000e+01
3.900000000000000000e+01
4.300000000000000000e+01
4.000000000000000000e+01
3.700000000000000000e+01
3.900000000000000000e+01
3.800000000000000000e+01
3.600000000000000000e+01
3.600000000000000000e+01
3.600000000000000000e+01
3.700000000000000000e+01
3.900000000000000000e+01
4.400000000000000000e+01
4.400000000000000000e+01
4.600000000000000000e+01
4.600000000000000000e+01
4.500000000000000000e+01
4.800000000000000000e+01
4.700000000000000000e+01
5.100000000000000000e+01
5.400000000000000000e+01
5.300000000000000000e+01
5.300000000000000000e+01
5.500000000000000000e+01
5.800000000000000000e+01
5.900000000000000000e+01
5.900000000000000000e+01
5.900000000000000000e+01
5.800000000000000000e+01
5.800000000000000000e+01
5.700000000000000000e+01
5.700000000000000000e+01
5.900000000000000000e+01
6.600000000000000000e+01
6.700000000000000000e+01
6.900000000000000000e+01
6.900000000000000000e+01
7.500000000000000000e+01
7.900000000000000000e+01
8.300000000000000000e+01
8.300000000000000000e+01
8.600000000000000000e+01
9.300000000000000000e+01
9.700000000000000000e+01
9.900000000000000000e+01
9.900000000000000000e+01
1.020000000000000000e+02
1.080000000000000000e+02
1.110000000000000000e+02
1.180000000000000000e+02
1.140000000000000000e+02
1.160000000000000000e+02
1.220000000000000000e+02
1.260000000000000000e+02
1.250000000000000000e+02
1.250000000000000000e+02
1.310000000000000000e+02
1.290000000000000000e+02
1.300000000000000000e+02
1.270000000000000000e+02
1.330000000000000000e+02
1.380000000000000000e+02
1.370000000000000000e+02
1.340000000000000000e+02
1.310000000000000000e+02
1.330000000000000000e+02
1.340000000000000000e+02
1.340000000000000000e+02
1.330000000000000000e+02
1.340000000000000000e+02
1.340000000000000000e+02
1.360000000000000000e+02
1.350000000000000000e+02
1.340000000000000000e+02
1.330000000000000000e+02
1.350000000000000000e+02
1.370000000000000000e+02
1.350000000000000000e+02
1.380000000000000000e+02
1.410000000000000000e+02
1.410000000000000000e+02
1.420000000000000000e+02
1.350000000000000000e+02
1.330000000000000000e+02
1.330000000000000000e+02
1.360000000000000000e+02
1.350000000000000000e+02
1.340000000000000000e+02
1.350000000000000000e+02
1.390000000000000000e+02
1.430000000000000000e+02
1.400000000000000000e+02
1.410000000000000000e+02
1.440000000000000000e+02
1.420000000000000000e+02
1.390000000000000000e+02
1.370000000000000000e+02
1.390000000000000000e+02
1.360000000000000000e+02
1.370000000000000000e+02
1.340000000000000000e+02
1.380000000000000000e+02
1.400000000000000000e+02
1.440000000000000000e+02
1.390000000000000000e+02
