4.900000000000000000e+01
5.200000000000000000e+01
5.200000000000000000e+01
5.600000000000000000e+01
5.900000000000000000e+01
5.900000000000000000e+01
6.400000000000000000e+01
6.500000000000000000e+01
6.500000000000000000e+01
6.500000000000000000e+01
6.500000000000000000e+01
6.500000000000000000e+01
6.900000000000000000e+01
7.000000000000000000e+01
7.000000000000000000e+01
7.300000000000000000e+01
7.400000000000000000e+01
7.400000000000000000e+01
7.600000000000000000e+01
7.600000000000000000e+01
7.600000000000000000e+01
7.700000000000000000e+01
7.700000000000000000e+01
7.700000000000000000e+01
7.700000000000000000e+01
7.700000000000000000e+01
7.700000000000000000e+01
7.700000000000000000e+01
7.700000000000000000e+01
7.700000000000000000e+01
7.700000000000000000e+01
7.700000000000000000e+01
7.700000000000000000e+01
7.700000000000000000e+01
7.700000000000000000e+01
7.700000000000000000e+01
7.700000000000000000e+01
7.700000000000000000e+01
7.700000000000000000e+01
7.700000000000000000e+01
7.700000000000000000e+01
7.700000000000000000e+01
7.700000000000000000e+01
7.800000000000000000e+01
7.800000000000000000e+01
8.800000000000000000e+01
1.020000000000000000e+02
1.020000000000000000e+02
1.140000000000000000e+02
1.250000000000000000e+02
1.250000000000000000e+02
1.320000000000000000e+02
1.370000000000000000e+02
1.370000000000000000e+02
1.450000000000000000e+02
1.530000000000000000e+02
1.530000000000000000e+02
1.610000000000000000e+02
1.640000000000000000e+02
1.640000000000000000e+02
1.780000000000000000e+02
1.880000000000000000e+02
1.880000000000000000e+02
1.950000000000000000e+02
2.060000000000000000e+02
2.060000000000000000e+02
2.120000000000000000e+02
2.210000000000000000e+02
2.210000000000000000e+02
2.280000000000000000e+02
2.350000000000000000e+02
2.350000000000000000e+02
2.410000000000000000e+02
2.480000000000000000e+02
2.480000000000000000e+02
2.590000000000000000e+02
2.510000000000000000e+02
2.470000000000000000e+02
2.420000000000000000e+02
2.370000000000000000e+02
2.360000000000000000e+02
2.310000000000000000e+02
2.300000000000000000e+02
2.260000000000000000e+02
2.250000000000000000e+02
2.210000000000000000e+02
2.200000000000000000e+02
2.140000000000000000e+02
2.070000000000000000e+02
2.030000000000000000e+02
1.980000000000000000e+02
1.950000000000000000e+02
1.910000000000000000e+02
1.910000000000000000e+02
1.910000000000000000e+02
1.910000000000000000e+02
1.910000000000000000e+02
1.910000000000000000e+02
1.910000000000000000e+02
1.910000000000000000e+02
1.910000000000000000e+02
1.910000000000000000e+02
1.910000000000000000e+02
1.910000000000000000e+02
1.910000000000000000e+02
1.910000000000000000e+02
1.910000000000000000e+02
1.910000000000000000e+02
1.910000000000000000e+02
1.910000000000000000e+02
1.910000000000000000e+02
1.910000000000000000e+02
1.910000000000000000e+02
1.910000000000000000e+02
1.910000000000000000e+02
1.910000000000000000e+02
1.910000000000000000e+02
1.910000000000000000e+02
1.910000000000000000e+02
1.900000000000000000e+02
1.890000000000000000e+02
1.860000000000000000e+02
1.850000000000000000e+02
1.840000000000000000e+02
1.810000000000000000e+02
1.790000000000000000e+02
1.770000000000000000e+02
1.760000000000000000e+02
1.700000000000000000e+02
1.680000000000000000e+02
1.640000000000000000e+02
1.600000000000000000e+02
1.590000000000000000e+02
1.560000000000000000e+02
1.510000000000000000e+02
1.470000000000000000e+02
1.420000000000000000e+02
1.390000000000000000e+02
1.340000000000000000e+02
1.300000000000000000e+02
1.250000000000000000e+02
1.230000000000000000e+02
1.160000000000000000e+02
1.120000000000000000e+02
1.080000000000000000e+02
1.040000000000000000e+02
1.030000000000000000e+02
9.600000000000000000e+01
9.400000000000000000e+01
9.000000000000000000e+01
