5.900000000000000000e+01
6.000000000000000000e+01
6.000000000000000000e+01
6.500000000000000000e+01
6.800000000000000000e+01
6.800000000000000000e+01
7.000000000000000000e+01
7.400000000000000000e+01
7.400000000000000000e+01
7.600000000000000000e+01
7.800000000000000000e+01
7.800000000000000000e+01
7.800000000000000000e+01
7.900000000000000000e+01
7.900000000000000000e+01
7.900000000000000000e+01
7.900000000000000000e+01
7.900000000000000000e+01
7.900000000000000000e+01
7.900000000000000000e+01
7.900000000000000000e+01
7.900000000000000000e+01
7.900000000000000000e+01
7.900000000000000000e+01
7.900000000000000000e+01
7.900000000000000000e+01
7.900000000000000000e+01
7.900000000000000000e+01
7.900000000000000000e+01
7.900000000000000000e+01
7.900000000000000000e+01
7.900000000000000000e+01
7.900000000000000000e+01
7.900000000000000000e+01
7.900000000000000000e+01
7.900000000000000000e+01
7.900000000000000000e+01
7.900000000000000000e+01
7.900000000000000000e+01
7.900000000000000000e+01
7.900000000000000000e+01
7.900000000000000000e+01
7.900000000000000000e+01
7.900000000000000000e+01
7.900000000000000000e+01
7.900000000000000000e+01
7.900000000000000000e+01
7.900000000000000000e+01
7.900000000000000000e+01
7.900000000000000000e+01
7.900000000000000000e+01
8.500000000000000000e+01
9.400000000000000000e+01
9.400000000000000000e+01
1.080000000000000000e+02
1.220000000000000000e+02
1.220000000000000000e+02
1.290000000000000000e+02
1.380000000000000000e+02
1.380000000000000000e+02
1.430000000000000000e+02
1.540000000000000000e+02
1.540000000000000000e+02
1.600000000000000000e+02
1.660000000000000000e+02
1.660000000000000000e+02
1.700000000000000000e+02
1.780000000000000000e+02
1.780000000000000000e+02
1.840000000000000000e+02
1.910000000000000000e+02
1.910000000000000000e+02
1.970000000000000000e+02
2.090000000000000000e+02
2.090000000000000000e+02
2.140000000000000000e+02
2.100000000000000000e+02
2.070000000000000000e+02
2.010000000000000000e+02
1.960000000000000000e+02
1.940000000000000000e+02
1.850000000000000000e+02
1.820000000000000000e+02
1.790000000000000000e+02
1.760000000000000000e+02
1.720000000000000000e+02
1.680000000000000000e+02
1.660000000000000000e+02
1.590000000000000000e+02
1.520000000000000000e+02
1.450000000000000000e+02
1.390000000000000000e+02
1.390000000000000000e+02
1.390000000000000000e+02
1.390000000000000000e+02
1.390000000000000000e+02
1.390000000000000000e+02
1.390000000000000000e+02
1.390000000000000000e+02
1.390000000000000000e+02
1.390000000000000000e+02
1.390000000000000000e+02
1.390000000000000000e+02
1.390000000000000000e+02
1.390000000000000000e+02
1.390000000000000000e+02
1.390000000000000000e+02
1.390000000000000000e+02
1.390000000000000000e+02
1.390000000000000000e+02
1.390000000000000000e+02
1.390000000000000000e+02
1.390000000000000000e+02
1.390000000000000000e+02
1.390000000000000000e+02
1.390000000000000000e+02
1.390000000000000000e+02
1.390000000000000000e+02
1.390000000000000000e+02
1.390000000000000000e+02
1.390000000000000000e+02
1.390000000000000000e+02
1.390000000000000000e+02
1.390000000000000000e+02
1.390000000000000000e+02
1.390000000000000000e+02
1.390000000000000000e+02
1.390000000000000000e+02
1.380000000000000000e+02
1.370000000000000000e+02
1.350000000000000000e+02
1.350000000000000000e+02
1.340000000000000000e+02
1.330000000000000000e+02
1.330000000000000000e+02
1.280000000000000000e+02
1.280000000000000000e+02
1.220000000000000000e+02
1.210000000000000000e+02
1.170000000000000000e+02
1.110000000000000000e+02
1.080000000000000000e+02
1.080000000000000000e+02
1.050000000000000000e+02
1.030000000000000000e+02
9.800000000000000000e+01
9.600000000000000000e+01
9.400000000000000000e+01
8.900000000000000000e+01
8.600000000000000000e+01
