8.800000000000000000e+01
9.600000000000000000e+01
9.600000000000000000e+01
1.000000000000000000e+02
1.070000000000000000e+02
1.070000000000000000e+02
1.100000000000000000e+02
1.130000000000000000e+02
1.130000000000000000e+02
1.200000000000000000e+02
1.240000000000000000e+02
1.240000000000000000e+02
1.300000000000000000e+02
1.330000000000000000e+02
1.330000000000000000e+02
1.390000000000000000e+02
1.420000000000000000e+02
1.420000000000000000e+02
1.440000000000000000e+02
1.500000000000000000e+02
1.500000000000000000e+02
1.540000000000000000e+02
1.550000000000000000e+02
1.550000000000000000e+02
1.550000000000000000e+02
1.550000000000000000e+02
1.550000000000000000e+02
1.550000000000000000e+02
1.550000000000000000e+02
1.550000000000000000e+02
1.550000000000000000e+02
1.550000000000000000e+02
1.550000000000000000e+02
1.550000000000000000e+02
1.550000000000000000e+02
1.550000000000000000e+02
1.550000000000000000e+02
1.550000000000000000e+02
1.550000000000000000e+02
1.550000000000000000e+02
1.550000000000000000e+02
1.550000000000000000e+02
1.550000000000000000e+02
1.550000000000000000e+02
1.550000000000000000e+02
1.550000000000000000e+02
1.550000000000000000e+02
1.550000000000000000e+02
1.550000000000000000e+02
1.550000000000000000e+02
1.550000000000000000e+02
1.590000000000000000e+02
1.670000000000000000e+02
1.670000000000000000e+02
1.740000000000000000e+02
1.790000000000000000e+02
1.790000000000000000e+02
1.890000000000000000e+02
2.000000000000000000e+02
2.000000000000000000e+02
2.080000000000000000e+02
2.120000000000000000e+02
2.120000000000000000e+02
2.200000000000000000e+02
2.250000000000000000e+02
2.250000000000000000e+02
2.350000000000000000e+02
2.380000000000000000e+02
2.380000000000000000e+02
2.490000000000000000e+02
2.600000000000000000e+02
2.600000000000000000e+02
2.670000000000000000e+02
2.740000000000000000e+02
2.740000000000000000e+02
2.730000000000000000e+02
2.690000000000000000e+02
2.620000000000000000e+02
2.580000000000000000e+02
2.540000000000000000e+02
2.490000000000000000e+02
2.440000000000000000e+02
2.390000000000000000e+02
2.320000000000000000e+02
2.250000000000000000e+02
2.150000000000000000e+02
2.110000000000000000e+02
2.050000000000000000e+02
1.970000000000000000e+02
1.870000000000000000e+02
1.820000000000000000e+02
1.770000000000000000e+02
1.710000000000000000e+02
1.670000000000000000e+02
1.650000000000000000e+02
1.590000000000000000e+02
1.540000000000000000e+02
1.480000000000000000e+02
1.410000000000000000e+02
1.350000000000000000e+02
1.280000000000000000e+02
1.260000000000000000e+02
1.240000000000000000e+02
1.240000000000000000e+02
1.240000000000000000e+02
1.240000000000000000e+02
1.240000000000000000e+02
1.240000000000000000e+02
1.240000000000000000e+02
1.240000000000000000e+02
1.240000000000000000e+02
1.240000000000000000e+02
1.240000000000000000e+02
1.240000000000000000e+02
1.240000000000000000e+02
1.240000000000000000e+02
1.240000000000000000e+02
1.240000000000000000e+02
1.240000000000000000e+02
1.240000000000000000e+02
1.240000000000000000e+02
1.240000000000000000e+02
1.240000000000000000e+02
1.240000000000000000e+02
1.240000000000000000e+02
1.240000000000000000e+02
1.240000000000000000e+02
1.240000000000000000e+02
1.230000000000000000e+02
1.230000000000000000e+02
1.230000000000000000e+02
1.230000000000000000e+02
1.230000000000000000e+02
1.220000000000000000e+02
1.220000000000000000e+02
1.200000000000000000e+02
1.160000000000000000e+02
1.130000000000000000e+02
1.100000000000000000e+02
1.070000000000000000e+02
1.060000000000000000e+02
1.050000000000000000e+02
1.000000000000000000e+02
9.800000000000000000e+01
9.500000000000000000e+01
9.300000000000000000e+01
8.700000000000000000e+01
8.300000000000000000e+01
7.900000000000000000e+01
7.500000000000000000e+01
