9.800000000000000000e+01
1.030000000000000000e+02
1.030000000000000000e+02
1.090000000000000000e+02
1.160000000000000000e+02
1.160000000000000000e+02
1.240000000000000000e+02
1.260000000000000000e+02
1.260000000000000000e+02
1.340000000000000000e+02
1.400000000000000000e+02
1.400000000000000000e+02
1.470000000000000000e+02
1.550000000000000000e+02
1.550000000000000000e+02
1.580000000000000000e+02
1.620000000000000000e+02
1.620000000000000000e+02
1.640000000000000000e+02
1.650000000000000000e+02
1.650000000000000000e+02
1.690000000000000000e+02
1.750000000000000000e+02
1.750000000000000000e+02
1.780000000000000000e+02
1.830000000000000000e+02
1.830000000000000000e+02
1.880000000000000000e+02
1.910000000000000000e+02
1.910000000000000000e+02
1.930000000000000000e+02
1.990000000000000000e+02
1.990000000000000000e+02
2.030000000000000000e+02
2.070000000000000000e+02
2.070000000000000000e+02
2.070000000000000000e+02
2.120000000000000000e+02
2.120000000000000000e+02
2.170000000000000000e+02
2.210000000000000000e+02
2.210000000000000000e+02
2.280000000000000000e+02
2.330000000000000000e+02
2.330000000000000000e+02
2.420000000000000000e+02
2.460000000000000000e+02
2.460000000000000000e+02
2.480000000000000000e+02
2.550000000000000000e+02
2.550000000000000000e+02
2.630000000000000000e+02
2.680000000000000000e+02
2.680000000000000000e+02
2.770000000000000000e+02
2.810000000000000000e+02
2.810000000000000000e+02
2.890000000000000000e+02
2.960000000000000000e+02
2.960000000000000000e+02
3.010000000000000000e+02
3.100000000000000000e+02
3.100000000000000000e+02
3.170000000000000000e+02
3.270000000000000000e+02
3.270000000000000000e+02
3.310000000000000000e+02
3.370000000000000000e+02
3.370000000000000000e+02
3.480000000000000000e+02
3.560000000000000000e+02
3.560000000000000000e+02
3.620000000000000000e+02
3.680000000000000000e+02
3.680000000000000000e+02
3.650000000000000000e+02
3.620000000000000000e+02
3.560000000000000000e+02
3.530000000000000000e+02
3.500000000000000000e+02
3.470000000000000000e+02
3.430000000000000000e+02
3.390000000000000000e+02
3.330000000000000000e+02
3.270000000000000000e+02
3.240000000000000000e+02
3.170000000000000000e+02
3.140000000000000000e+02
3.080000000000000000e+02
3.030000000000000000e+02
2.980000000000000000e+02
2.900000000000000000e+02
2.820000000000000000e+02
2.760000000000000000e+02
2.720000000000000000e+02
2.690000000000000000e+02
2.630000000000000000e+02
2.560000000000000000e+02
2.490000000000000000e+02
2.410000000000000000e+02
2.340000000000000000e+02
2.290000000000000000e+02
2.240000000000000000e+02
2.200000000000000000e+02
2.130000000000000000e+02
2.080000000000000000e+02
2.000000000000000000e+02
1.940000000000000000e+02
1.910000000000000000e+02
1.880000000000000000e+02
1.880000000000000000e+02
1.880000000000000000e+02
1.880000000000000000e+02
1.880000000000000000e+02
1.880000000000000000e+02
1.880000000000000000e+02
1.880000000000000000e+02
1.880000000000000000e+02
1.880000000000000000e+02
1.880000000000000000e+02
1.880000000000000000e+02
1.880000000000000000e+02
1.880000000000000000e+02
1.880000000000000000e+02
1.880000000000000000e+02
1.880000000000000000e+02
1.880000000000000000e+02
1.860000000000000000e+02
1.860000000000000000e+02
1.860000000000000000e+02
1.860000000000000000e+02
1.820000000000000000e+02
1.770000000000000000e+02
1.740000000000000000e+02
1.720000000000000000e+02
1.720000000000000000e+02
1.670000000000000000e+02
1.620000000000000000e+02
1.560000000000000000e+02
1.480000000000000000e+02
1.440000000000000000e+02
1.380000000000000000e+02
1.320000000000000000e+02
1.300000000000000000e+02
1.240000000000000000e+02
1.170000000000000000e+02
1.120000000000000000e+02
1.040000000000000000e+02
1.010000000000000000e+02
9.900000000000000000e+01
