6.000000000000000000e+01
6.200000000000000000e+01
6.200000000000000000e+01
6.300000000000000000e+01
6.800000000000000000e+01
6.800000000000000000e+01
6.800000000000000000e+01
7.000000000000000000e+01
7.000000000000000000e+01
7.300000000000000000e+01
7.300000000000000000e+01
7.300000000000000000e+01
7.500000000000000000e+01
7.500000000000000000e+01
7.500000000000000000e+01
7.500000000000000000e+01
7.500000000000000000e+01
7.500000000000000000e+01
7.500000000000000000e+01
7.500000000000000000e+01
7.500000000000000000e+01
7.500000000000000000e+01
7.500000000000000000e+01
7.500000000000000000e+01
7.500000000000000000e+01
7.500000000000000000e+01
7.500000000000000000e+01
7.500000000000000000e+01
7.500000000000000000e+01
7.500000000000000000e+01
7.500000000000000000e+01
7.500000000000000000e+01
7.500000000000000000e+01
7.500000000000000000e+01
7.500000000000000000e+01
7.500000000000000000e+01
7.500000000000000000e+01
7.500000000000000000e+01
7.500000000000000000e+01
7.500000000000000000e+01
7.500000000000000000e+01
7.500000000000000000e+01
7.500000000000000000e+01
7.500000000000000000e+01
7.500000000000000000e+01
7.500000000000000000e+01
7.500000000000000000e+01
7.500000000000000000e+01
7.500000000000000000e+01
7.800000000000000000e+01
7.800000000000000000e+01
8.100000000000000000e+01
8.300000000000000000e+01
8.300000000000000000e+01
8.600000000000000000e+01
9.000000000000000000e+01
9.000000000000000000e+01
9.700000000000000000e+01
1.060000000000000000e+02
1.060000000000000000e+02
1.100000000000000000e+02
1.230000000000000000e+02
1.230000000000000000e+02
1.310000000000000000e+02
1.360000000000000000e+02
1.360000000000000000e+02
1.430000000000000000e+02
1.510000000000000000e+02
1.510000000000000000e+02
1.600000000000000000e+02
1.650000000000000000e+02
1.650000000000000000e+02
1.720000000000000000e+02
1.760000000000000000e+02
1.760000000000000000e+02
1.740000000000000000e+02
1.650000000000000000e+02
1.600000000000000000e+02
1.580000000000000000e+02
1.530000000000000000e+02
1.440000000000000000e+02
1.390000000000000000e+02
1.340000000000000000e+02
1.300000000000000000e+02
1.230000000000000000e+02
1.210000000000000000e+02
1.180000000000000000e+02
1.090000000000000000e+02
1.090000000000000000e+02
1.090000000000000000e+02
1.090000000000000000e+02
1.090000000000000000e+02
1.090000000000000000e+02
1.090000000000000000e+02
1.090000000000000000e+02
1.090000000000000000e+02
1.090000000000000000e+02
1.090000000000000000e+02
1.090000000000000000e+02
1.090000000000000000e+02
1.090000000000000000e+02
1.090000000000000000e+02
1.090000000000000000e+02
1.090000000000000000e+02
1.090000000000000000e+02
1.090000000000000000e+02
1.090000000000000000e+02
1.090000000000000000e+02
1.090000000000000000e+02
1.090000000000000000e+02
1.090000000000000000e+02
1.090000000000000000e+02
1.090000000000000000e+02
1.090000000000000000e+02
1.090000000000000000e+02
1.090000000000000000e+02
1.090000000000000000e+02
1.090000000000000000e+02
1.090000000000000000e+02
1.090000000000000000e+02
1.090000000000000000e+02
1.090000000000000000e+02
1.090000000000000000e+02
1.090000000000000000e+02
1.090000000000000000e+02
1.090000000000000000e+02
1.090000000000000000e+02
1.090000000000000000e+02
1.090000000000000000e+02
1.090000000000000000e+02
1.090000000000000000e+02
1.090000000000000000e+02
1.090000000000000000e+02
1.080000000000000000e+02
1.080000000000000000e+02
1.080000000000000000e+02
1.080000000000000000e+02
1.080000000000000000e+02
1.080000000000000000e+02
1.070000000000000000e+02
1.050000000000000000e+02
1.020000000000000000e+02
9.700000000000000000e+01
9.600000000000000000e+01
9.300000000000000000e+01
8.800000000000000000e+01
8.700000000000000000e+01
8.300000000000000000e+01
8.100000000000000000e+01
7.700000000000000000e+01
