6.200000000000000000e+01
7.100000000000000000e+01
7.100000000000000000e+01
7.600000000000000000e+01
8.100000000000000000e+01
8.100000000000000000e+01
8.200000000000000000e+01
8.400000000000000000e+01
8.400000000000000000e+01
8.600000000000000000e+01
8.700000000000000000e+01
8.700000000000000000e+01
8.800000000000000000e+01
8.900000000000000000e+01
8.900000000000000000e+01
8.900000000000000000e+01
8.900000000000000000e+01
8.900000000000000000e+01
8.900000000000000000e+01
8.900000000000000000e+01
8.900000000000000000e+01
8.900000000000000000e+01
8.900000000000000000e+01
8.900000000000000000e+01
8.900000000000000000e+01
8.900000000000000000e+01
8.900000000000000000e+01
8.900000000000000000e+01
8.900000000000000000e+01
8.900000000000000000e+01
8.900000000000000000e+01
8.900000000000000000e+01
8.900000000000000000e+01
8.900000000000000000e+01
8.900000000000000000e+01
8.900000000000000000e+01
8.900000000000000000e+01
8.900000000000000000e+01
8.900000000000000000e+01
8.900000000000000000e+01
8.900000000000000000e+01
8.900000000000000000e+01
8.900000000000000000e+01
8.900000000000000000e+01
8.900000000000000000e+01
8.900000000000000000e+01
8.900000000000000000e+01
8.900000000000000000e+01
8.900000000000000000e+01
8.900000000000000000e+01
8.900000000000000000e+01
8.900000000000000000e+01
8.900000000000000000e+01
8.900000000000000000e+01
8.900000000000000000e+01
8.900000000000000000e+01
8.900000000000000000e+01
8.900000000000000000e+01
8.900000000000000000e+01
8.900000000000000000e+01
9.500000000000000000e+01
1.030000000000000000e+02
1.030000000000000000e+02
1.100000000000000000e+02
1.200000000000000000e+02
1.200000000000000000e+02
1.300000000000000000e+02
1.390000000000000000e+02
1.390000000000000000e+02
1.440000000000000000e+02
1.480000000000000000e+02
1.480000000000000000e+02
1.580000000000000000e+02
1.690000000000000000e+02
1.690000000000000000e+02
1.740000000000000000e+02
1.690000000000000000e+02
1.660000000000000000e+02
1.640000000000000000e+02
1.600000000000000000e+02
1.540000000000000000e+02
1.480000000000000000e+02
1.390000000000000000e+02
1.320000000000000000e+02
1.260000000000000000e+02
1.230000000000000000e+02
1.170000000000000000e+02
1.140000000000000000e+02
1.070000000000000000e+02
1.000000000000000000e+02
9.700000000000000000e+01
9.400000000000000000e+01
8.900000000000000000e+01
8.900000000000000000e+01
8.900000000000000000e+01
8.900000000000000000e+01
8.900000000000000000e+01
8.900000000000000000e+01
8.900000000000000000e+01
8.900000000000000000e+01
8.900000000000000000e+01
8.900000000000000000e+01
8.900000000000000000e+01
8.900000000000000000e+01
8.900000000000000000e+01
8.900000000000000000e+01
8.900000000000000000e+01
8.900000000000000000e+01
8.900000000000000000e+01
8.900000000000000000e+01
8.900000000000000000e+01
8.900000000000000000e+01
8.900000000000000000e+01
8.900000000000000000e+01
8.900000000000000000e+01
8.900000000000000000e+01
8.900000000000000000e+01
8.900000000000000000e+01
8.900000000000000000e+01
8.900000000000000000e+01
8.900000000000000000e+01
8.900000000000000000e+01
8.900000000000000000e+01
8.900000000000000000e+01
8.900000000000000000e+01
8.900000000000000000e+01
8.900000000000000000e+01
8.900000000000000000e+01
8.900000000000000000e+01
8.900000000000000000e+01
8.900000000000000000e+01
8.900000000000000000e+01
8.900000000000000000e+01
8.900000000000000000e+01
8.900000000000000000e+01
8.900000000000000000e+01
8.800000000000000000e+01
8.700000000000000000e+01
8.700000000000000000e+01
8.400000000000000000e+01
8.300000000000000000e+01
8.300000000000000000e+01
8.300000000000000000e+01
8.000000000000000000e+01
7.500000000000000000e+01
7.200000000000000000e+01
7.100000000000000000e+01
6.800000000000000000e+01
6.700000000000000000e+01
6.500000000000000000e+01
