8.600000000000000000e+01
9.200000000000000000e+01
9.200000000000000000e+01
9.800000000000000000e+01
1.020000000000000000e+02
1.020000000000000000e+02
1.060000000000000000e+02
1.100000000000000000e+02
1.100000000000000000e+02
1.140000000000000000e+02
1.180000000000000000e+02
1.180000000000000000e+02
1.230000000000000000e+02
1.300000000000000000e+02
1.300000000000000000e+02
1.370000000000000000e+02
1.440000000000000000e+02
1.440000000000000000e+02
1.450000000000000000e+02
1.470000000000000000e+02
1.470000000000000000e+02
1.510000000000000000e+02
1.540000000000000000e+02
1.540000000000000000e+02
1.580000000000000000e+02
1.630000000000000000e+02
1.630000000000000000e+02
1.720000000000000000e+02
1.760000000000000000e+02
1.760000000000000000e+02
1.780000000000000000e+02
1.790000000000000000e+02
1.790000000000000000e+02
1.820000000000000000e+02
1.820000000000000000e+02
1.820000000000000000e+02
1.820000000000000000e+02
1.820000000000000000e+02
1.820000000000000000e+02
1.820000000000000000e+02
1.820000000000000000e+02
1.820000000000000000e+02
1.820000000000000000e+02
1.820000000000000000e+02
1.820000000000000000e+02
1.820000000000000000e+02
1.820000000000000000e+02
1.820000000000000000e+02
1.820000000000000000e+02
1.820000000000000000e+02
1.820000000000000000e+02
1.820000000000000000e+02
1.890000000000000000e+02
1.890000000000000000e+02
1.960000000000000000e+02
2.030000000000000000e+02
2.030000000000000000e+02
2.110000000000000000e+02
2.240000000000000000e+02
2.240000000000000000e+02
2.300000000000000000e+02
2.400000000000000000e+02
2.400000000000000000e+02
2.450000000000000000e+02
2.500000000000000000e+02
2.500000000000000000e+02
2.560000000000000000e+02
2.650000000000000000e+02
2.650000000000000000e+02
2.730000000000000000e+02
2.840000000000000000e+02
2.840000000000000000e+02
2.880000000000000000e+02
3.050000000000000000e+02
3.050000000000000000e+02
3.130000000000000000e+02
3.050000000000000000e+02
3.000000000000000000e+02
2.890000000000000000e+02
2.830000000000000000e+02
2.790000000000000000e+02
2.760000000000000000e+02
2.720000000000000000e+02
2.680000000000000000e+02
2.630000000000000000e+02
2.600000000000000000e+02
2.550000000000000000e+02
2.500000000000000000e+02
2.440000000000000000e+02
2.410000000000000000e+02
2.360000000000000000e+02
2.330000000000000000e+02
2.260000000000000000e+02
2.200000000000000000e+02
2.140000000000000000e+02
2.120000000000000000e+02
2.080000000000000000e+02
2.040000000000000000e+02
2.020000000000000000e+02
1.970000000000000000e+02
1.930000000000000000e+02
1.870000000000000000e+02
1.840000000000000000e+02
1.790000000000000000e+02
1.750000000000000000e+02
1.670000000000000000e+02
1.650000000000000000e+02
1.650000000000000000e+02
1.590000000000000000e+02
1.550000000000000000e+02
1.540000000000000000e+02
1.540000000000000000e+02
1.540000000000000000e+02
1.540000000000000000e+02
1.540000000000000000e+02
1.540000000000000000e+02
1.540000000000000000e+02
1.540000000000000000e+02
1.540000000000000000e+02
1.540000000000000000e+02
1.540000000000000000e+02
1.540000000000000000e+02
1.540000000000000000e+02
1.540000000000000000e+02
1.540000000000000000e+02
1.540000000000000000e+02
1.540000000000000000e+02
1.540000000000000000e+02
1.540000000000000000e+02
1.540000000000000000e+02
1.530000000000000000e+02
1.530000000000000000e+02
1.520000000000000000e+02
1.500000000000000000e+02
1.490000000000000000e+02
1.480000000000000000e+02
1.440000000000000000e+02
1.430000000000000000e+02
1.410000000000000000e+02
1.370000000000000000e+02
1.300000000000000000e+02
1.260000000000000000e+02
1.240000000000000000e+02
1.220000000000000000e+02
1.210000000000000000e+02
1.190000000000000000e+02
1.160000000000000000e+02
1.140000000000000000e+02
1.070000000000000000e+02
1.030000000000000000e+02
