4.800000000000000000e+01
4.900000000000000000e+01
4.900000000000000000e+01
5.000000000000000000e+01
5.500000000000000000e+01
5.500000000000000000e+01
5.600000000000000000e+01
5.800000000000000000e+01
5.800000000000000000e+01
6.000000000000000000e+01
6.100000000000000000e+01
6.100000000000000000e+01
6.400000000000000000e+01
6.400000000000000000e+01
6.400000000000000000e+01
6.400000000000000000e+01
6.400000000000000000e+01
6.400000000000000000e+01
6.400000000000000000e+01
6.400000000000000000e+01
6.400000000000000000e+01
6.400000000000000000e+01
6.400000000000000000e+01
6.400000000000000000e+01
6.400000000000000000e+01
6.400000000000000000e+01
6.400000000000000000e+01
6.400000000000000000e+01
6.400000000000000000e+01
6.400000000000000000e+01
6.400000000000000000e+01
6.400000000000000000e+01
6.400000000000000000e+01
6.400000000000000000e+01
6.400000000000000000e+01
6.400000000000000000e+01
6.400000000000000000e+01
6.400000000000000000e+01
6.400000000000000000e+01
6.400000000000000000e+01
6.400000000000000000e+01
6.400000000000000000e+01
6.400000000000000000e+01
6.400000000000000000e+01
6.400000000000000000e+01
6.400000000000000000e+01
6.400000000000000000e+01
6.400000000000000000e+01
6.400000000000000000e+01
6.400000000000000000e+01
6.400000000000000000e+01
6.400000000000000000e+01
6.400000000000000000e+01
6.400000000000000000e+01
6.400000000000000000e+01
6.400000000000000000e+01
6.400000000000000000e+01
6.400000000000000000e+01
7.500000000000000000e+01
7.500000000000000000e+01
8.200000000000000000e+01
9.100000000000000000e+01
9.100000000000000000e+01
1.000000000000000000e+02
1.100000000000000000e+02
1.100000000000000000e+02
1.200000000000000000e+02
1.270000000000000000e+02
1.270000000000000000e+02
1.330000000000000000e+02
1.410000000000000000e+02
1.410000000000000000e+02
1.490000000000000000e+02
1.570000000000000000e+02
1.570000000000000000e+02
1.610000000000000000e+02
1.570000000000000000e+02
1.480000000000000000e+02
1.420000000000000000e+02
1.400000000000000000e+02
1.350000000000000000e+02
1.320000000000000000e+02
1.260000000000000000e+02
1.230000000000000000e+02
1.200000000000000000e+02
1.130000000000000000e+02
1.120000000000000000e+02
1.090000000000000000e+02
1.020000000000000000e+02
1.020000000000000000e+02
1.020000000000000000e+02
1.020000000000000000e+02
1.020000000000000000e+02
1.020000000000000000e+02
1.020000000000000000e+02
1.020000000000000000e+02
1.020000000000000000e+02
1.020000000000000000e+02
1.020000000000000000e+02
1.020000000000000000e+02
1.020000000000000000e+02
1.020000000000000000e+02
1.020000000000000000e+02
1.020000000000000000e+02
1.020000000000000000e+02
1.020000000000000000e+02
1.020000000000000000e+02
1.020000000000000000e+02
1.020000000000000000e+02
1.020000000000000000e+02
1.020000000000000000e+02
1.020000000000000000e+02
1.020000000000000000e+02
1.020000000000000000e+02
1.020000000000000000e+02
1.020000000000000000e+02
1.020000000000000000e+02
1.020000000000000000e+02
1.020000000000000000e+02
1.020000000000000000e+02
1.020000000000000000e+02
1.020000000000000000e+02
1.020000000000000000e+02
1.020000000000000000e+02
1.020000000000000000e+02
1.020000000000000000e+02
1.020000000000000000e+02
1.020000000000000000e+02
1.020000000000000000e+02
1.020000000000000000e+02
1.020000000000000000e+02
1.020000000000000000e+02
1.020000000000000000e+02
1.020000000000000000e+02
1.020000000000000000e+02
1.010000000000000000e+02
9.800000000000000000e+01
9.800000000000000000e+01
9.800000000000000000e+01
9.700000000000000000e+01
9.700000000000000000e+01
9.600000000000000000e+01
9.400000000000000000e+01
9.400000000000000000e+01
9.300000000000000000e+01
9.100000000000000000e+01
8.900000000000000000e+01
8.800000000000000000e+01
8.500000000000000000e+01
8.200000000000000000e+01
