7.100000000000000000e+01
7.200000000000000000e+01
7.200000000000000000e+01
7.700000000000000000e+01
8.000000000000000000e+01
8.000000000000000000e+01
8.900000000000000000e+01
9.200000000000000000e+01
9.200000000000000000e+01
9.500000000000000000e+01
1.000000000000000000e+02
1.000000000000000000e+02
1.040000000000000000e+02
1.090000000000000000e+02
1.090000000000000000e+02
1.130000000000000000e+02
1.150000000000000000e+02
1.150000000000000000e+02
1.190000000000000000e+02
1.200000000000000000e+02
1.200000000000000000e+02
1.250000000000000000e+02
1.340000000000000000e+02
1.340000000000000000e+02
1.410000000000000000e+02
1.490000000000000000e+02
1.490000000000000000e+02
1.510000000000000000e+02
1.540000000000000000e+02
1.540000000000000000e+02
1.640000000000000000e+02
1.760000000000000000e+02
1.760000000000000000e+02
1.860000000000000000e+02
1.940000000000000000e+02
1.940000000000000000e+02
2.020000000000000000e+02
2.080000000000000000e+02
2.080000000000000000e+02
2.150000000000000000e+02
2.270000000000000000e+02
2.270000000000000000e+02
2.320000000000000000e+02
2.400000000000000000e+02
2.400000000000000000e+02
2.460000000000000000e+02
2.530000000000000000e+02
2.530000000000000000e+02
2.650000000000000000e+02
2.730000000000000000e+02
2.730000000000000000e+02
2.800000000000000000e+02
2.900000000000000000e+02
2.900000000000000000e+02
2.970000000000000000e+02
3.050000000000000000e+02
3.050000000000000000e+02
3.130000000000000000e+02
3.180000000000000000e+02
3.180000000000000000e+02
3.280000000000000000e+02
3.400000000000000000e+02
3.400000000000000000e+02
3.460000000000000000e+02
3.500000000000000000e+02
3.500000000000000000e+02
3.540000000000000000e+02
3.640000000000000000e+02
3.640000000000000000e+02
3.720000000000000000e+02
3.830000000000000000e+02
3.830000000000000000e+02
3.890000000000000000e+02
3.940000000000000000e+02
3.940000000000000000e+02
3.960000000000000000e+02
3.930000000000000000e+02
3.870000000000000000e+02
3.860000000000000000e+02
3.840000000000000000e+02
3.780000000000000000e+02
3.730000000000000000e+02
3.660000000000000000e+02
3.600000000000000000e+02
3.560000000000000000e+02
3.540000000000000000e+02
3.490000000000000000e+02
3.410000000000000000e+02
3.410000000000000000e+02
3.410000000000000000e+02
3.410000000000000000e+02
3.410000000000000000e+02
3.410000000000000000e+02
3.410000000000000000e+02
3.410000000000000000e+02
3.410000000000000000e+02
3.410000000000000000e+02
3.410000000000000000e+02
3.410000000000000000e+02
3.410000000000000000e+02
3.410000000000000000e+02
3.410000000000000000e+02
3.410000000000000000e+02
3.410000000000000000e+02
3.410000000000000000e+02
3.400000000000000000e+02
3.390000000000000000e+02
3.390000000000000000e+02
3.300000000000000000e+02
3.230000000000000000e+02
3.150000000000000000e+02
3.090000000000000000e+02
3.030000000000000000e+02
2.980000000000000000e+02
2.920000000000000000e+02
2.860000000000000000e+02
2.810000000000000000e+02
2.730000000000000000e+02
2.690000000000000000e+02
2.640000000000000000e+02
2.610000000000000000e+02
2.590000000000000000e+02
2.560000000000000000e+02
2.550000000000000000e+02
2.500000000000000000e+02
2.460000000000000000e+02
2.420000000000000000e+02
2.360000000000000000e+02
2.300000000000000000e+02
2.220000000000000000e+02
2.120000000000000000e+02
2.080000000000000000e+02
2.000000000000000000e+02
1.970000000000000000e+02
1.920000000000000000e+02
1.870000000000000000e+02
1.820000000000000000e+02
1.760000000000000000e+02
1.690000000000000000e+02
1.650000000000000000e+02
1.620000000000000000e+02
1.560000000000000000e+02
1.470000000000000000e+02
1.430000000000000000e+02
1.390000000000000000e+02
1.310000000000000000e+02
1.290000000000000000e+02
1.270000000000000000e+02
1.230000000000000000e+02
1.200000000000000000e+02
