9.100000000000000000e+01
1.020000000000000000e+02
1.090000000000000000e+02
1.150000000000000000e+02
1.210000000000000000e+02
1.260000000000000000e+02
1.330000000000000000e+02
1.400000000000000000e+02
1.470000000000000000e+02
1.570000000000000000e+02
1.660000000000000000e+02
1.720000000000000000e+02
1.780000000000000000e+02
1.800000000000000000e+02
1.920000000000000000e+02
1.990000000000000000e+02
2.010000000000000000e+02
2.040000000000000000e+02
2.150000000000000000e+02
2.200000000000000000e+02
2.260000000000000000e+02
2.410000000000000000e+02
2.490000000000000000e+02
2.540000000000000000e+02
2.670000000000000000e+02
2.800000000000000000e+02
2.860000000000000000e+02
2.930000000000000000e+02
2.990000000000000000e+02
3.030000000000000000e+02
3.070000000000000000e+02
3.120000000000000000e+02
3.260000000000000000e+02
3.330000000000000000e+02
3.430000000000000000e+02
3.480000000000000000e+02
3.550000000000000000e+02
3.650000000000000000e+02
3.720000000000000000e+02
3.800000000000000000e+02
3.910000000000000000e+02
3.970000000000000000e+02
4.030000000000000000e+02
4.090000000000000000e+02
4.140000000000000000e+02
4.210000000000000000e+02
4.270000000000000000e+02
4.370000000000000000e+02
4.380000000000000000e+02
4.330000000000000000e+02
4.250000000000000000e+02
4.190000000000000000e+02
4.090000000000000000e+02
4.020000000000000000e+02
3.960000000000000000e+02
3.900000000000000000e+02
3.800000000000000000e+02
3.690000000000000000e+02
3.660000000000000000e+02
3.600000000000000000e+02
3.520000000000000000e+02
3.430000000000000000e+02
3.300000000000000000e+02
3.230000000000000000e+02
3.160000000000000000e+02
3.060000000000000000e+02
2.980000000000000000e+02
2.890000000000000000e+02
2.820000000000000000e+02
2.710000000000000000e+02
2.600000000000000000e+02
2.500000000000000000e+02
2.480000000000000000e+02
2.420000000000000000e+02
2.390000000000000000e+02
2.280000000000000000e+02
2.250000000000000000e+02
2.170000000000000000e+02
2.130000000000000000e+02
2.070000000000000000e+02
1.990000000000000000e+02
1.880000000000000000e+02
1.850000000000000000e+02
1.800000000000000000e+02
1.710000000000000000e+02
1.670000000000000000e+02
1.630000000000000000e+02
1.570000000000000000e+02
1.510000000000000000e+02
1.460000000000000000e+02
1.400000000000000000e+02
1.360000000000000000e+02
1.320000000000000000e+02
1.230000000000000000e+02
1.180000000000000000e+02
1.140000000000000000e+02
