1.150000000000000000e+02
1.200000000000000000e+02
1.260000000000000000e+02
1.320000000000000000e+02
1.370000000000000000e+02
1.440000000000000000e+02
1.520000000000000000e+02
1.610000000000000000e+02
1.720000000000000000e+02
1.770000000000000000e+02
1.830000000000000000e+02
1.910000000000000000e+02
1.980000000000000000e+02
2.090000000000000000e+02
2.190000000000000000e+02
2.250000000000000000e+02
2.320000000000000000e+02
2.380000000000000000e+02
2.450000000000000000e+02
2.510000000000000000e+02
2.600000000000000000e+02
2.660000000000000000e+02
2.710000000000000000e+02
2.760000000000000000e+02
2.990000000000000000e+02
3.040000000000000000e+02
3.110000000000000000e+02
3.180000000000000000e+02
3.260000000000000000e+02
3.320000000000000000e+02
3.380000000000000000e+02
3.480000000000000000e+02
3.560000000000000000e+02
3.660000000000000000e+02
3.780000000000000000e+02
3.840000000000000000e+02
3.880000000000000000e+02
3.950000000000000000e+02
4.020000000000000000e+02
4.080000000000000000e+02
4.170000000000000000e+02
4.250000000000000000e+02
4.350000000000000000e+02
4.440000000000000000e+02
4.470000000000000000e+02
4.580000000000000000e+02
4.610000000000000000e+02
4.670000000000000000e+02
4.750000000000000000e+02
4.660000000000000000e+02
4.560000000000000000e+02
4.460000000000000000e+02
4.410000000000000000e+02
4.370000000000000000e+02
4.270000000000000000e+02
4.230000000000000000e+02
4.090000000000000000e+02
4.010000000000000000e+02
3.950000000000000000e+02
3.870000000000000000e+02
3.830000000000000000e+02
3.750000000000000000e+02
3.660000000000000000e+02
3.570000000000000000e+02
3.460000000000000000e+02
3.400000000000000000e+02
3.350000000000000000e+02
3.290000000000000000e+02
3.220000000000000000e+02
3.140000000000000000e+02
3.050000000000000000e+02
2.980000000000000000e+02
2.910000000000000000e+02
2.770000000000000000e+02
2.670000000000000000e+02
2.530000000000000000e+02
2.400000000000000000e+02
2.320000000000000000e+02
2.230000000000000000e+02
2.110000000000000000e+02
2.010000000000000000e+02
1.980000000000000000e+02
1.930000000000000000e+02
1.850000000000000000e+02
1.780000000000000000e+02
1.750000000000000000e+02
1.670000000000000000e+02
1.600000000000000000e+02
1.540000000000000000e+02
1.520000000000000000e+02
1.440000000000000000e+02
1.380000000000000000e+02
1.280000000000000000e+02
1.210000000000000000e+02
1.140000000000000000e+02
1.040000000000000000e+02
