6.000000000000000000e+01
6.200000000000000000e+01
6.700000000000000000e+01
6.900000000000000000e+01
6.900000000000000000e+01
7.100000000000000000e+01
7.200000000000000000e+01
7.200000000000000000e+01
7.400000000000000000e+01
7.400000000000000000e+01
7.400000000000000000e+01
7.400000000000000000e+01
7.400000000000000000e+01
7.400000000000000000e+01
7.400000000000000000e+01
7.400000000000000000e+01
7.400000000000000000e+01
7.400000000000000000e+01
7.400000000000000000e+01
7.400000000000000000e+01
7.400000000000000000e+01
7.400000000000000000e+01
7.400000000000000000e+01
7.400000000000000000e+01
7.400000000000000000e+01
7.400000000000000000e+01
7.400000000000000000e+01
7.400000000000000000e+01
7.400000000000000000e+01
7.400000000000000000e+01
7.400000000000000000e+01
7.400000000000000000e+01
7.400000000000000000e+01
7.400000000000000000e+01
7.400000000000000000e+01
7.400000000000000000e+01
7.400000000000000000e+01
7.400000000000000000e+01
7.400000000000000000e+01
8.200000000000000000e+01
8.700000000000000000e+01
9.500000000000000000e+01
1.030000000000000000e+02
1.080000000000000000e+02
1.200000000000000000e+02
1.260000000000000000e+02
1.340000000000000000e+02
1.390000000000000000e+02
1.410000000000000000e+02
1.280000000000000000e+02
1.180000000000000000e+02
1.120000000000000000e+02
1.040000000000000000e+02
1.010000000000000000e+02
9.300000000000000000e+01
8.500000000000000000e+01
7.700000000000000000e+01
7.700000000000000000e+01
7.700000000000000000e+01
7.700000000000000000e+01
7.700000000000000000e+01
7.700000000000000000e+01
7.700000000000000000e+01
7.700000000000000000e+01
7.700000000000000000e+01
7.700000000000000000e+01
7.700000000000000000e+01
7.700000000000000000e+01
7.700000000000000000e+01
7.700000000000000000e+01
7.700000000000000000e+01
7.700000000000000000e+01
7.700000000000000000e+01
7.700000000000000000e+01
7.700000000000000000e+01
7.700000000000000000e+01
7.700000000000000000e+01
7.700000000000000000e+01
7.700000000000000000e+01
7.700000000000000000e+01
7.700000000000000000e+01
7.700000000000000000e+01
7.700000000000000000e+01
7.700000000000000000e+01
7.700000000000000000e+01
7.700000000000000000e+01
7.700000000000000000e+01
7.600000000000000000e+01
7.500000000000000000e+01
7.400000000000000000e+01
7.400000000000000000e+01
7.000000000000000000e+01
6.900000000000000000e+01
6.400000000000000000e+01
6.200000000000000000e+01
6.100000000000000000e+01
