8.600000000000000000e+01
9.000000000000000000e+01
9.500000000000000000e+01
1.010000000000000000e+02
1.090000000000000000e+02
1.130000000000000000e+02
1.180000000000000000e+02
1.210000000000000000e+02
1.260000000000000000e+02
1.290000000000000000e+02
1.350000000000000000e+02
1.390000000000000000e+02
1.390000000000000000e+02
1.490000000000000000e+02
1.550000000000000000e+02
1.600000000000000000e+02
1.670000000000000000e+02
1.700000000000000000e+02
1.750000000000000000e+02
1.790000000000000000e+02
1.850000000000000000e+02
1.900000000000000000e+02
1.980000000000000000e+02
2.020000000000000000e+02
2.140000000000000000e+02
2.190000000000000000e+02
2.230000000000000000e+02
2.290000000000000000e+02
2.350000000000000000e+02
2.420000000000000000e+02
2.480000000000000000e+02
2.600000000000000000e+02
2.690000000000000000e+02
2.790000000000000000e+02
2.820000000000000000e+02
2.900000000000000000e+02
2.990000000000000000e+02
3.070000000000000000e+02
3.120000000000000000e+02
3.230000000000000000e+02
3.260000000000000000e+02
3.320000000000000000e+02
3.370000000000000000e+02
3.420000000000000000e+02
3.530000000000000000e+02
3.560000000000000000e+02
3.610000000000000000e+02
3.690000000000000000e+02
3.740000000000000000e+02
3.660000000000000000e+02
3.600000000000000000e+02
3.560000000000000000e+02
3.540000000000000000e+02
3.440000000000000000e+02
3.360000000000000000e+02
3.240000000000000000e+02
3.170000000000000000e+02
3.070000000000000000e+02
3.020000000000000000e+02
2.960000000000000000e+02
2.910000000000000000e+02
2.820000000000000000e+02
2.680000000000000000e+02
2.630000000000000000e+02
2.530000000000000000e+02
2.450000000000000000e+02
2.400000000000000000e+02
2.370000000000000000e+02
2.340000000000000000e+02
2.330000000000000000e+02
2.260000000000000000e+02
2.180000000000000000e+02
2.080000000000000000e+02
2.040000000000000000e+02
2.000000000000000000e+02
1.960000000000000000e+02
1.900000000000000000e+02
1.870000000000000000e+02
1.780000000000000000e+02
1.720000000000000000e+02
1.700000000000000000e+02
1.680000000000000000e+02
1.570000000000000000e+02
1.530000000000000000e+02
1.450000000000000000e+02
1.390000000000000000e+02
1.310000000000000000e+02
1.260000000000000000e+02
1.210000000000000000e+02
1.170000000000000000e+02
1.130000000000000000e+02
1.070000000000000000e+02
9.800000000000000000e+01
9.200000000000000000e+01
8.900000000000000000e+01
8.800000000000000000e+01
