1.070000000000000000e+02
1.130000000000000000e+02
1.210000000000000000e+02
1.230000000000000000e+02
1.270000000000000000e+02
1.360000000000000000e+02
1.380000000000000000e+02
1.420000000000000000e+02
1.490000000000000000e+02
1.510000000000000000e+02
1.560000000000000000e+02
1.620000000000000000e+02
1.710000000000000000e+02
1.750000000000000000e+02
1.840000000000000000e+02
1.900000000000000000e+02
1.950000000000000000e+02
2.000000000000000000e+02
2.030000000000000000e+02
2.080000000000000000e+02
2.170000000000000000e+02
2.220000000000000000e+02
2.280000000000000000e+02
2.340000000000000000e+02
2.430000000000000000e+02
2.480000000000000000e+02
2.530000000000000000e+02
2.600000000000000000e+02
2.730000000000000000e+02
2.800000000000000000e+02
2.870000000000000000e+02
2.900000000000000000e+02
2.970000000000000000e+02
3.010000000000000000e+02
3.100000000000000000e+02
3.190000000000000000e+02
3.290000000000000000e+02
3.370000000000000000e+02
3.430000000000000000e+02
3.530000000000000000e+02
3.620000000000000000e+02
3.630000000000000000e+02
3.670000000000000000e+02
3.740000000000000000e+02
3.800000000000000000e+02
3.870000000000000000e+02
3.960000000000000000e+02
4.000000000000000000e+02
4.080000000000000000e+02
4.010000000000000000e+02
3.970000000000000000e+02
3.870000000000000000e+02
3.840000000000000000e+02
3.790000000000000000e+02
3.650000000000000000e+02
3.520000000000000000e+02
3.400000000000000000e+02
3.290000000000000000e+02
3.230000000000000000e+02
3.150000000000000000e+02
3.090000000000000000e+02
3.020000000000000000e+02
2.960000000000000000e+02
2.880000000000000000e+02
2.820000000000000000e+02
2.790000000000000000e+02
2.680000000000000000e+02
2.610000000000000000e+02
2.550000000000000000e+02
2.430000000000000000e+02
2.370000000000000000e+02
2.270000000000000000e+02
2.160000000000000000e+02
2.090000000000000000e+02
2.040000000000000000e+02
2.010000000000000000e+02
1.980000000000000000e+02
1.930000000000000000e+02
1.870000000000000000e+02
1.810000000000000000e+02
1.710000000000000000e+02
1.660000000000000000e+02
1.590000000000000000e+02
1.560000000000000000e+02
1.490000000000000000e+02
1.420000000000000000e+02
1.390000000000000000e+02
1.380000000000000000e+02
1.310000000000000000e+02
1.280000000000000000e+02
1.240000000000000000e+02
1.180000000000000000e+02
1.170000000000000000e+02
1.150000000000000000e+02
1.110000000000000000e+02
1.010000000000000000e+02
