9.200000000000000000e+01
1.000000000000000000e+02
1.020000000000000000e+02
1.090000000000000000e+02
1.130000000000000000e+02
1.170000000000000000e+02
1.170000000000000000e+02
1.210000000000000000e+02
1.250000000000000000e+02
1.260000000000000000e+02
1.310000000000000000e+02
1.320000000000000000e+02
1.370000000000000000e+02
1.410000000000000000e+02
1.430000000000000000e+02
1.450000000000000000e+02
1.470000000000000000e+02
1.500000000000000000e+02
1.540000000000000000e+02
1.590000000000000000e+02
1.640000000000000000e+02
1.720000000000000000e+02
1.760000000000000000e+02
1.790000000000000000e+02
1.830000000000000000e+02
1.830000000000000000e+02
1.860000000000000000e+02
1.900000000000000000e+02
1.990000000000000000e+02
2.040000000000000000e+02
2.070000000000000000e+02
2.080000000000000000e+02
2.100000000000000000e+02
2.140000000000000000e+02
2.190000000000000000e+02
2.250000000000000000e+02
2.300000000000000000e+02
2.390000000000000000e+02
2.470000000000000000e+02
2.540000000000000000e+02
2.600000000000000000e+02
2.640000000000000000e+02
2.720000000000000000e+02
2.770000000000000000e+02
2.870000000000000000e+02
2.920000000000000000e+02
2.990000000000000000e+02
3.050000000000000000e+02
3.160000000000000000e+02
3.090000000000000000e+02
3.000000000000000000e+02
2.930000000000000000e+02
2.830000000000000000e+02
2.760000000000000000e+02
2.700000000000000000e+02
2.620000000000000000e+02
2.550000000000000000e+02
2.500000000000000000e+02
2.390000000000000000e+02
2.350000000000000000e+02
2.320000000000000000e+02
2.260000000000000000e+02
2.160000000000000000e+02
2.020000000000000000e+02
1.920000000000000000e+02
1.820000000000000000e+02
1.810000000000000000e+02
1.790000000000000000e+02
1.750000000000000000e+02
1.720000000000000000e+02
1.640000000000000000e+02
1.620000000000000000e+02
1.580000000000000000e+02
1.540000000000000000e+02
1.520000000000000000e+02
1.460000000000000000e+02
1.420000000000000000e+02
1.400000000000000000e+02
1.350000000000000000e+02
1.300000000000000000e+02
1.210000000000000000e+02
1.180000000000000000e+02
1.160000000000000000e+02
1.120000000000000000e+02
1.100000000000000000e+02
1.090000000000000000e+02
1.050000000000000000e+02
1.030000000000000000e+02
1.000000000000000000e+02
9.700000000000000000e+01
9.400000000000000000e+01
8.900000000000000000e+01
8.600000000000000000e+01
8.500000000000000000e+01
7.900000000000000000e+01
7.800000000000000000e+01
