1.220000000000000000e+02
1.270000000000000000e+02
1.390000000000000000e+02
1.470000000000000000e+02
1.520000000000000000e+02
1.570000000000000000e+02
1.650000000000000000e+02
1.680000000000000000e+02
1.710000000000000000e+02
1.760000000000000000e+02
1.850000000000000000e+02
1.890000000000000000e+02
1.970000000000000000e+02
2.050000000000000000e+02
2.120000000000000000e+02
2.210000000000000000e+02
2.290000000000000000e+02
2.350000000000000000e+02
2.400000000000000000e+02
2.480000000000000000e+02
2.580000000000000000e+02
2.610000000000000000e+02
2.700000000000000000e+02
2.780000000000000000e+02
2.970000000000000000e+02
3.000000000000000000e+02
3.090000000000000000e+02
3.150000000000000000e+02
3.180000000000000000e+02
3.250000000000000000e+02
3.360000000000000000e+02
3.410000000000000000e+02
3.450000000000000000e+02
3.510000000000000000e+02
3.570000000000000000e+02
3.610000000000000000e+02
3.700000000000000000e+02
3.750000000000000000e+02
3.870000000000000000e+02
3.920000000000000000e+02
3.990000000000000000e+02
4.070000000000000000e+02
4.140000000000000000e+02
4.240000000000000000e+02
4.340000000000000000e+02
4.450000000000000000e+02
4.540000000000000000e+02
4.640000000000000000e+02
4.730000000000000000e+02
4.610000000000000000e+02
4.510000000000000000e+02
4.460000000000000000e+02
4.370000000000000000e+02
4.270000000000000000e+02
4.170000000000000000e+02
4.070000000000000000e+02
4.020000000000000000e+02
3.960000000000000000e+02
3.880000000000000000e+02
3.830000000000000000e+02
3.740000000000000000e+02
3.690000000000000000e+02
3.640000000000000000e+02
3.590000000000000000e+02
3.500000000000000000e+02
3.440000000000000000e+02
3.360000000000000000e+02
3.260000000000000000e+02
3.170000000000000000e+02
3.010000000000000000e+02
2.950000000000000000e+02
2.870000000000000000e+02
2.800000000000000000e+02
2.730000000000000000e+02
2.700000000000000000e+02
2.630000000000000000e+02
2.570000000000000000e+02
2.520000000000000000e+02
2.450000000000000000e+02
2.320000000000000000e+02
2.230000000000000000e+02
2.170000000000000000e+02
2.150000000000000000e+02
2.110000000000000000e+02
2.030000000000000000e+02
1.920000000000000000e+02
1.840000000000000000e+02
1.740000000000000000e+02
1.670000000000000000e+02
1.630000000000000000e+02
1.580000000000000000e+02
1.530000000000000000e+02
1.480000000000000000e+02
1.280000000000000000e+02
1.200000000000000000e+02
1.150000000000000000e+02
