1.170000000000000000e+02
1.230000000000000000e+02
1.280000000000000000e+02
1.370000000000000000e+02
1.420000000000000000e+02
1.450000000000000000e+02
1.510000000000000000e+02
1.540000000000000000e+02
1.600000000000000000e+02
1.680000000000000000e+02
1.710000000000000000e+02
1.810000000000000000e+02
1.890000000000000000e+02
1.920000000000000000e+02
2.020000000000000000e+02
2.070000000000000000e+02
2.120000000000000000e+02
2.190000000000000000e+02
2.250000000000000000e+02
2.280000000000000000e+02
2.340000000000000000e+02
2.390000000000000000e+02
2.470000000000000000e+02
2.520000000000000000e+02
2.590000000000000000e+02
2.650000000000000000e+02
2.720000000000000000e+02
2.800000000000000000e+02
2.900000000000000000e+02
2.990000000000000000e+02
3.050000000000000000e+02
3.160000000000000000e+02
3.210000000000000000e+02
3.300000000000000000e+02
3.350000000000000000e+02
3.400000000000000000e+02
3.470000000000000000e+02
3.560000000000000000e+02
3.650000000000000000e+02
3.780000000000000000e+02
3.820000000000000000e+02
3.890000000000000000e+02
3.970000000000000000e+02
4.020000000000000000e+02
4.120000000000000000e+02
4.210000000000000000e+02
4.270000000000000000e+02
4.310000000000000000e+02
4.320000000000000000e+02
4.200000000000000000e+02
4.140000000000000000e+02
4.060000000000000000e+02
3.990000000000000000e+02
3.890000000000000000e+02
3.760000000000000000e+02
3.710000000000000000e+02
3.610000000000000000e+02
3.550000000000000000e+02
3.480000000000000000e+02
3.380000000000000000e+02
3.280000000000000000e+02
3.150000000000000000e+02
3.080000000000000000e+02
2.980000000000000000e+02
2.900000000000000000e+02
2.830000000000000000e+02
2.770000000000000000e+02
2.720000000000000000e+02
2.630000000000000000e+02
2.540000000000000000e+02
2.490000000000000000e+02
2.470000000000000000e+02
2.430000000000000000e+02
2.300000000000000000e+02
2.220000000000000000e+02
2.170000000000000000e+02
2.130000000000000000e+02
2.060000000000000000e+02
1.980000000000000000e+02
1.920000000000000000e+02
1.860000000000000000e+02
1.770000000000000000e+02
1.670000000000000000e+02
1.620000000000000000e+02
1.560000000000000000e+02
1.480000000000000000e+02
1.420000000000000000e+02
1.350000000000000000e+02
1.290000000000000000e+02
1.270000000000000000e+02
1.220000000000000000e+02
1.150000000000000000e+02
1.090000000000000000e+02
1.030000000000000000e+02
9.700000000000000000e+01
9.700000000000000000e+01
