1.320000000000000000e+02
1.370000000000000000e+02
1.440000000000000000e+02
1.500000000000000000e+02
1.590000000000000000e+02
1.630000000000000000e+02
1.760000000000000000e+02
1.860000000000000000e+02
1.900000000000000000e+02
1.950000000000000000e+02
2.020000000000000000e+02
2.070000000000000000e+02
2.140000000000000000e+02
2.210000000000000000e+02
2.270000000000000000e+02
2.330000000000000000e+02
2.380000000000000000e+02
2.420000000000000000e+02
2.530000000000000000e+02
2.590000000000000000e+02
2.670000000000000000e+02
2.700000000000000000e+02
2.780000000000000000e+02
2.830000000000000000e+02
3.000000000000000000e+02
3.110000000000000000e+02
3.220000000000000000e+02
3.320000000000000000e+02
3.440000000000000000e+02
3.500000000000000000e+02
3.550000000000000000e+02
3.590000000000000000e+02
3.650000000000000000e+02
3.700000000000000000e+02
3.810000000000000000e+02
3.840000000000000000e+02
3.930000000000000000e+02
3.980000000000000000e+02
4.030000000000000000e+02
4.120000000000000000e+02
4.190000000000000000e+02
4.210000000000000000e+02
4.260000000000000000e+02
4.360000000000000000e+02
4.420000000000000000e+02
4.450000000000000000e+02
4.510000000000000000e+02
4.590000000000000000e+02
4.600000000000000000e+02
4.520000000000000000e+02
4.470000000000000000e+02
4.380000000000000000e+02
4.320000000000000000e+02
4.230000000000000000e+02
4.130000000000000000e+02
4.030000000000000000e+02
3.940000000000000000e+02
3.820000000000000000e+02
3.780000000000000000e+02
3.750000000000000000e+02
3.650000000000000000e+02
3.550000000000000000e+02
3.430000000000000000e+02
3.410000000000000000e+02
3.320000000000000000e+02
3.240000000000000000e+02
3.210000000000000000e+02
3.120000000000000000e+02
3.070000000000000000e+02
2.930000000000000000e+02
2.850000000000000000e+02
2.770000000000000000e+02
2.640000000000000000e+02
2.560000000000000000e+02
2.470000000000000000e+02
2.350000000000000000e+02
2.290000000000000000e+02
2.210000000000000000e+02
2.080000000000000000e+02
2.010000000000000000e+02
1.940000000000000000e+02
1.880000000000000000e+02
1.810000000000000000e+02
1.760000000000000000e+02
1.690000000000000000e+02
1.610000000000000000e+02
1.550000000000000000e+02
1.460000000000000000e+02
1.400000000000000000e+02
1.350000000000000000e+02
1.290000000000000000e+02
1.230000000000000000e+02
1.170000000000000000e+02
1.120000000000000000e+02
1.020000000000000000e+02
9.700000000000000000e+01
