1.210000000000000000e+02
1.290000000000000000e+02
1.360000000000000000e+02
1.470000000000000000e+02
1.490000000000000000e+02
1.540000000000000000e+02
1.600000000000000000e+02
1.640000000000000000e+02
1.700000000000000000e+02
1.770000000000000000e+02
1.790000000000000000e+02
1.850000000000000000e+02
1.870000000000000000e+02
1.940000000000000000e+02
1.980000000000000000e+02
2.050000000000000000e+02
2.100000000000000000e+02
2.150000000000000000e+02
2.180000000000000000e+02
2.210000000000000000e+02
2.230000000000000000e+02
2.260000000000000000e+02
2.350000000000000000e+02
2.420000000000000000e+02
2.440000000000000000e+02
2.480000000000000000e+02
2.500000000000000000e+02
2.530000000000000000e+02
2.570000000000000000e+02
2.570000000000000000e+02
2.660000000000000000e+02
2.730000000000000000e+02
2.780000000000000000e+02
2.880000000000000000e+02
2.970000000000000000e+02
3.050000000000000000e+02
3.130000000000000000e+02
3.230000000000000000e+02
3.320000000000000000e+02
3.360000000000000000e+02
3.440000000000000000e+02
3.560000000000000000e+02
3.650000000000000000e+02
3.700000000000000000e+02
3.750000000000000000e+02
3.830000000000000000e+02
3.880000000000000000e+02
3.930000000000000000e+02
4.000000000000000000e+02
3.870000000000000000e+02
3.780000000000000000e+02
3.700000000000000000e+02
3.630000000000000000e+02
3.580000000000000000e+02
3.460000000000000000e+02
3.370000000000000000e+02
3.300000000000000000e+02
3.260000000000000000e+02
3.140000000000000000e+02
3.000000000000000000e+02
2.900000000000000000e+02
2.850000000000000000e+02
2.760000000000000000e+02
2.650000000000000000e+02
2.590000000000000000e+02
2.540000000000000000e+02
2.410000000000000000e+02
2.350000000000000000e+02
2.280000000000000000e+02
2.200000000000000000e+02
2.110000000000000000e+02
2.050000000000000000e+02
1.950000000000000000e+02
1.860000000000000000e+02
1.790000000000000000e+02
1.750000000000000000e+02
1.690000000000000000e+02
1.620000000000000000e+02
1.580000000000000000e+02
1.560000000000000000e+02
1.520000000000000000e+02
1.460000000000000000e+02
1.440000000000000000e+02
1.440000000000000000e+02
1.400000000000000000e+02
1.350000000000000000e+02
1.320000000000000000e+02
1.290000000000000000e+02
1.240000000000000000e+02
1.180000000000000000e+02
1.120000000000000000e+02
1.090000000000000000e+02
1.060000000000000000e+02
1.020000000000000000e+02
9.400000000000000000e+01
8.900000000000000000e+01
