1.200000000000000000e+02
1.250000000000000000e+02
1.340000000000000000e+02
1.420000000000000000e+02
1.490000000000000000e+02
1.530000000000000000e+02
1.620000000000000000e+02
1.690000000000000000e+02
1.760000000000000000e+02
1.800000000000000000e+02
1.880000000000000000e+02
1.930000000000000000e+02
2.000000000000000000e+02
2.040000000000000000e+02
2.140000000000000000e+02
2.220000000000000000e+02
2.340000000000000000e+02
2.410000000000000000e+02
2.460000000000000000e+02
2.530000000000000000e+02
2.590000000000000000e+02
2.650000000000000000e+02
2.720000000000000000e+02
2.750000000000000000e+02
2.800000000000000000e+02
2.890000000000000000e+02
2.990000000000000000e+02
3.100000000000000000e+02
3.160000000000000000e+02
3.270000000000000000e+02
3.340000000000000000e+02
3.400000000000000000e+02
3.460000000000000000e+02
3.510000000000000000e+02
3.600000000000000000e+02
3.720000000000000000e+02
3.800000000000000000e+02
3.840000000000000000e+02
3.860000000000000000e+02
3.900000000000000000e+02
3.960000000000000000e+02
4.030000000000000000e+02
4.110000000000000000e+02
4.210000000000000000e+02
4.270000000000000000e+02
4.380000000000000000e+02
4.420000000000000000e+02
4.450000000000000000e+02
4.500000000000000000e+02
4.380000000000000000e+02
4.340000000000000000e+02
4.200000000000000000e+02
4.130000000000000000e+02
4.000000000000000000e+02
3.950000000000000000e+02
3.860000000000000000e+02
3.820000000000000000e+02
3.730000000000000000e+02
3.630000000000000000e+02
3.560000000000000000e+02
3.490000000000000000e+02
3.440000000000000000e+02
3.340000000000000000e+02
3.220000000000000000e+02
3.170000000000000000e+02
3.090000000000000000e+02
3.030000000000000000e+02
2.930000000000000000e+02
2.880000000000000000e+02
2.810000000000000000e+02
2.680000000000000000e+02
2.580000000000000000e+02
2.520000000000000000e+02
2.410000000000000000e+02
2.360000000000000000e+02
2.210000000000000000e+02
2.160000000000000000e+02
2.080000000000000000e+02
2.010000000000000000e+02
1.960000000000000000e+02
1.870000000000000000e+02
1.740000000000000000e+02
1.650000000000000000e+02
1.600000000000000000e+02
1.550000000000000000e+02
1.470000000000000000e+02
1.420000000000000000e+02
1.370000000000000000e+02
1.310000000000000000e+02
1.260000000000000000e+02
1.200000000000000000e+02
1.160000000000000000e+02
1.110000000000000000e+02
1.050000000000000000e+02
1.000000000000000000e+02
9.500000000000000000e+01
