0.000000000000000000e+00
0.000000000000000000e+00
0.000000000000000000e+00
0.000000000000000000e+00
0.000000000000000000e+00
0.000000000000000000e+00
0.000000000000000000e+00
0.000000000000000000e+00
0.000000000000000000e+00
0.000000000000000000e+00
0.000000000000000000e+00
0.000000000000000000e+00
0.000000000000000000e+00
0.000000000000000000e+00
0.000000000000000000e+00
0.000000000000000000e+00
0.000000000000000000e+00
0.000000000000000000e+00
0.000000000000000000e+00
0.000000000000000000e+00
0.000000000000000000e+00
0.000000000000000000e+00
0.000000000000000000e+00
0.000000000000000000e+00
0.000000000000000000e+00
0.000000000000000000e+00
0.000000000000000000e+00
0.000000000000000000e+00
0.000000000000000000e+00
0.000000000000000000e+00
0.000000000000000000e+00
0.000000000000000000e+00
0.000000000000000000e+00
0.000000000000000000e+00
0.000000000000000000e+00
0.000000000000000000e+00
0.000000000000000000e+00
0.000000000000000000e+00
5.000000000000000000e+00
2.200000000000000000e+01
2.700000000000000000e+01
2.700000000000000000e+01
3.400000000000000000e+01
4.100000000000000000e+01
4.400000000000000000e+01
4.400000000000000000e+01
5.100000000000000000e+01
6.000000000000000000e+01
6.900000000000000000e+01
8.000000000000000000e+01
8.000000000000000000e+01
8.600000000000000000e+01
9.600000000000000000e+01
1.030000000000000000e+02
1.030000000000000000e+02
1.110000000000000000e+02
1.130000000000000000e+02
1.170000000000000000e+02
1.230000000000000000e+02
1.230000000000000000e+02
1.300000000000000000e+02
1.370000000000000000e+02
1.500000000000000000e+02
1.500000000000000000e+02
1.570000000000000000e+02
1.570000000000000000e+02
1.570000000000000000e+02
1.570000000000000000e+02
1.570000000000000000e+02
1.570000000000000000e+02
1.570000000000000000e+02
1.570000000000000000e+02
1.570000000000000000e+02
1.570000000000000000e+02
1.570000000000000000e+02
1.570000000000000000e+02
1.570000000000000000e+02
1.570000000000000000e+02
1.570000000000000000e+02
1.570000000000000000e+02
1.570000000000000000e+02
1.570000000000000000e+02
1.570000000000000000e+02
1.570000000000000000e+02
1.570000000000000000e+02
1.570000000000000000e+02
1.570000000000000000e+02
1.570000000000000000e+02
1.570000000000000000e+02
1.570000000000000000e+02
1.570000000000000000e+02
1.570000000000000000e+02
1.570000000000000000e+02
1.570000000000000000e+02
1.570000000000000000e+02
1.570000000000000000e+02
1.570000000000000000e+02
1.570000000000000000e+02
1.570000000000000000e+02
1.570000000000000000e+02
1.570000000000000000e+02
1.570000000000000000e+02
1.570000000000000000e+02
1.570000000000000000e+02
1.560000000000000000e+02
1.540000000000000000e+02
1.540000000000000000e+02
1.520000000000000000e+02
1.500000000000000000e+02
1.490000000000000000e+02
1.480000000000000000e+02
1.470000000000000000e+02
1.460000000000000000e+02
1.420000000000000000e+02
1.400000000000000000e+02
1.380000000000000000e+02
1.320000000000000000e+02
1.290000000000000000e+02
1.270000000000000000e+02
1.230000000000000000e+02
1.220000000000000000e+02
1.170000000000000000e+02
1.110000000000000000e+02
1.080000000000000000e+02
1.040000000000000000e+02
1.000000000000000000e+02
9.900000000000000000e+01
9.500000000000000000e+01
