0.000000000000000000e+00
0.000000000000000000e+00
0.000000000000000000e+00
0.000000000000000000e+00
0.000000000000000000e+00
0.000000000000000000e+00
0.000000000000000000e+00
0.000000000000000000e+00
0.000000000000000000e+00
0.000000000000000000e+00
0.000000000000000000e+00
0.000000000000000000e+00
0.000000000000000000e+00
0.000000000000000000e+00
0.000000000000000000e+00
0.000000000000000000e+00
0.000000000000000000e+00
0.000000000000000000e+00
0.000000000000000000e+00
0.000000000000000000e+00
0.000000000000000000e+00
0.000000000000000000e+00
0.000000000000000000e+00
0.000000000000000000e+00
0.000000000000000000e+00
0.000000000000000000e+00
0.000000000000000000e+00
0.000000000000000000e+00
0.000000000000000000e+00
0.000000000000000000e+00
0.000000000000000000e+00
0.000000000000000000e+00
1.000000000000000000e+01
2.100000000000000000e+01
2.800000000000000000e+01
4.200000000000000000e+01
4.200000000000000000e+01
5.100000000000000000e+01
5.600000000000000000e+01
6.900000000000000000e+01
7.300000000000000000e+01
7.300000000000000000e+01
8.300000000000000000e+01
8.500000000000000000e+01
9.700000000000000000e+01
9.700000000000000000e+01
9.700000000000000000e+01
9.900000000000000000e+01
9.900000000000000000e+01
9.900000000000000000e+01
9.900000000000000000e+01
9.900000000000000000e+01
9.900000000000000000e+01
9.900000000000000000e+01
9.900000000000000000e+01
9.900000000000000000e+01
9.900000000000000000e+01
9.900000000000000000e+01
9.900000000000000000e+01
9.900000000000000000e+01
9.900000000000000000e+01
9.900000000000000000e+01
9.900000000000000000e+01
9.900000000000000000e+01
9.900000000000000000e+01
9.900000000000000000e+01
9.900000000000000000e+01
9.900000000000000000e+01
9.900000000000000000e+01
9.900000000000000000e+01
9.900000000000000000e+01
9.900000000000000000e+01
9.900000000000000000e+01
9.900000000000000000e+01
9.900000000000000000e+01
9.900000000000000000e+01
9.900000000000000000e+01
9.900000000000000000e+01
9.900000000000000000e+01
9.900000000000000000e+01
9.900000000000000000e+01
9.900000000000000000e+01
9.900000000000000000e+01
9.900000000000000000e+01
9.900000000000000000e+01
9.900000000000000000e+01
9.900000000000000000e+01
9.900000000000000000e+01
9.900000000000000000e+01
9.900000000000000000e+01
9.900000000000000000e+01
9.900000000000000000e+01
9.900000000000000000e+01
9.900000000000000000e+01
9.900000000000000000e+01
9.900000000000000000e+01
9.900000000000000000e+01
9.900000000000000000e+01
9.800000000000000000e+01
9.700000000000000000e+01
9.300000000000000000e+01
9.000000000000000000e+01
8.600000000000000000e+01
8.500000000000000000e+01
8.000000000000000000e+01
7.900000000000000000e+01
7.600000000000000000e+01
7.300000000000000000e+01
6.400000000000000000e+01
6.300000000000000000e+01
5.800000000000000000e+01
5.400000000000000000e+01
4.900000000000000000e+01
4.700000000000000000e+01
4.400000000000000000e+01
4.000000000000000000e+01
3.900000000000000000e+01
3.700000000000000000e+01
3.500000000000000000e+01
3.300000000000000000e+01
2.900000000000000000e+01
2.900000000000000000e+01
2.800000000000000000e+01
2.600000000000000000e+01
2.500000000000000000e+01
2.400000000000000000e+01
2.200000000000000000e+01
2.000000000000000000e+01
