0.000000000000000000e+00
0.000000000000000000e+00
0.000000000000000000e+00
0.000000000000000000e+00
0.000000000000000000e+00
0.000000000000000000e+00
0.000000000000000000e+00
0.000000000000000000e+00
0.000000000000000000e+00
0.000000000000000000e+00
0.000000000000000000e+00
0.000000000000000000e+00
0.000000000000000000e+00
0.000000000000000000e+00
0.000000000000000000e+00
0.000000000000000000e+00
0.000000000000000000e+00
0.000000000000000000e+00
0.000000000000000000e+00
0.000000000000000000e+00
0.000000000000000000e+00
0.000000000000000000e+00
0.000000000000000000e+00
0.000000000000000000e+00
0.000000000000000000e+00
0.000000000000000000e+00
0.000000000000000000e+00
0.000000000000000000e+00
1.000000000000000000e+00
1.000000000000000000e+00
2.000000000000000000e+00
2.000000000000000000e+00
7.000000000000000000e+00
1.000000000000000000e+01
1.700000000000000000e+01
2.300000000000000000e+01
2.300000000000000000e+01
2.800000000000000000e+01
3.700000000000000000e+01
4.800000000000000000e+01
5.600000000000000000e+01
5.600000000000000000e+01
6.200000000000000000e+01
6.600000000000000000e+01
7.700000000000000000e+01
7.700000000000000000e+01
8.400000000000000000e+01
9.100000000000000000e+01
1.000000000000000000e+02
1.060000000000000000e+02
1.060000000000000000e+02
1.120000000000000000e+02
1.200000000000000000e+02
1.300000000000000000e+02
1.300000000000000000e+02
1.360000000000000000e+02
1.460000000000000000e+02
1.520000000000000000e+02
1.630000000000000000e+02
1.630000000000000000e+02
1.710000000000000000e+02
1.760000000000000000e+02
1.890000000000000000e+02
1.890000000000000000e+02
1.960000000000000000e+02
1.960000000000000000e+02
1.960000000000000000e+02
1.960000000000000000e+02
1.960000000000000000e+02
1.960000000000000000e+02
1.960000000000000000e+02
1.960000000000000000e+02
1.960000000000000000e+02
1.960000000000000000e+02
1.960000000000000000e+02
1.960000000000000000e+02
1.960000000000000000e+02
1.960000000000000000e+02
1.960000000000000000e+02
1.960000000000000000e+02
1.960000000000000000e+02
1.960000000000000000e+02
1.960000000000000000e+02
1.960000000000000000e+02
1.960000000000000000e+02
1.960000000000000000e+02
1.960000000000000000e+02
1.960000000000000000e+02
1.960000000000000000e+02
1.960000000000000000e+02
1.960000000000000000e+02
1.960000000000000000e+02
1.960000000000000000e+02
1.960000000000000000e+02
1.960000000000000000e+02
1.940000000000000000e+02
1.910000000000000000e+02
1.910000000000000000e+02
1.900000000000000000e+02
1.890000000000000000e+02
1.890000000000000000e+02
1.880000000000000000e+02
1.880000000000000000e+02
1.870000000000000000e+02
1.850000000000000000e+02
1.800000000000000000e+02
1.780000000000000000e+02
1.770000000000000000e+02
1.750000000000000000e+02
1.720000000000000000e+02
1.670000000000000000e+02
1.650000000000000000e+02
1.610000000000000000e+02
1.560000000000000000e+02
1.530000000000000000e+02
1.500000000000000000e+02
1.470000000000000000e+02
1.430000000000000000e+02
1.390000000000000000e+02
1.340000000000000000e+02
1.290000000000000000e+02
1.260000000000000000e+02
1.230000000000000000e+02
1.170000000000000000e+02
1.140000000000000000e+02
1.070000000000000000e+02
1.040000000000000000e+02
1.010000000000000000e+02
