0.000000000000000000e+00
0.000000000000000000e+00
0.000000000000000000e+00
0.000000000000000000e+00
0.000000000000000000e+00
0.000000000000000000e+00
0.000000000000000000e+00
0.000000000000000000e+00
0.000000000000000000e+00
0.000000000000000000e+00
0.000000000000000000e+00
0.000000000000000000e+00
0.000000000000000000e+00
0.000000000000000000e+00
0.000000000000000000e+00
0.000000000000000000e+00
0.000000000000000000e+00
0.000000000000000000e+00
0.000000000000000000e+00
0.000000000000000000e+00
0.000000000000000000e+00
0.000000000000000000e+00
0.000000000000000000e+00
0.000000000000000000e+00
0.000000000000000000e+00
0.000000000000000000e+00
0.000000000000000000e+00
0.000000000000000000e+00
0.000000000000000000e+00
0.000000000000000000e+00
0.000000000000000000e+00
0.000000000000000000e+00
0.000000000000000000e+00
0.000000000000000000e+00
0.000000000000000000e+00
0.000000000000000000e+00
0.000000000000000000e+00
0.000000000000000000e+00
0.000000000000000000e+00
0.000000000000000000e+00
0.000000000000000000e+00
0.000000000000000000e+00
0.000000000000000000e+00
0.000000000000000000e+00
0.000000000000000000e+00
0.000000000000000000e+00
0.000000000000000000e+00
0.000000000000000000e+00
0.000000000000000000e+00
0.000000000000000000e+00
0.000000000000000000e+00
0.000000000000000000e+00
0.000000000000000000e+00
0.000000000000000000e+00
0.000000000000000000e+00
0.000000000000000000e+00
1.200000000000000000e+01
2.100000000000000000e+01
3.800000000000000000e+01
3.800000000000000000e+01
4.800000000000000000e+01
5.400000000000000000e+01
6.400000000000000000e+01
6.400000000000000000e+01
7.200000000000000000e+01
7.200000000000000000e+01
7.200000000000000000e+01
7.200000000000000000e+01
7.200000000000000000e+01
7.200000000000000000e+01
7.200000000000000000e+01
7.200000000000000000e+01
7.200000000000000000e+01
7.200000000000000000e+01
7.200000000000000000e+01
7.200000000000000000e+01
7.200000000000000000e+01
7.200000000000000000e+01
7.200000000000000000e+01
7.200000000000000000e+01
7.200000000000000000e+01
7.200000000000000000e+01
7.200000000000000000e+01
7.200000000000000000e+01
7.200000000000000000e+01
7.200000000000000000e+01
7.200000000000000000e+01
7.200000000000000000e+01
7.200000000000000000e+01
7.200000000000000000e+01
7.200000000000000000e+01
7.200000000000000000e+01
7.200000000000000000e+01
7.200000000000000000e+01
7.200000000000000000e+01
7.200000000000000000e+01
7.200000000000000000e+01
7.200000000000000000e+01
7.200000000000000000e+01
7.200000000000000000e+01
7.200000000000000000e+01
7.200000000000000000e+01
7.200000000000000000e+01
7.200000000000000000e+01
7.200000000000000000e+01
7.200000000000000000e+01
7.200000000000000000e+01
7.200000000000000000e+01
7.200000000000000000e+01
7.200000000000000000e+01
7.200000000000000000e+01
7.200000000000000000e+01
7.200000000000000000e+01
7.200000000000000000e+01
7.200000000000000000e+01
7.200000000000000000e+01
7.200000000000000000e+01
7.200000000000000000e+01
7.200000000000000000e+01
7.200000000000000000e+01
7.200000000000000000e+01
7.200000000000000000e+01
7.000000000000000000e+01
6.900000000000000000e+01
6.300000000000000000e+01
6.200000000000000000e+01
5.800000000000000000e+01
5.600000000000000000e+01
