0.000000000000000000e+00
0.000000000000000000e+00
0.000000000000000000e+00
0.000000000000000000e+00
0.000000000000000000e+00
0.000000000000000000e+00
0.000000000000000000e+00
0.000000000000000000e+00
0.000000000000000000e+00
0.000000000000000000e+00
0.000000000000000000e+00
0.000000000000000000e+00
0.000000000000000000e+00
0.000000000000000000e+00
0.000000000000000000e+00
0.000000000000000000e+00
0.000000000000000000e+00
0.000000000000000000e+00
0.000000000000000000e+00
0.000000000000000000e+00
0.000000000000000000e+00
0.000000000000000000e+00
0.000000000000000000e+00
0.000000000000000000e+00
0.000000000000000000e+00
0.000000000000000000e+00
0.000000000000000000e+00
0.000000000000000000e+00
0.000000000000000000e+00
0.000000000000000000e+00
0.000000000000000000e+00
0.000000000000000000e+00
0.000000000000000000e+00
0.000000000000000000e+00
0.000000000000000000e+00
0.000000000000000000e+00
0.000000000000000000e+00
6.000000000000000000e+00
1.100000000000000000e+01
1.700000000000000000e+01
2.900000000000000000e+01
2.900000000000000000e+01
3.600000000000000000e+01
4.700000000000000000e+01
5.500000000000000000e+01
5.500000000000000000e+01
6.600000000000000000e+01
6.800000000000000000e+01
7.600000000000000000e+01
8.900000000000000000e+01
8.900000000000000000e+01
9.700000000000000000e+01
9.900000000000000000e+01
1.090000000000000000e+02
1.090000000000000000e+02
1.180000000000000000e+02
1.240000000000000000e+02
1.280000000000000000e+02
1.360000000000000000e+02
1.360000000000000000e+02
1.400000000000000000e+02
1.440000000000000000e+02
1.510000000000000000e+02
1.510000000000000000e+02
1.610000000000000000e+02
1.610000000000000000e+02
1.610000000000000000e+02
1.610000000000000000e+02
1.610000000000000000e+02
1.610000000000000000e+02
1.610000000000000000e+02
1.610000000000000000e+02
1.610000000000000000e+02
1.610000000000000000e+02
1.610000000000000000e+02
1.610000000000000000e+02
1.610000000000000000e+02
1.610000000000000000e+02
1.610000000000000000e+02
1.610000000000000000e+02
1.610000000000000000e+02
1.610000000000000000e+02
1.610000000000000000e+02
1.610000000000000000e+02
1.610000000000000000e+02
1.610000000000000000e+02
1.610000000000000000e+02
1.610000000000000000e+02
1.610000000000000000e+02
1.610000000000000000e+02
1.610000000000000000e+02
1.610000000000000000e+02
1.610000000000000000e+02
1.610000000000000000e+02
1.610000000000000000e+02
1.610000000000000000e+02
1.610000000000000000e+02
1.610000000000000000e+02
1.610000000000000000e+02
1.610000000000000000e+02
1.610000000000000000e+02
1.610000000000000000e+02
1.610000000000000000e+02
1.610000000000000000e+02
1.600000000000000000e+02
1.580000000000000000e+02
1.570000000000000000e+02
1.560000000000000000e+02
1.540000000000000000e+02
1.540000000000000000e+02
1.520000000000000000e+02
1.480000000000000000e+02
1.460000000000000000e+02
1.460000000000000000e+02
1.420000000000000000e+02
1.390000000000000000e+02
1.370000000000000000e+02
1.300000000000000000e+02
1.290000000000000000e+02
1.260000000000000000e+02
1.220000000000000000e+02
1.170000000000000000e+02
1.140000000000000000e+02
1.120000000000000000e+02
1.080000000000000000e+02
1.060000000000000000e+02
1.020000000000000000e+02
9.800000000000000000e+01
