1.100000000000000000e+01
1.100000000000000000e+01
1.100000000000000000e+01
1.100000000000000000e+01
1.100000000000000000e+01
1.100000000000000000e+01
1.100000000000000000e+01
1.100000000000000000e+01
1.100000000000000000e+01
1.100000000000000000e+01
1.100000000000000000e+01
1.100000000000000000e+01
1.100000000000000000e+01
1.100000000000000000e+01
1.100000000000000000e+01
1.100000000000000000e+01
1.100000000000000000e+01
1.100000000000000000e+01
1.100000000000000000e+01
1.100000000000000000e+01
1.100000000000000000e+01
1.100000000000000000e+01
1.100000000000000000e+01
1.100000000000000000e+01
1.100000000000000000e+01
1.100000000000000000e+01
1.100000000000000000e+01
1.100000000000000000e+01
1.100000000000000000e+01
1.100000000000000000e+01
1.100000000000000000e+01
1.100000000000000000e+01
1.100000000000000000e+01
1.100000000000000000e+01
1.100000000000000000e+01
1.100000000000000000e+01
1.100000000000000000e+01
1.100000000000000000e+01
1.100000000000000000e+01
1.100000000000000000e+01
1.100000000000000000e+01
1.100000000000000000e+01
1.100000000000000000e+01
1.100000000000000000e+01
1.100000000000000000e+01
1.100000000000000000e+01
1.300000000000000000e+01
1.500000000000000000e+01
2.100000000000000000e+01
2.700000000000000000e+01
2.700000000000000000e+01
3.200000000000000000e+01
4.300000000000000000e+01
5.500000000000000000e+01
5.500000000000000000e+01
6.500000000000000000e+01
7.300000000000000000e+01
7.700000000000000000e+01
8.600000000000000000e+01
8.600000000000000000e+01
9.200000000000000000e+01
9.900000000000000000e+01
1.100000000000000000e+02
1.100000000000000000e+02
1.130000000000000000e+02
1.090000000000000000e+02
1.090000000000000000e+02
1.090000000000000000e+02
1.090000000000000000e+02
1.090000000000000000e+02
1.090000000000000000e+02
1.090000000000000000e+02
1.090000000000000000e+02
1.090000000000000000e+02
1.090000000000000000e+02
1.090000000000000000e+02
1.090000000000000000e+02
1.090000000000000000e+02
1.090000000000000000e+02
1.090000000000000000e+02
1.090000000000000000e+02
1.090000000000000000e+02
1.090000000000000000e+02
1.090000000000000000e+02
1.090000000000000000e+02
1.090000000000000000e+02
1.090000000000000000e+02
1.090000000000000000e+02
1.090000000000000000e+02
1.090000000000000000e+02
1.090000000000000000e+02
1.090000000000000000e+02
1.090000000000000000e+02
1.090000000000000000e+02
1.090000000000000000e+02
1.090000000000000000e+02
1.090000000000000000e+02
1.090000000000000000e+02
1.090000000000000000e+02
1.090000000000000000e+02
1.090000000000000000e+02
1.090000000000000000e+02
1.090000000000000000e+02
1.090000000000000000e+02
1.090000000000000000e+02
1.090000000000000000e+02
1.090000000000000000e+02
1.090000000000000000e+02
1.090000000000000000e+02
1.090000000000000000e+02
1.090000000000000000e+02
1.090000000000000000e+02
1.070000000000000000e+02
1.060000000000000000e+02
1.060000000000000000e+02
1.060000000000000000e+02
1.060000000000000000e+02
1.040000000000000000e+02
1.020000000000000000e+02
1.010000000000000000e+02
9.700000000000000000e+01
9.500000000000000000e+01
9.100000000000000000e+01
8.900000000000000000e+01
8.900000000000000000e+01
8.500000000000000000e+01
8.300000000000000000e+01
8.000000000000000000e+01
