0.000000000000000000e+00
0.000000000000000000e+00
0.000000000000000000e+00
0.000000000000000000e+00
0.000000000000000000e+00
0.000000000000000000e+00
0.000000000000000000e+00
0.000000000000000000e+00
0.000000000000000000e+00
0.000000000000000000e+00
0.000000000000000000e+00
0.000000000000000000e+00
0.000000000000000000e+00
0.000000000000000000e+00
0.000000000000000000e+00
0.000000000000000000e+00
0.000000000000000000e+00
0.000000000000000000e+00
0.000000000000000000e+00
0.000000000000000000e+00
0.000000000000000000e+00
0.000000000000000000e+00
0.000000000000000000e+00
0.000000000000000000e+00
0.000000000000000000e+00
0.000000000000000000e+00
1.000000000000000000e+00
1.000000000000000000e+00
1.000000000000000000e+00
4.000000000000000000e+00
1.100000000000000000e+01
1.100000000000000000e+01
1.300000000000000000e+01
1.600000000000000000e+01
2.500000000000000000e+01
3.200000000000000000e+01
3.200000000000000000e+01
3.600000000000000000e+01
4.200000000000000000e+01
5.100000000000000000e+01
6.100000000000000000e+01
6.100000000000000000e+01
6.900000000000000000e+01
8.200000000000000000e+01
8.600000000000000000e+01
8.600000000000000000e+01
9.400000000000000000e+01
1.030000000000000000e+02
1.090000000000000000e+02
1.180000000000000000e+02
1.180000000000000000e+02
1.260000000000000000e+02
1.320000000000000000e+02
1.380000000000000000e+02
1.380000000000000000e+02
1.470000000000000000e+02
1.550000000000000000e+02
1.620000000000000000e+02
1.730000000000000000e+02
1.730000000000000000e+02
1.780000000000000000e+02
1.830000000000000000e+02
1.960000000000000000e+02
1.960000000000000000e+02
2.010000000000000000e+02
2.010000000000000000e+02
2.010000000000000000e+02
2.010000000000000000e+02
2.010000000000000000e+02
2.010000000000000000e+02
2.010000000000000000e+02
2.010000000000000000e+02
2.010000000000000000e+02
2.010000000000000000e+02
2.010000000000000000e+02
2.010000000000000000e+02
2.010000000000000000e+02
2.010000000000000000e+02
2.010000000000000000e+02
2.010000000000000000e+02
2.010000000000000000e+02
2.010000000000000000e+02
2.010000000000000000e+02
2.010000000000000000e+02
2.010000000000000000e+02
2.010000000000000000e+02
2.010000000000000000e+02
2.010000000000000000e+02
2.010000000000000000e+02
2.010000000000000000e+02
2.010000000000000000e+02
2.010000000000000000e+02
2.010000000000000000e+02
2.010000000000000000e+02
2.010000000000000000e+02
2.010000000000000000e+02
2.010000000000000000e+02
2.010000000000000000e+02
2.010000000000000000e+02
1.990000000000000000e+02
1.990000000000000000e+02
1.990000000000000000e+02
1.990000000000000000e+02
1.970000000000000000e+02
1.950000000000000000e+02
1.920000000000000000e+02
1.900000000000000000e+02
1.870000000000000000e+02
1.830000000000000000e+02
1.790000000000000000e+02
1.730000000000000000e+02
1.680000000000000000e+02
1.660000000000000000e+02
1.650000000000000000e+02
1.620000000000000000e+02
1.590000000000000000e+02
1.570000000000000000e+02
1.520000000000000000e+02
1.510000000000000000e+02
1.490000000000000000e+02
1.470000000000000000e+02
1.350000000000000000e+02
1.310000000000000000e+02
1.240000000000000000e+02
1.200000000000000000e+02
1.140000000000000000e+02
1.080000000000000000e+02
1.040000000000000000e+02
