0.000000000000000000e+00
0.000000000000000000e+00
0.000000000000000000e+00
0.000000000000000000e+00
0.000000000000000000e+00
0.000000000000000000e+00
0.000000000000000000e+00
0.000000000000000000e+00
0.000000000000000000e+00
0.000000000000000000e+00
0.000000000000000000e+00
0.000000000000000000e+00
0.000000000000000000e+00
0.000000000000000000e+00
0.000000000000000000e+00
0.000000000000000000e+00
0.000000000000000000e+00
0.000000000000000000e+00
0.000000000000000000e+00
0.000000000000000000e+00
0.000000000000000000e+00
0.000000000000000000e+00
0.000000000000000000e+00
0.000000000000000000e+00
0.000000000000000000e+00
0.000000000000000000e+00
0.000000000000000000e+00
0.000000000000000000e+00
0.000000000000000000e+00
0.000000000000000000e+00
0.000000000000000000e+00
0.000000000000000000e+00
0.000000000000000000e+00
2.000000000000000000e+00
2.000000000000000000e+00
4.000000000000000000e+00
4.000000000000000000e+00
7.000000000000000000e+00
1.100000000000000000e+01
1.700000000000000000e+01
2.100000000000000000e+01
2.100000000000000000e+01
2.600000000000000000e+01
2.900000000000000000e+01
3.400000000000000000e+01
3.400000000000000000e+01
3.800000000000000000e+01
4.500000000000000000e+01
5.500000000000000000e+01
6.000000000000000000e+01
6.000000000000000000e+01
6.500000000000000000e+01
7.100000000000000000e+01
8.000000000000000000e+01
8.000000000000000000e+01
9.000000000000000000e+01
9.800000000000000000e+01
1.110000000000000000e+02
1.200000000000000000e+02
1.200000000000000000e+02
1.270000000000000000e+02
1.330000000000000000e+02
1.420000000000000000e+02
1.420000000000000000e+02
1.430000000000000000e+02
1.430000000000000000e+02
1.430000000000000000e+02
1.430000000000000000e+02
1.430000000000000000e+02
1.430000000000000000e+02
1.430000000000000000e+02
1.430000000000000000e+02
1.430000000000000000e+02
1.430000000000000000e+02
1.430000000000000000e+02
1.430000000000000000e+02
1.430000000000000000e+02
1.430000000000000000e+02
1.430000000000000000e+02
1.430000000000000000e+02
1.430000000000000000e+02
1.430000000000000000e+02
1.430000000000000000e+02
1.430000000000000000e+02
1.430000000000000000e+02
1.430000000000000000e+02
1.430000000000000000e+02
1.430000000000000000e+02
1.430000000000000000e+02
1.430000000000000000e+02
1.430000000000000000e+02
1.430000000000000000e+02
1.430000000000000000e+02
1.430000000000000000e+02
1.430000000000000000e+02
1.430000000000000000e+02
1.430000000000000000e+02
1.430000000000000000e+02
1.430000000000000000e+02
1.430000000000000000e+02
1.430000000000000000e+02
1.430000000000000000e+02
1.430000000000000000e+02
1.430000000000000000e+02
1.430000000000000000e+02
1.430000000000000000e+02
1.430000000000000000e+02
1.430000000000000000e+02
1.430000000000000000e+02
1.430000000000000000e+02
1.430000000000000000e+02
1.430000000000000000e+02
1.420000000000000000e+02
1.400000000000000000e+02
1.400000000000000000e+02
1.400000000000000000e+02
1.370000000000000000e+02
1.370000000000000000e+02
1.370000000000000000e+02
1.360000000000000000e+02
1.360000000000000000e+02
1.320000000000000000e+02
1.250000000000000000e+02
1.230000000000000000e+02
1.180000000000000000e+02
1.150000000000000000e+02
1.100000000000000000e+02
1.060000000000000000e+02
