7.000000000000000000e+01
7.600000000000000000e+01
7.900000000000000000e+01
8.200000000000000000e+01
8.200000000000000000e+01
9.100000000000000000e+01
9.500000000000000000e+01
9.700000000000000000e+01
9.700000000000000000e+01
9.700000000000000000e+01
9.700000000000000000e+01
9.700000000000000000e+01
9.700000000000000000e+01
9.700000000000000000e+01
9.700000000000000000e+01
9.700000000000000000e+01
9.700000000000000000e+01
9.700000000000000000e+01
9.700000000000000000e+01
9.700000000000000000e+01
9.700000000000000000e+01
9.700000000000000000e+01
9.700000000000000000e+01
9.700000000000000000e+01
9.700000000000000000e+01
9.700000000000000000e+01
9.700000000000000000e+01
9.700000000000000000e+01
9.700000000000000000e+01
9.700000000000000000e+01
9.700000000000000000e+01
9.700000000000000000e+01
9.700000000000000000e+01
9.700000000000000000e+01
9.700000000000000000e+01
9.700000000000000000e+01
9.700000000000000000e+01
9.700000000000000000e+01
9.700000000000000000e+01
9.700000000000000000e+01
1.050000000000000000e+02
1.050000000000000000e+02
1.150000000000000000e+02
1.190000000000000000e+02
1.240000000000000000e+02
1.240000000000000000e+02
1.290000000000000000e+02
1.370000000000000000e+02
1.520000000000000000e+02
1.640000000000000000e+02
1.640000000000000000e+02
1.690000000000000000e+02
1.770000000000000000e+02
1.930000000000000000e+02
1.930000000000000000e+02
2.030000000000000000e+02
2.110000000000000000e+02
2.170000000000000000e+02
2.260000000000000000e+02
2.260000000000000000e+02
2.320000000000000000e+02
2.410000000000000000e+02
2.500000000000000000e+02
2.500000000000000000e+02
2.530000000000000000e+02
2.480000000000000000e+02
2.420000000000000000e+02
2.370000000000000000e+02
2.340000000000000000e+02
2.300000000000000000e+02
2.220000000000000000e+02
2.120000000000000000e+02
2.070000000000000000e+02
2.030000000000000000e+02
1.960000000000000000e+02
1.900000000000000000e+02
1.880000000000000000e+02
1.830000000000000000e+02
1.790000000000000000e+02
1.740000000000000000e+02
1.700000000000000000e+02
1.670000000000000000e+02
1.610000000000000000e+02
1.600000000000000000e+02
1.600000000000000000e+02
1.600000000000000000e+02
1.600000000000000000e+02
1.600000000000000000e+02
1.600000000000000000e+02
1.600000000000000000e+02
1.600000000000000000e+02
1.600000000000000000e+02
1.600000000000000000e+02
1.600000000000000000e+02
1.600000000000000000e+02
1.600000000000000000e+02
1.600000000000000000e+02
1.600000000000000000e+02
1.600000000000000000e+02
1.600000000000000000e+02
1.600000000000000000e+02
1.600000000000000000e+02
1.600000000000000000e+02
1.600000000000000000e+02
1.600000000000000000e+02
1.600000000000000000e+02
1.590000000000000000e+02
1.570000000000000000e+02
1.570000000000000000e+02
1.570000000000000000e+02
1.550000000000000000e+02
1.550000000000000000e+02
1.540000000000000000e+02
1.520000000000000000e+02
1.470000000000000000e+02
1.450000000000000000e+02
1.430000000000000000e+02
1.400000000000000000e+02
1.370000000000000000e+02
1.330000000000000000e+02
1.280000000000000000e+02
1.230000000000000000e+02
1.200000000000000000e+02
1.160000000000000000e+02
1.120000000000000000e+02
1.060000000000000000e+02
9.900000000000000000e+01
9.200000000000000000e+01
