0.000000000000000000e+00
0.000000000000000000e+00
0.000000000000000000e+00
0.000000000000000000e+00
0.000000000000000000e+00
0.000000000000000000e+00
0.000000000000000000e+00
0.000000000000000000e+00
0.000000000000000000e+00
0.000000000000000000e+00
0.000000000000000000e+00
0.000000000000000000e+00
0.000000000000000000e+00
0.000000000000000000e+00
0.000000000000000000e+00
0.000000000000000000e+00
0.000000000000000000e+00
0.000000000000000000e+00
0.000000000000000000e+00
0.000000000000000000e+00
0.000000000000000000e+00
0.000000000000000000e+00
0.000000000000000000e+00
0.000000000000000000e+00
0.000000000000000000e+00
0.000000000000000000e+00
0.000000000000000000e+00
0.000000000000000000e+00
0.000000000000000000e+00
0.000000000000000000e+00
0.000000000000000000e+00
0.000000000000000000e+00
0.000000000000000000e+00
4.000000000000000000e+00
6.000000000000000000e+00
7.000000000000000000e+00
7.000000000000000000e+00
7.000000000000000000e+00
8.000000000000000000e+00
9.000000000000000000e+00
1.000000000000000000e+01
1.000000000000000000e+01
2.300000000000000000e+01
3.200000000000000000e+01
4.000000000000000000e+01
4.000000000000000000e+01
5.200000000000000000e+01
6.100000000000000000e+01
7.100000000000000000e+01
7.900000000000000000e+01
7.900000000000000000e+01
8.400000000000000000e+01
9.200000000000000000e+01
1.000000000000000000e+02
1.000000000000000000e+02
1.060000000000000000e+02
1.090000000000000000e+02
1.130000000000000000e+02
1.180000000000000000e+02
1.180000000000000000e+02
1.270000000000000000e+02
1.340000000000000000e+02
1.430000000000000000e+02
1.430000000000000000e+02
1.520000000000000000e+02
1.520000000000000000e+02
1.520000000000000000e+02
1.520000000000000000e+02
1.520000000000000000e+02
1.520000000000000000e+02
1.520000000000000000e+02
1.520000000000000000e+02
1.520000000000000000e+02
1.520000000000000000e+02
1.520000000000000000e+02
1.520000000000000000e+02
1.520000000000000000e+02
1.520000000000000000e+02
1.520000000000000000e+02
1.520000000000000000e+02
1.520000000000000000e+02
1.520000000000000000e+02
1.520000000000000000e+02
1.520000000000000000e+02
1.520000000000000000e+02
1.520000000000000000e+02
1.520000000000000000e+02
1.520000000000000000e+02
1.520000000000000000e+02
1.520000000000000000e+02
1.520000000000000000e+02
1.520000000000000000e+02
1.520000000000000000e+02
1.520000000000000000e+02
1.520000000000000000e+02
1.520000000000000000e+02
1.520000000000000000e+02
1.520000000000000000e+02
1.510000000000000000e+02
1.510000000000000000e+02
1.500000000000000000e+02
1.500000000000000000e+02
1.490000000000000000e+02
1.470000000000000000e+02
1.470000000000000000e+02
1.460000000000000000e+02
1.410000000000000000e+02
1.400000000000000000e+02
1.380000000000000000e+02
1.370000000000000000e+02
1.340000000000000000e+02
1.320000000000000000e+02
1.260000000000000000e+02
1.240000000000000000e+02
1.220000000000000000e+02
1.180000000000000000e+02
1.130000000000000000e+02
1.100000000000000000e+02
1.080000000000000000e+02
1.030000000000000000e+02
1.000000000000000000e+02
1.000000000000000000e+02
9.500000000000000000e+01
9.000000000000000000e+01
8.500000000000000000e+01
8.000000000000000000e+01
7.500000000000000000e+01
7.300000000000000000e+01
