0.000000000000000000e+00
0.000000000000000000e+00
0.000000000000000000e+00
0.000000000000000000e+00
0.000000000000000000e+00
0.000000000000000000e+00
0.000000000000000000e+00
0.000000000000000000e+00
0.000000000000000000e+00
0.000000000000000000e+00
0.000000000000000000e+00
0.000000000000000000e+00
0.000000000000000000e+00
0.000000000000000000e+00
0.000000000000000000e+00
0.000000000000000000e+00
0.000000000000000000e+00
0.000000000000000000e+00
0.000000000000000000e+00
0.000000000000000000e+00
0.000000000000000000e+00
0.000000000000000000e+00
0.000000000000000000e+00
0.000000000000000000e+00
0.000000000000000000e+00
0.000000000000000000e+00
0.000000000000000000e+00
0.000000000000000000e+00
0.000000000000000000e+00
0.000000000000000000e+00
0.000000000000000000e+00
0.000000000000000000e+00
0.000000000000000000e+00
0.000000000000000000e+00
0.000000000000000000e+00
0.000000000000000000e+00
0.000000000000000000e+00
0.000000000000000000e+00
0.000000000000000000e+00
0.000000000000000000e+00
1.000000000000000000e+00
1.000000000000000000e+00
7.000000000000000000e+00
1.500000000000000000e+01
2.600000000000000000e+01
2.600000000000000000e+01
3.000000000000000000e+01
3.400000000000000000e+01
4.200000000000000000e+01
5.100000000000000000e+01
5.100000000000000000e+01
5.900000000000000000e+01
6.800000000000000000e+01
7.600000000000000000e+01
7.600000000000000000e+01
8.900000000000000000e+01
9.300000000000000000e+01
9.900000000000000000e+01
1.080000000000000000e+02
1.080000000000000000e+02
1.200000000000000000e+02
1.270000000000000000e+02
1.330000000000000000e+02
1.330000000000000000e+02
1.370000000000000000e+02
1.370000000000000000e+02
1.370000000000000000e+02
1.370000000000000000e+02
1.370000000000000000e+02
1.370000000000000000e+02
1.370000000000000000e+02
1.370000000000000000e+02
1.370000000000000000e+02
1.370000000000000000e+02
1.370000000000000000e+02
1.370000000000000000e+02
1.370000000000000000e+02
1.370000000000000000e+02
1.370000000000000000e+02
1.370000000000000000e+02
1.370000000000000000e+02
1.370000000000000000e+02
1.370000000000000000e+02
1.370000000000000000e+02
1.370000000000000000e+02
1.370000000000000000e+02
1.370000000000000000e+02
1.370000000000000000e+02
1.370000000000000000e+02
1.370000000000000000e+02
1.370000000000000000e+02
1.370000000000000000e+02
1.370000000000000000e+02
1.370000000000000000e+02
1.370000000000000000e+02
1.370000000000000000e+02
1.370000000000000000e+02
1.370000000000000000e+02
1.370000000000000000e+02
1.370000000000000000e+02
1.370000000000000000e+02
1.370000000000000000e+02
1.370000000000000000e+02
1.370000000000000000e+02
1.370000000000000000e+02
1.370000000000000000e+02
1.370000000000000000e+02
1.370000000000000000e+02
1.370000000000000000e+02
1.350000000000000000e+02
1.310000000000000000e+02
1.300000000000000000e+02
1.270000000000000000e+02
1.250000000000000000e+02
1.240000000000000000e+02
1.220000000000000000e+02
1.180000000000000000e+02
1.160000000000000000e+02
1.130000000000000000e+02
1.110000000000000000e+02
1.100000000000000000e+02
1.070000000000000000e+02
1.060000000000000000e+02
1.040000000000000000e+02
9.900000000000000000e+01
9.100000000000000000e+01
8.700000000000000000e+01
8.400000000000000000e+01
