9.200000000000000000e+01
9.800000000000000000e+01
1.040000000000000000e+02
1.100000000000000000e+02
1.100000000000000000e+02
1.140000000000000000e+02
1.200000000000000000e+02
1.260000000000000000e+02
1.270000000000000000e+02
1.270000000000000000e+02
1.270000000000000000e+02
1.270000000000000000e+02
1.270000000000000000e+02
1.270000000000000000e+02
1.270000000000000000e+02
1.270000000000000000e+02
1.270000000000000000e+02
1.270000000000000000e+02
1.270000000000000000e+02
1.270000000000000000e+02
1.270000000000000000e+02
1.270000000000000000e+02
1.270000000000000000e+02
1.270000000000000000e+02
1.270000000000000000e+02
1.270000000000000000e+02
1.270000000000000000e+02
1.270000000000000000e+02
1.270000000000000000e+02
1.270000000000000000e+02
1.270000000000000000e+02
1.270000000000000000e+02
1.270000000000000000e+02
1.270000000000000000e+02
1.270000000000000000e+02
1.270000000000000000e+02
1.270000000000000000e+02
1.270000000000000000e+02
1.270000000000000000e+02
1.270000000000000000e+02
1.270000000000000000e+02
1.270000000000000000e+02
1.270000000000000000e+02
1.270000000000000000e+02
1.270000000000000000e+02
1.270000000000000000e+02
1.270000000000000000e+02
1.270000000000000000e+02
1.270000000000000000e+02
1.270000000000000000e+02
1.270000000000000000e+02
1.270000000000000000e+02
1.270000000000000000e+02
1.270000000000000000e+02
1.270000000000000000e+02
1.270000000000000000e+02
1.270000000000000000e+02
1.350000000000000000e+02
1.440000000000000000e+02
1.440000000000000000e+02
1.480000000000000000e+02
1.580000000000000000e+02
1.650000000000000000e+02
1.650000000000000000e+02
1.650000000000000000e+02
1.600000000000000000e+02
1.520000000000000000e+02
1.480000000000000000e+02
1.440000000000000000e+02
1.410000000000000000e+02
1.330000000000000000e+02
1.290000000000000000e+02
1.190000000000000000e+02
1.070000000000000000e+02
1.050000000000000000e+02
1.020000000000000000e+02
9.800000000000000000e+01
9.700000000000000000e+01
9.100000000000000000e+01
8.600000000000000000e+01
8.400000000000000000e+01
8.200000000000000000e+01
7.400000000000000000e+01
7.100000000000000000e+01
6.800000000000000000e+01
6.500000000000000000e+01
6.100000000000000000e+01
5.600000000000000000e+01
5.000000000000000000e+01
4.500000000000000000e+01
4.300000000000000000e+01
4.300000000000000000e+01
4.300000000000000000e+01
4.300000000000000000e+01
4.300000000000000000e+01
4.300000000000000000e+01
4.300000000000000000e+01
4.300000000000000000e+01
4.300000000000000000e+01
4.300000000000000000e+01
4.300000000000000000e+01
4.300000000000000000e+01
4.300000000000000000e+01
4.300000000000000000e+01
4.300000000000000000e+01
4.300000000000000000e+01
4.300000000000000000e+01
4.300000000000000000e+01
4.300000000000000000e+01
4.300000000000000000e+01
4.300000000000000000e+01
4.300000000000000000e+01
4.300000000000000000e+01
4.300000000000000000e+01
4.300000000000000000e+01
4.300000000000000000e+01
4.300000000000000000e+01
4.300000000000000000e+01
4.300000000000000000e+01
4.300000000000000000e+01
4.300000000000000000e+01
4.300000000000000000e+01
4.300000000000000000e+01
4.200000000000000000e+01
4.200000000000000000e+01
4.200000000000000000e+01
4.200000000000000000e+01
4.100000000000000000e+01
