0.000000000000000000e+00
0.000000000000000000e+00
0.000000000000000000e+00
0.000000000000000000e+00
0.000000000000000000e+00
0.000000000000000000e+00
0.000000000000000000e+00
0.000000000000000000e+00
0.000000000000000000e+00
0.000000000000000000e+00
0.000000000000000000e+00
0.000000000000000000e+00
0.000000000000000000e+00
0.000000000000000000e+00
0.000000000000000000e+00
0.000000000000000000e+00
0.000000000000000000e+00
0.000000000000000000e+00
0.000000000000000000e+00
0.000000000000000000e+00
0.000000000000000000e+00
0.000000000000000000e+00
0.000000000000000000e+00
0.000000000000000000e+00
0.000000000000000000e+00
0.000000000000000000e+00
0.000000000000000000e+00
0.000000000000000000e+00
0.000000000000000000e+00
0.000000000000000000e+00
0.000000000000000000e+00
0.000000000000000000e+00
0.000000000000000000e+00
0.000000000000000000e+00
0.000000000000000000e+00
0.000000000000000000e+00
0.000000000000000000e+00
3.000000000000000000e+00
8.000000000000000000e+00
1.300000000000000000e+01
2.400000000000000000e+01
2.400000000000000000e+01
2.800000000000000000e+01
3.500000000000000000e+01
4.400000000000000000e+01
4.400000000000000000e+01
5.100000000000000000e+01
5.900000000000000000e+01
6.800000000000000000e+01
7.900000000000000000e+01
7.900000000000000000e+01
8.700000000000000000e+01
9.400000000000000000e+01
1.050000000000000000e+02
1.050000000000000000e+02
1.110000000000000000e+02
1.170000000000000000e+02
1.270000000000000000e+02
1.330000000000000000e+02
1.330000000000000000e+02
1.410000000000000000e+02
1.470000000000000000e+02
1.550000000000000000e+02
1.550000000000000000e+02
1.650000000000000000e+02
1.650000000000000000e+02
1.650000000000000000e+02
1.650000000000000000e+02
1.650000000000000000e+02
1.650000000000000000e+02
1.650000000000000000e+02
1.650000000000000000e+02
1.650000000000000000e+02
1.650000000000000000e+02
1.650000000000000000e+02
1.650000000000000000e+02
1.650000000000000000e+02
1.650000000000000000e+02
1.650000000000000000e+02
1.650000000000000000e+02
1.650000000000000000e+02
1.650000000000000000e+02
1.650000000000000000e+02
1.650000000000000000e+02
1.650000000000000000e+02
1.650000000000000000e+02
1.650000000000000000e+02
1.650000000000000000e+02
1.650000000000000000e+02
1.650000000000000000e+02
1.650000000000000000e+02
1.650000000000000000e+02
1.650000000000000000e+02
1.650000000000000000e+02
1.650000000000000000e+02
1.650000000000000000e+02
1.650000000000000000e+02
1.650000000000000000e+02
1.650000000000000000e+02
1.650000000000000000e+02
1.650000000000000000e+02
1.650000000000000000e+02
1.650000000000000000e+02
1.650000000000000000e+02
1.620000000000000000e+02
1.600000000000000000e+02
1.570000000000000000e+02
1.570000000000000000e+02
1.560000000000000000e+02
1.560000000000000000e+02
1.540000000000000000e+02
1.490000000000000000e+02
1.480000000000000000e+02
1.460000000000000000e+02
1.410000000000000000e+02
1.370000000000000000e+02
1.330000000000000000e+02
1.300000000000000000e+02
1.250000000000000000e+02
1.240000000000000000e+02
1.220000000000000000e+02
1.190000000000000000e+02
1.140000000000000000e+02
1.070000000000000000e+02
1.030000000000000000e+02
9.700000000000000000e+01
8.700000000000000000e+01
8.500000000000000000e+01
