0.000000000000000000e+00
0.000000000000000000e+00
0.000000000000000000e+00
0.000000000000000000e+00
0.000000000000000000e+00
0.000000000000000000e+00
0.000000000000000000e+00
0.000000000000000000e+00
0.000000000000000000e+00
0.000000000000000000e+00
0.000000000000000000e+00
0.000000000000000000e+00
0.000000000000000000e+00
0.000000000000000000e+00
0.000000000000000000e+00
0.000000000000000000e+00
0.000000000000000000e+00
0.000000000000000000e+00
0.000000000000000000e+00
0.000000000000000000e+00
0.000000000000000000e+00
0.000000000000000000e+00
0.000000000000000000e+00
0.000000000000000000e+00
0.000000000000000000e+00
0.000000000000000000e+00
0.000000000000000000e+00
0.000000000000000000e+00
0.000000000000000000e+00
0.000000000000000000e+00
0.000000000000000000e+00
0.000000000000000000e+00
1.000000000000000000e+00
4.000000000000000000e+00
1.700000000000000000e+01
2.300000000000000000e+01
2.300000000000000000e+01
2.900000000000000000e+01
4.000000000000000000e+01
4.400000000000000000e+01
5.200000000000000000e+01
5.200000000000000000e+01
5.800000000000000000e+01
6.500000000000000000e+01
6.600000000000000000e+01
6.600000000000000000e+01
7.400000000000000000e+01
8.600000000000000000e+01
9.500000000000000000e+01
1.010000000000000000e+02
1.010000000000000000e+02
1.110000000000000000e+02
1.140000000000000000e+02
1.180000000000000000e+02
1.180000000000000000e+02
1.280000000000000000e+02
1.340000000000000000e+02
1.410000000000000000e+02
1.450000000000000000e+02
1.450000000000000000e+02
1.530000000000000000e+02
1.620000000000000000e+02
1.800000000000000000e+02
1.800000000000000000e+02
1.880000000000000000e+02
1.880000000000000000e+02
1.880000000000000000e+02
1.880000000000000000e+02
1.880000000000000000e+02
1.880000000000000000e+02
1.880000000000000000e+02
1.880000000000000000e+02
1.880000000000000000e+02
1.880000000000000000e+02
1.880000000000000000e+02
1.880000000000000000e+02
1.880000000000000000e+02
1.880000000000000000e+02
1.880000000000000000e+02
1.880000000000000000e+02
1.880000000000000000e+02
1.880000000000000000e+02
1.880000000000000000e+02
1.880000000000000000e+02
1.880000000000000000e+02
1.880000000000000000e+02
1.880000000000000000e+02
1.880000000000000000e+02
1.880000000000000000e+02
1.880000000000000000e+02
1.880000000000000000e+02
1.880000000000000000e+02
1.880000000000000000e+02
1.880000000000000000e+02
1.880000000000000000e+02
1.880000000000000000e+02
1.880000000000000000e+02
1.880000000000000000e+02
1.860000000000000000e+02
1.850000000000000000e+02
1.830000000000000000e+02
1.820000000000000000e+02
1.790000000000000000e+02
1.780000000000000000e+02
1.770000000000000000e+02
1.750000000000000000e+02
1.740000000000000000e+02
1.710000000000000000e+02
1.670000000000000000e+02
1.650000000000000000e+02
1.620000000000000000e+02
1.570000000000000000e+02
1.520000000000000000e+02
1.470000000000000000e+02
1.430000000000000000e+02
1.420000000000000000e+02
1.380000000000000000e+02
1.330000000000000000e+02
1.290000000000000000e+02
1.250000000000000000e+02
1.180000000000000000e+02
1.100000000000000000e+02
1.080000000000000000e+02
1.060000000000000000e+02
1.060000000000000000e+02
1.010000000000000000e+02
9.900000000000000000e+01
9.700000000000000000e+01
