1.000000000000000000e+02
1.030000000000000000e+02
1.060000000000000000e+02
1.090000000000000000e+02
1.090000000000000000e+02
1.160000000000000000e+02
1.220000000000000000e+02
1.260000000000000000e+02
1.290000000000000000e+02
1.290000000000000000e+02
1.330000000000000000e+02
1.360000000000000000e+02
1.380000000000000000e+02
1.380000000000000000e+02
1.410000000000000000e+02
1.410000000000000000e+02
1.430000000000000000e+02
1.460000000000000000e+02
1.460000000000000000e+02
1.460000000000000000e+02
1.460000000000000000e+02
1.460000000000000000e+02
1.460000000000000000e+02
1.460000000000000000e+02
1.460000000000000000e+02
1.460000000000000000e+02
1.460000000000000000e+02
1.460000000000000000e+02
1.460000000000000000e+02
1.460000000000000000e+02
1.460000000000000000e+02
1.460000000000000000e+02
1.460000000000000000e+02
1.460000000000000000e+02
1.460000000000000000e+02
1.460000000000000000e+02
1.460000000000000000e+02
1.460000000000000000e+02
1.460000000000000000e+02
1.460000000000000000e+02
1.460000000000000000e+02
1.460000000000000000e+02
1.460000000000000000e+02
1.460000000000000000e+02
1.460000000000000000e+02
1.460000000000000000e+02
1.460000000000000000e+02
1.460000000000000000e+02
1.460000000000000000e+02
1.460000000000000000e+02
1.460000000000000000e+02
1.460000000000000000e+02
1.460000000000000000e+02
1.460000000000000000e+02
1.460000000000000000e+02
1.460000000000000000e+02
1.460000000000000000e+02
1.460000000000000000e+02
1.460000000000000000e+02
1.460000000000000000e+02
1.560000000000000000e+02
1.670000000000000000e+02
1.750000000000000000e+02
1.750000000000000000e+02
1.780000000000000000e+02
1.710000000000000000e+02
1.650000000000000000e+02
1.600000000000000000e+02
1.500000000000000000e+02
1.430000000000000000e+02
1.370000000000000000e+02
1.240000000000000000e+02
1.180000000000000000e+02
1.130000000000000000e+02
1.020000000000000000e+02
9.300000000000000000e+01
8.800000000000000000e+01
8.500000000000000000e+01
8.200000000000000000e+01
7.600000000000000000e+01
7.300000000000000000e+01
6.500000000000000000e+01
6.000000000000000000e+01
5.300000000000000000e+01
4.700000000000000000e+01
4.400000000000000000e+01
4.300000000000000000e+01
4.200000000000000000e+01
3.800000000000000000e+01
3.700000000000000000e+01
3.700000000000000000e+01
3.700000000000000000e+01
3.700000000000000000e+01
3.700000000000000000e+01
3.700000000000000000e+01
3.700000000000000000e+01
3.700000000000000000e+01
3.700000000000000000e+01
3.700000000000000000e+01
3.700000000000000000e+01
3.700000000000000000e+01
3.700000000000000000e+01
3.700000000000000000e+01
3.700000000000000000e+01
3.700000000000000000e+01
3.700000000000000000e+01
3.700000000000000000e+01
3.700000000000000000e+01
3.700000000000000000e+01
3.700000000000000000e+01
3.700000000000000000e+01
3.700000000000000000e+01
3.700000000000000000e+01
3.700000000000000000e+01
3.700000000000000000e+01
3.700000000000000000e+01
3.700000000000000000e+01
3.700000000000000000e+01
3.700000000000000000e+01
3.700000000000000000e+01
3.700000000000000000e+01
3.700000000000000000e+01
3.700000000000000000e+01
3.700000000000000000e+01
3.700000000000000000e+01
3.500000000000000000e+01
3.400000000000000000e+01
3.300000000000000000e+01
