7.800000000000000000e+01
8.300000000000000000e+01
8.600000000000000000e+01
8.700000000000000000e+01
8.700000000000000000e+01
8.900000000000000000e+01
9.000000000000000000e+01
9.200000000000000000e+01
9.700000000000000000e+01
9.700000000000000000e+01
9.900000000000000000e+01
1.000000000000000000e+02
1.010000000000000000e+02
1.010000000000000000e+02
1.020000000000000000e+02
1.020000000000000000e+02
1.020000000000000000e+02
1.020000000000000000e+02
1.020000000000000000e+02
1.020000000000000000e+02
1.020000000000000000e+02
1.020000000000000000e+02
1.020000000000000000e+02
1.020000000000000000e+02
1.020000000000000000e+02
1.020000000000000000e+02
1.020000000000000000e+02
1.020000000000000000e+02
1.020000000000000000e+02
1.020000000000000000e+02
1.020000000000000000e+02
1.020000000000000000e+02
1.020000000000000000e+02
1.020000000000000000e+02
1.020000000000000000e+02
1.020000000000000000e+02
1.020000000000000000e+02
1.020000000000000000e+02
1.020000000000000000e+02
1.020000000000000000e+02
1.020000000000000000e+02
1.020000000000000000e+02
1.020000000000000000e+02
1.020000000000000000e+02
1.020000000000000000e+02
1.020000000000000000e+02
1.020000000000000000e+02
1.120000000000000000e+02
1.230000000000000000e+02
1.320000000000000000e+02
1.320000000000000000e+02
1.420000000000000000e+02
1.520000000000000000e+02
1.570000000000000000e+02
1.570000000000000000e+02
1.610000000000000000e+02
1.690000000000000000e+02
1.810000000000000000e+02
1.850000000000000000e+02
1.850000000000000000e+02
1.950000000000000000e+02
2.030000000000000000e+02
2.090000000000000000e+02
2.090000000000000000e+02
2.080000000000000000e+02
2.040000000000000000e+02
1.990000000000000000e+02
1.950000000000000000e+02
1.880000000000000000e+02
1.840000000000000000e+02
1.780000000000000000e+02
1.740000000000000000e+02
1.660000000000000000e+02
1.570000000000000000e+02
1.530000000000000000e+02
1.480000000000000000e+02
1.400000000000000000e+02
1.360000000000000000e+02
1.310000000000000000e+02
1.220000000000000000e+02
1.170000000000000000e+02
1.170000000000000000e+02
1.130000000000000000e+02
1.130000000000000000e+02
1.130000000000000000e+02
1.130000000000000000e+02
1.130000000000000000e+02
1.130000000000000000e+02
1.130000000000000000e+02
1.130000000000000000e+02
1.130000000000000000e+02
1.130000000000000000e+02
1.130000000000000000e+02
1.130000000000000000e+02
1.130000000000000000e+02
1.130000000000000000e+02
1.130000000000000000e+02
1.130000000000000000e+02
1.130000000000000000e+02
1.130000000000000000e+02
1.130000000000000000e+02
1.130000000000000000e+02
1.130000000000000000e+02
1.130000000000000000e+02
1.130000000000000000e+02
1.130000000000000000e+02
1.130000000000000000e+02
1.130000000000000000e+02
1.130000000000000000e+02
1.130000000000000000e+02
1.130000000000000000e+02
1.120000000000000000e+02
1.110000000000000000e+02
1.060000000000000000e+02
1.030000000000000000e+02
1.020000000000000000e+02
9.900000000000000000e+01
9.900000000000000000e+01
9.700000000000000000e+01
9.400000000000000000e+01
9.200000000000000000e+01
9.100000000000000000e+01
8.900000000000000000e+01
8.200000000000000000e+01
8.000000000000000000e+01
7.900000000000000000e+01
7.400000000000000000e+01
6.900000000000000000e+01
