4.800000000000000000e+01
4.800000000000000000e+01
4.900000000000000000e+01
4.900000000000000000e+01
4.900000000000000000e+01
5.000000000000000000e+01
5.300000000000000000e+01
5.300000000000000000e+01
5.300000000000000000e+01
5.300000000000000000e+01
5.300000000000000000e+01
5.300000000000000000e+01
5.300000000000000000e+01
5.300000000000000000e+01
5.300000000000000000e+01
5.300000000000000000e+01
5.300000000000000000e+01
5.300000000000000000e+01
5.300000000000000000e+01
5.300000000000000000e+01
5.300000000000000000e+01
5.300000000000000000e+01
5.300000000000000000e+01
5.300000000000000000e+01
5.300000000000000000e+01
5.300000000000000000e+01
5.300000000000000000e+01
5.300000000000000000e+01
5.300000000000000000e+01
5.300000000000000000e+01
5.300000000000000000e+01
5.300000000000000000e+01
5.300000000000000000e+01
5.300000000000000000e+01
5.300000000000000000e+01
5.300000000000000000e+01
5.300000000000000000e+01
5.300000000000000000e+01
5.300000000000000000e+01
5.300000000000000000e+01
5.300000000000000000e+01
5.300000000000000000e+01
5.300000000000000000e+01
5.300000000000000000e+01
5.300000000000000000e+01
5.300000000000000000e+01
5.300000000000000000e+01
5.300000000000000000e+01
5.300000000000000000e+01
5.300000000000000000e+01
5.300000000000000000e+01
5.300000000000000000e+01
5.300000000000000000e+01
5.300000000000000000e+01
5.300000000000000000e+01
5.300000000000000000e+01
5.300000000000000000e+01
5.300000000000000000e+01
5.300000000000000000e+01
5.300000000000000000e+01
5.300000000000000000e+01
5.300000000000000000e+01
5.300000000000000000e+01
5.300000000000000000e+01
4.600000000000000000e+01
4.000000000000000000e+01
3.300000000000000000e+01
2.500000000000000000e+01
1.900000000000000000e+01
1.400000000000000000e+01
9.000000000000000000e+00
0.000000000000000000e+00
0.000000000000000000e+00
0.000000000000000000e+00
0.000000000000000000e+00
0.000000000000000000e+00
0.000000000000000000e+00
0.000000000000000000e+00
0.000000000000000000e+00
0.000000000000000000e+00
0.000000000000000000e+00
0.000000000000000000e+00
0.000000000000000000e+00
0.000000000000000000e+00
0.000000000000000000e+00
0.000000000000000000e+00
0.000000000000000000e+00
0.000000000000000000e+00
0.000000000000000000e+00
0.000000000000000000e+00
0.000000000000000000e+00
0.000000000000000000e+00
0.000000000000000000e+00
0.000000000000000000e+00
0.000000000000000000e+00
0.000000000000000000e+00
0.000000000000000000e+00
0.000000000000000000e+00
0.000000000000000000e+00
0.000000000000000000e+00
0.000000000000000000e+00
0.000000000000000000e+00
0.000000000000000000e+00
0.000000000000000000e+00
0.000000000000000000e+00
0.000000000000000000e+00
0.000000000000000000e+00
0.000000000000000000e+00
0.000000000000000000e+00
0.000000000000000000e+00
0.000000000000000000e+00
0.000000000000000000e+00
0.000000000000000000e+00
0.000000000000000000e+00
0.000000000000000000e+00
0.000000000000000000e+00
0.000000000000000000e+00
0.000000000000000000e+00
0.000000000000000000e+00
0.000000000000000000e+00
0.000000000000000000e+00
0.000000000000000000e+00
0.000000000000000000e+00
0.000000000000000000e+00
0.000000000000000000e+00
0.000000000000000000e+00
0.000000000000000000e+00
0.000000000000000000e+00
