0.000000000000000000e+00
0.000000000000000000e+00
0.000000000000000000e+00
0.000000000000000000e+00
0.000000000000000000e+00
0.000000000000000000e+00
0.000000000000000000e+00
0.000000000000000000e+00
0.000000000000000000e+00
0.000000000000000000e+00
0.000000000000000000e+00
0.000000000000000000e+00
0.000000000000000000e+00
0.000000000000000000e+00
0.000000000000000000e+00
0.000000000000000000e+00
0.000000000000000000e+00
0.000000000000000000e+00
0.000000000000000000e+00
0.000000000000000000e+00
0.000000000000000000e+00
0.000000000000000000e+00
0.000000000000000000e+00
0.000000000000000000e+00
0.000000000000000000e+00
0.000000000000000000e+00
0.000000000000000000e+00
0.000000000000000000e+00
0.000000000000000000e+00
0.000000000000000000e+00
0.000000000000000000e+00
0.000000000000000000e+00
0.000000000000000000e+00
0.000000000000000000e+00
0.000000000000000000e+00
0.000000000000000000e+00
0.000000000000000000e+00
8.000000000000000000e+00
1.300000000000000000e+01
2.200000000000000000e+01
2.700000000000000000e+01
2.700000000000000000e+01
3.200000000000000000e+01
3.900000000000000000e+01
4.600000000000000000e+01
4.600000000000000000e+01
5.300000000000000000e+01
6.200000000000000000e+01
6.700000000000000000e+01
8.100000000000000000e+01
8.100000000000000000e+01
8.800000000000000000e+01
9.400000000000000000e+01
9.900000000000000000e+01
9.900000000000000000e+01
1.080000000000000000e+02
1.190000000000000000e+02
1.250000000000000000e+02
1.330000000000000000e+02
1.330000000000000000e+02
1.430000000000000000e+02
1.520000000000000000e+02
1.600000000000000000e+02
1.600000000000000000e+02
1.730000000000000000e+02
1.730000000000000000e+02
1.730000000000000000e+02
1.730000000000000000e+02
1.730000000000000000e+02
1.730000000000000000e+02
1.730000000000000000e+02
1.730000000000000000e+02
1.730000000000000000e+02
1.730000000000000000e+02
1.730000000000000000e+02
1.730000000000000000e+02
1.730000000000000000e+02
1.730000000000000000e+02
1.730000000000000000e+02
1.730000000000000000e+02
1.730000000000000000e+02
1.730000000000000000e+02
1.730000000000000000e+02
1.730000000000000000e+02
1.730000000000000000e+02
1.730000000000000000e+02
1.730000000000000000e+02
1.730000000000000000e+02
1.730000000000000000e+02
1.730000000000000000e+02
1.730000000000000000e+02
1.730000000000000000e+02
1.730000000000000000e+02
1.730000000000000000e+02
1.730000000000000000e+02
1.730000000000000000e+02
1.730000000000000000e+02
1.730000000000000000e+02
1.730000000000000000e+02
1.730000000000000000e+02
1.730000000000000000e+02
1.730000000000000000e+02
1.720000000000000000e+02
1.700000000000000000e+02
1.700000000000000000e+02
1.680000000000000000e+02
1.650000000000000000e+02
1.640000000000000000e+02
1.630000000000000000e+02
1.620000000000000000e+02
1.600000000000000000e+02
1.560000000000000000e+02
1.540000000000000000e+02
1.490000000000000000e+02
1.470000000000000000e+02
1.440000000000000000e+02
1.420000000000000000e+02
1.400000000000000000e+02
1.380000000000000000e+02
1.310000000000000000e+02
1.280000000000000000e+02
1.240000000000000000e+02
1.200000000000000000e+02
1.170000000000000000e+02
1.160000000000000000e+02
1.070000000000000000e+02
1.040000000000000000e+02
1.010000000000000000e+02
