0.000000000000000000e+00
0.000000000000000000e+00
0.000000000000000000e+00
0.000000000000000000e+00
0.000000000000000000e+00
0.000000000000000000e+00
0.000000000000000000e+00
0.000000000000000000e+00
0.000000000000000000e+00
0.000000000000000000e+00
0.000000000000000000e+00
0.000000000000000000e+00
0.000000000000000000e+00
0.000000000000000000e+00
0.000000000000000000e+00
0.000000000000000000e+00
0.000000000000000000e+00
0.000000000000000000e+00
0.000000000000000000e+00
0.000000000000000000e+00
0.000000000000000000e+00
0.000000000000000000e+00
0.000000000000000000e+00
0.000000000000000000e+00
0.000000000000000000e+00
0.000000000000000000e+00
0.000000000000000000e+00
0.000000000000000000e+00
0.000000000000000000e+00
0.000000000000000000e+00
0.000000000000000000e+00
0.000000000000000000e+00
0.000000000000000000e+00
0.000000000000000000e+00
0.000000000000000000e+00
0.000000000000000000e+00
0.000000000000000000e+00
0.000000000000000000e+00
0.000000000000000000e+00
0.000000000000000000e+00
0.000000000000000000e+00
0.000000000000000000e+00
0.000000000000000000e+00
0.000000000000000000e+00
0.000000000000000000e+00
0.000000000000000000e+00
5.000000000000000000e+00
7.000000000000000000e+00
1.600000000000000000e+01
2.200000000000000000e+01
2.200000000000000000e+01
3.000000000000000000e+01
3.700000000000000000e+01
4.800000000000000000e+01
4.800000000000000000e+01
5.200000000000000000e+01
6.100000000000000000e+01
7.000000000000000000e+01
8.100000000000000000e+01
8.100000000000000000e+01
9.000000000000000000e+01
9.400000000000000000e+01
1.020000000000000000e+02
1.020000000000000000e+02
1.080000000000000000e+02
1.080000000000000000e+02
1.080000000000000000e+02
1.080000000000000000e+02
1.080000000000000000e+02
1.080000000000000000e+02
1.080000000000000000e+02
1.080000000000000000e+02
1.080000000000000000e+02
1.080000000000000000e+02
1.080000000000000000e+02
1.080000000000000000e+02
1.080000000000000000e+02
1.080000000000000000e+02
1.080000000000000000e+02
1.080000000000000000e+02
1.080000000000000000e+02
1.080000000000000000e+02
1.080000000000000000e+02
1.080000000000000000e+02
1.080000000000000000e+02
1.080000000000000000e+02
1.080000000000000000e+02
1.080000000000000000e+02
1.080000000000000000e+02
1.080000000000000000e+02
1.080000000000000000e+02
1.080000000000000000e+02
1.080000000000000000e+02
1.080000000000000000e+02
1.080000000000000000e+02
1.080000000000000000e+02
1.080000000000000000e+02
1.080000000000000000e+02
1.080000000000000000e+02
1.080000000000000000e+02
1.080000000000000000e+02
1.080000000000000000e+02
1.080000000000000000e+02
1.080000000000000000e+02
1.080000000000000000e+02
1.080000000000000000e+02
1.080000000000000000e+02
1.080000000000000000e+02
1.080000000000000000e+02
1.080000000000000000e+02
1.080000000000000000e+02
1.060000000000000000e+02
1.050000000000000000e+02
1.050000000000000000e+02
1.010000000000000000e+02
1.000000000000000000e+02
9.700000000000000000e+01
9.500000000000000000e+01
9.200000000000000000e+01
9.000000000000000000e+01
8.800000000000000000e+01
8.600000000000000000e+01
8.600000000000000000e+01
8.400000000000000000e+01
8.300000000000000000e+01
7.800000000000000000e+01
7.500000000000000000e+01
6.800000000000000000e+01
