7.300000000000000000e+01
7.600000000000000000e+01
8.100000000000000000e+01
8.400000000000000000e+01
8.400000000000000000e+01
9.000000000000000000e+01
9.600000000000000000e+01
9.700000000000000000e+01
1.000000000000000000e+02
1.000000000000000000e+02
1.030000000000000000e+02
1.050000000000000000e+02
1.070000000000000000e+02
1.070000000000000000e+02
1.100000000000000000e+02
1.140000000000000000e+02
1.160000000000000000e+02
1.160000000000000000e+02
1.160000000000000000e+02
1.160000000000000000e+02
1.160000000000000000e+02
1.160000000000000000e+02
1.160000000000000000e+02
1.160000000000000000e+02
1.160000000000000000e+02
1.160000000000000000e+02
1.160000000000000000e+02
1.160000000000000000e+02
1.160000000000000000e+02
1.160000000000000000e+02
1.160000000000000000e+02
1.160000000000000000e+02
1.160000000000000000e+02
1.160000000000000000e+02
1.160000000000000000e+02
1.160000000000000000e+02
1.160000000000000000e+02
1.160000000000000000e+02
1.160000000000000000e+02
1.160000000000000000e+02
1.160000000000000000e+02
1.160000000000000000e+02
1.160000000000000000e+02
1.160000000000000000e+02
1.160000000000000000e+02
1.160000000000000000e+02
1.260000000000000000e+02
1.320000000000000000e+02
1.370000000000000000e+02
1.420000000000000000e+02
1.420000000000000000e+02
1.550000000000000000e+02
1.630000000000000000e+02
1.720000000000000000e+02
1.720000000000000000e+02
1.800000000000000000e+02
1.830000000000000000e+02
1.910000000000000000e+02
1.990000000000000000e+02
1.990000000000000000e+02
2.080000000000000000e+02
2.160000000000000000e+02
2.250000000000000000e+02
2.250000000000000000e+02
2.260000000000000000e+02
2.210000000000000000e+02
2.180000000000000000e+02
2.140000000000000000e+02
2.090000000000000000e+02
1.960000000000000000e+02
1.900000000000000000e+02
1.830000000000000000e+02
1.800000000000000000e+02
1.740000000000000000e+02
1.710000000000000000e+02
1.670000000000000000e+02
1.590000000000000000e+02
1.540000000000000000e+02
1.420000000000000000e+02
1.400000000000000000e+02
1.300000000000000000e+02
1.260000000000000000e+02
1.220000000000000000e+02
1.200000000000000000e+02
1.170000000000000000e+02
1.160000000000000000e+02
1.150000000000000000e+02
1.150000000000000000e+02
1.150000000000000000e+02
1.150000000000000000e+02
1.150000000000000000e+02
1.150000000000000000e+02
1.150000000000000000e+02
1.150000000000000000e+02
1.150000000000000000e+02
1.150000000000000000e+02
1.150000000000000000e+02
1.150000000000000000e+02
1.150000000000000000e+02
1.150000000000000000e+02
1.150000000000000000e+02
1.150000000000000000e+02
1.150000000000000000e+02
1.150000000000000000e+02
1.150000000000000000e+02
1.150000000000000000e+02
1.150000000000000000e+02
1.150000000000000000e+02
1.150000000000000000e+02
1.150000000000000000e+02
1.150000000000000000e+02
1.150000000000000000e+02
1.140000000000000000e+02
1.140000000000000000e+02
1.140000000000000000e+02
1.100000000000000000e+02
1.100000000000000000e+02
1.090000000000000000e+02
1.090000000000000000e+02
1.050000000000000000e+02
1.050000000000000000e+02
1.020000000000000000e+02
9.800000000000000000e+01
9.700000000000000000e+01
9.500000000000000000e+01
9.200000000000000000e+01
8.700000000000000000e+01
8.100000000000000000e+01
