0.000000000000000000e+00
0.000000000000000000e+00
0.000000000000000000e+00
0.000000000000000000e+00
0.000000000000000000e+00
0.000000000000000000e+00
0.000000000000000000e+00
0.000000000000000000e+00
0.000000000000000000e+00
0.000000000000000000e+00
0.000000000000000000e+00
0.000000000000000000e+00
0.000000000000000000e+00
0.000000000000000000e+00
0.000000000000000000e+00
0.000000000000000000e+00
0.000000000000000000e+00
0.000000000000000000e+00
0.000000000000000000e+00
0.000000000000000000e+00
0.000000000000000000e+00
0.000000000000000000e+00
0.000000000000000000e+00
0.000000000000000000e+00
0.000000000000000000e+00
0.000000000000000000e+00
0.000000000000000000e+00
0.000000000000000000e+00
0.000000000000000000e+00
0.000000000000000000e+00
0.000000000000000000e+00
0.000000000000000000e+00
0.000000000000000000e+00
0.000000000000000000e+00
0.000000000000000000e+00
0.000000000000000000e+00
0.000000000000000000e+00
2.000000000000000000e+00
1.300000000000000000e+01
1.900000000000000000e+01
2.200000000000000000e+01
2.200000000000000000e+01
2.800000000000000000e+01
3.200000000000000000e+01
4.400000000000000000e+01
4.400000000000000000e+01
5.200000000000000000e+01
6.100000000000000000e+01
6.500000000000000000e+01
7.400000000000000000e+01
7.400000000000000000e+01
8.100000000000000000e+01
9.800000000000000000e+01
1.060000000000000000e+02
1.060000000000000000e+02
1.080000000000000000e+02
1.200000000000000000e+02
1.300000000000000000e+02
1.300000000000000000e+02
1.300000000000000000e+02
1.300000000000000000e+02
1.300000000000000000e+02
1.300000000000000000e+02
1.300000000000000000e+02
1.300000000000000000e+02
1.300000000000000000e+02
1.300000000000000000e+02
1.300000000000000000e+02
1.300000000000000000e+02
1.300000000000000000e+02
1.300000000000000000e+02
1.300000000000000000e+02
1.300000000000000000e+02
1.300000000000000000e+02
1.300000000000000000e+02
1.300000000000000000e+02
1.300000000000000000e+02
1.300000000000000000e+02
1.300000000000000000e+02
1.300000000000000000e+02
1.300000000000000000e+02
1.300000000000000000e+02
1.300000000000000000e+02
1.300000000000000000e+02
1.300000000000000000e+02
1.300000000000000000e+02
1.300000000000000000e+02
1.300000000000000000e+02
1.300000000000000000e+02
1.300000000000000000e+02
1.300000000000000000e+02
1.300000000000000000e+02
1.300000000000000000e+02
1.300000000000000000e+02
1.300000000000000000e+02
1.300000000000000000e+02
1.300000000000000000e+02
1.300000000000000000e+02
1.300000000000000000e+02
1.300000000000000000e+02
1.300000000000000000e+02
1.300000000000000000e+02
1.300000000000000000e+02
1.300000000000000000e+02
1.300000000000000000e+02
1.300000000000000000e+02
1.290000000000000000e+02
1.280000000000000000e+02
1.280000000000000000e+02
1.260000000000000000e+02
1.250000000000000000e+02
1.200000000000000000e+02
1.200000000000000000e+02
1.170000000000000000e+02
1.160000000000000000e+02
1.140000000000000000e+02
1.080000000000000000e+02
1.070000000000000000e+02
1.030000000000000000e+02
1.000000000000000000e+02
9.800000000000000000e+01
9.400000000000000000e+01
9.000000000000000000e+01
8.600000000000000000e+01
8.100000000000000000e+01
8.000000000000000000e+01
7.800000000000000000e+01
7.300000000000000000e+01
