0.000000000000000000e+00
0.000000000000000000e+00
0.000000000000000000e+00
0.000000000000000000e+00
0.000000000000000000e+00
0.000000000000000000e+00
0.000000000000000000e+00
0.000000000000000000e+00
0.000000000000000000e+00
0.000000000000000000e+00
0.000000000000000000e+00
0.000000000000000000e+00
0.000000000000000000e+00
0.000000000000000000e+00
0.000000000000000000e+00
0.000000000000000000e+00
0.000000000000000000e+00
0.000000000000000000e+00
0.000000000000000000e+00
0.000000000000000000e+00
0.000000000000000000e+00
0.000000000000000000e+00
0.000000000000000000e+00
0.000000000000000000e+00
0.000000000000000000e+00
0.000000000000000000e+00
0.000000000000000000e+00
0.000000000000000000e+00
0.000000000000000000e+00
0.000000000000000000e+00
0.000000000000000000e+00
0.000000000000000000e+00
0.000000000000000000e+00
0.000000000000000000e+00
0.000000000000000000e+00
0.000000000000000000e+00
0.000000000000000000e+00
0.000000000000000000e+00
0.000000000000000000e+00
0.000000000000000000e+00
0.000000000000000000e+00
0.000000000000000000e+00
8.000000000000000000e+00
1.500000000000000000e+01
3.100000000000000000e+01
3.100000000000000000e+01
3.800000000000000000e+01
4.700000000000000000e+01
5.600000000000000000e+01
6.400000000000000000e+01
6.400000000000000000e+01
6.900000000000000000e+01
7.600000000000000000e+01
8.100000000000000000e+01
8.100000000000000000e+01
8.500000000000000000e+01
9.300000000000000000e+01
9.800000000000000000e+01
1.120000000000000000e+02
1.120000000000000000e+02
1.160000000000000000e+02
1.230000000000000000e+02
1.300000000000000000e+02
1.300000000000000000e+02
1.370000000000000000e+02
1.370000000000000000e+02
1.370000000000000000e+02
1.370000000000000000e+02
1.370000000000000000e+02
1.370000000000000000e+02
1.370000000000000000e+02
1.370000000000000000e+02
1.370000000000000000e+02
1.370000000000000000e+02
1.370000000000000000e+02
1.370000000000000000e+02
1.370000000000000000e+02
1.370000000000000000e+02
1.370000000000000000e+02
1.370000000000000000e+02
1.370000000000000000e+02
1.370000000000000000e+02
1.370000000000000000e+02
1.370000000000000000e+02
1.370000000000000000e+02
1.370000000000000000e+02
1.370000000000000000e+02
1.370000000000000000e+02
1.370000000000000000e+02
1.370000000000000000e+02
1.370000000000000000e+02
1.370000000000000000e+02
1.370000000000000000e+02
1.370000000000000000e+02
1.370000000000000000e+02
1.370000000000000000e+02
1.370000000000000000e+02
1.370000000000000000e+02
1.370000000000000000e+02
1.370000000000000000e+02
1.370000000000000000e+02
1.370000000000000000e+02
1.370000000000000000e+02
1.370000000000000000e+02
1.370000000000000000e+02
1.370000000000000000e+02
1.350000000000000000e+02
1.350000000000000000e+02
1.340000000000000000e+02
1.330000000000000000e+02
1.330000000000000000e+02
1.300000000000000000e+02
1.300000000000000000e+02
1.280000000000000000e+02
1.220000000000000000e+02
1.200000000000000000e+02
1.180000000000000000e+02
1.180000000000000000e+02
1.130000000000000000e+02
1.080000000000000000e+02
1.040000000000000000e+02
1.020000000000000000e+02
1.020000000000000000e+02
9.900000000000000000e+01
9.600000000000000000e+01
9.200000000000000000e+01
8.900000000000000000e+01
8.700000000000000000e+01
