0.000000000000000000e+00
0.000000000000000000e+00
0.000000000000000000e+00
0.000000000000000000e+00
0.000000000000000000e+00
0.000000000000000000e+00
0.000000000000000000e+00
0.000000000000000000e+00
0.000000000000000000e+00
0.000000000000000000e+00
0.000000000000000000e+00
0.000000000000000000e+00
0.000000000000000000e+00
0.000000000000000000e+00
0.000000000000000000e+00
0.000000000000000000e+00
0.000000000000000000e+00
0.000000000000000000e+00
0.000000000000000000e+00
0.000000000000000000e+00
0.000000000000000000e+00
0.000000000000000000e+00
0.000000000000000000e+00
0.000000000000000000e+00
0.000000000000000000e+00
0.000000000000000000e+00
0.000000000000000000e+00
0.000000000000000000e+00
0.000000000000000000e+00
0.000000000000000000e+00
0.000000000000000000e+00
0.000000000000000000e+00
0.000000000000000000e+00
0.000000000000000000e+00
0.000000000000000000e+00
0.000000000000000000e+00
0.000000000000000000e+00
0.000000000000000000e+00
7.000000000000000000e+00
1.400000000000000000e+01
2.400000000000000000e+01
2.400000000000000000e+01
3.400000000000000000e+01
4.300000000000000000e+01
5.100000000000000000e+01
5.100000000000000000e+01
5.800000000000000000e+01
6.600000000000000000e+01
7.600000000000000000e+01
8.400000000000000000e+01
8.400000000000000000e+01
9.500000000000000000e+01
1.020000000000000000e+02
1.070000000000000000e+02
1.070000000000000000e+02
1.200000000000000000e+02
1.260000000000000000e+02
1.320000000000000000e+02
1.430000000000000000e+02
1.430000000000000000e+02
1.480000000000000000e+02
1.550000000000000000e+02
1.650000000000000000e+02
1.650000000000000000e+02
1.740000000000000000e+02
1.740000000000000000e+02
1.740000000000000000e+02
1.740000000000000000e+02
1.740000000000000000e+02
1.740000000000000000e+02
1.740000000000000000e+02
1.740000000000000000e+02
1.740000000000000000e+02
1.740000000000000000e+02
1.740000000000000000e+02
1.740000000000000000e+02
1.740000000000000000e+02
1.740000000000000000e+02
1.740000000000000000e+02
1.740000000000000000e+02
1.740000000000000000e+02
1.740000000000000000e+02
1.740000000000000000e+02
1.740000000000000000e+02
1.740000000000000000e+02
1.740000000000000000e+02
1.740000000000000000e+02
1.740000000000000000e+02
1.740000000000000000e+02
1.740000000000000000e+02
1.740000000000000000e+02
1.740000000000000000e+02
1.740000000000000000e+02
1.740000000000000000e+02
1.740000000000000000e+02
1.740000000000000000e+02
1.740000000000000000e+02
1.740000000000000000e+02
1.740000000000000000e+02
1.740000000000000000e+02
1.740000000000000000e+02
1.740000000000000000e+02
1.740000000000000000e+02
1.740000000000000000e+02
1.720000000000000000e+02
1.720000000000000000e+02
1.720000000000000000e+02
1.690000000000000000e+02
1.670000000000000000e+02
1.660000000000000000e+02
1.640000000000000000e+02
1.620000000000000000e+02
1.600000000000000000e+02
1.570000000000000000e+02
1.560000000000000000e+02
1.540000000000000000e+02
1.500000000000000000e+02
1.490000000000000000e+02
1.470000000000000000e+02
1.420000000000000000e+02
1.360000000000000000e+02
1.310000000000000000e+02
1.290000000000000000e+02
1.220000000000000000e+02
1.170000000000000000e+02
1.110000000000000000e+02
1.050000000000000000e+02
1.010000000000000000e+02
