0.000000000000000000e+00
0.000000000000000000e+00
0.000000000000000000e+00
0.000000000000000000e+00
0.000000000000000000e+00
0.000000000000000000e+00
0.000000000000000000e+00
0.000000000000000000e+00
0.000000000000000000e+00
0.000000000000000000e+00
0.000000000000000000e+00
0.000000000000000000e+00
0.000000000000000000e+00
0.000000000000000000e+00
0.000000000000000000e+00
0.000000000000000000e+00
0.000000000000000000e+00
0.000000000000000000e+00
0.000000000000000000e+00
0.000000000000000000e+00
0.000000000000000000e+00
0.000000000000000000e+00
0.000000000000000000e+00
0.000000000000000000e+00
0.000000000000000000e+00
0.000000000000000000e+00
0.000000000000000000e+00
0.000000000000000000e+00
0.000000000000000000e+00
0.000000000000000000e+00
0.000000000000000000e+00
0.000000000000000000e+00
0.000000000000000000e+00
0.000000000000000000e+00
0.000000000000000000e+00
0.000000000000000000e+00
0.000000000000000000e+00
0.000000000000000000e+00
0.000000000000000000e+00
0.000000000000000000e+00
1.000000000000000000e+00
1.000000000000000000e+00
4.000000000000000000e+00
1.400000000000000000e+01
2.700000000000000000e+01
2.700000000000000000e+01
3.600000000000000000e+01
3.900000000000000000e+01
4.300000000000000000e+01
5.200000000000000000e+01
5.200000000000000000e+01
5.900000000000000000e+01
6.700000000000000000e+01
7.600000000000000000e+01
7.600000000000000000e+01
8.200000000000000000e+01
9.600000000000000000e+01
1.020000000000000000e+02
1.120000000000000000e+02
1.120000000000000000e+02
1.160000000000000000e+02
1.210000000000000000e+02
1.310000000000000000e+02
1.310000000000000000e+02
1.360000000000000000e+02
1.360000000000000000e+02
1.360000000000000000e+02
1.360000000000000000e+02
1.360000000000000000e+02
1.360000000000000000e+02
1.360000000000000000e+02
1.360000000000000000e+02
1.360000000000000000e+02
1.360000000000000000e+02
1.360000000000000000e+02
1.360000000000000000e+02
1.360000000000000000e+02
1.360000000000000000e+02
1.360000000000000000e+02
1.360000000000000000e+02
1.360000000000000000e+02
1.360000000000000000e+02
1.360000000000000000e+02
1.360000000000000000e+02
1.360000000000000000e+02
1.360000000000000000e+02
1.360000000000000000e+02
1.360000000000000000e+02
1.360000000000000000e+02
1.360000000000000000e+02
1.360000000000000000e+02
1.360000000000000000e+02
1.360000000000000000e+02
1.360000000000000000e+02
1.360000000000000000e+02
1.360000000000000000e+02
1.360000000000000000e+02
1.360000000000000000e+02
1.360000000000000000e+02
1.360000000000000000e+02
1.360000000000000000e+02
1.360000000000000000e+02
1.360000000000000000e+02
1.360000000000000000e+02
1.350000000000000000e+02
1.350000000000000000e+02
1.350000000000000000e+02
1.340000000000000000e+02
1.320000000000000000e+02
1.300000000000000000e+02
1.290000000000000000e+02
1.270000000000000000e+02
1.260000000000000000e+02
1.240000000000000000e+02
1.220000000000000000e+02
1.210000000000000000e+02
1.200000000000000000e+02
1.190000000000000000e+02
1.160000000000000000e+02
1.150000000000000000e+02
1.070000000000000000e+02
1.030000000000000000e+02
9.900000000000000000e+01
9.800000000000000000e+01
9.600000000000000000e+01
9.500000000000000000e+01
9.000000000000000000e+01
8.900000000000000000e+01
