0.000000000000000000e+00
0.000000000000000000e+00
0.000000000000000000e+00
0.000000000000000000e+00
0.000000000000000000e+00
0.000000000000000000e+00
0.000000000000000000e+00
0.000000000000000000e+00
0.000000000000000000e+00
0.000000000000000000e+00
0.000000000000000000e+00
0.000000000000000000e+00
0.000000000000000000e+00
0.000000000000000000e+00
0.000000000000000000e+00
0.000000000000000000e+00
0.000000000000000000e+00
0.000000000000000000e+00
0.000000000000000000e+00
0.000000000000000000e+00
0.000000000000000000e+00
0.000000000000000000e+00
0.000000000000000000e+00
0.000000000000000000e+00
0.000000000000000000e+00
0.000000000000000000e+00
0.000000000000000000e+00
0.000000000000000000e+00
0.000000000000000000e+00
0.000000000000000000e+00
0.000000000000000000e+00
0.000000000000000000e+00
0.000000000000000000e+00
0.000000000000000000e+00
0.000000000000000000e+00
0.000000000000000000e+00
0.000000000000000000e+00
0.000000000000000000e+00
0.000000000000000000e+00
0.000000000000000000e+00
2.000000000000000000e+00
2.000000000000000000e+00
1.600000000000000000e+01
2.500000000000000000e+01
2.600000000000000000e+01
2.600000000000000000e+01
3.000000000000000000e+01
4.000000000000000000e+01
4.700000000000000000e+01
5.500000000000000000e+01
5.500000000000000000e+01
6.100000000000000000e+01
6.500000000000000000e+01
7.600000000000000000e+01
7.600000000000000000e+01
8.200000000000000000e+01
9.200000000000000000e+01
1.040000000000000000e+02
1.120000000000000000e+02
1.120000000000000000e+02
1.220000000000000000e+02
1.330000000000000000e+02
1.380000000000000000e+02
1.380000000000000000e+02
1.420000000000000000e+02
1.420000000000000000e+02
1.420000000000000000e+02
1.420000000000000000e+02
1.420000000000000000e+02
1.420000000000000000e+02
1.420000000000000000e+02
1.420000000000000000e+02
1.420000000000000000e+02
1.420000000000000000e+02
1.420000000000000000e+02
1.420000000000000000e+02
1.420000000000000000e+02
1.420000000000000000e+02
1.420000000000000000e+02
1.420000000000000000e+02
1.420000000000000000e+02
1.420000000000000000e+02
1.420000000000000000e+02
1.420000000000000000e+02
1.420000000000000000e+02
1.420000000000000000e+02
1.420000000000000000e+02
1.420000000000000000e+02
1.420000000000000000e+02
1.420000000000000000e+02
1.420000000000000000e+02
1.420000000000000000e+02
1.420000000000000000e+02
1.420000000000000000e+02
1.420000000000000000e+02
1.420000000000000000e+02
1.420000000000000000e+02
1.420000000000000000e+02
1.420000000000000000e+02
1.420000000000000000e+02
1.420000000000000000e+02
1.420000000000000000e+02
1.420000000000000000e+02
1.420000000000000000e+02
1.420000000000000000e+02
1.420000000000000000e+02
1.420000000000000000e+02
1.420000000000000000e+02
1.420000000000000000e+02
1.390000000000000000e+02
1.380000000000000000e+02
1.350000000000000000e+02
1.350000000000000000e+02
1.340000000000000000e+02
1.300000000000000000e+02
1.290000000000000000e+02
1.260000000000000000e+02
1.250000000000000000e+02
1.240000000000000000e+02
1.220000000000000000e+02
1.160000000000000000e+02
1.090000000000000000e+02
1.060000000000000000e+02
1.010000000000000000e+02
9.800000000000000000e+01
9.300000000000000000e+01
8.900000000000000000e+01
8.900000000000000000e+01
