0.000000000000000000e+00
0.000000000000000000e+00
0.000000000000000000e+00
0.000000000000000000e+00
0.000000000000000000e+00
0.000000000000000000e+00
0.000000000000000000e+00
0.000000000000000000e+00
0.000000000000000000e+00
0.000000000000000000e+00
0.000000000000000000e+00
0.000000000000000000e+00
0.000000000000000000e+00
0.000000000000000000e+00
0.000000000000000000e+00
0.000000000000000000e+00
0.000000000000000000e+00
0.000000000000000000e+00
0.000000000000000000e+00
0.000000000000000000e+00
0.000000000000000000e+00
0.000000000000000000e+00
0.000000000000000000e+00
0.000000000000000000e+00
0.000000000000000000e+00
0.000000000000000000e+00
0.000000000000000000e+00
0.000000000000000000e+00
0.000000000000000000e+00
0.000000000000000000e+00
0.000000000000000000e+00
0.000000000000000000e+00
0.000000000000000000e+00
0.000000000000000000e+00
0.000000000000000000e+00
1.000000000000000000e+00
1.000000000000000000e+00
2.000000000000000000e+00
6.000000000000000000e+00
1.700000000000000000e+01
2.300000000000000000e+01
2.300000000000000000e+01
3.100000000000000000e+01
3.900000000000000000e+01
4.400000000000000000e+01
4.400000000000000000e+01
4.900000000000000000e+01
5.500000000000000000e+01
5.900000000000000000e+01
6.700000000000000000e+01
6.700000000000000000e+01
7.100000000000000000e+01
7.800000000000000000e+01
8.600000000000000000e+01
8.600000000000000000e+01
9.100000000000000000e+01
9.400000000000000000e+01
1.010000000000000000e+02
1.130000000000000000e+02
1.130000000000000000e+02
1.250000000000000000e+02
1.310000000000000000e+02
1.370000000000000000e+02
1.370000000000000000e+02
1.410000000000000000e+02
1.410000000000000000e+02
1.410000000000000000e+02
1.410000000000000000e+02
1.410000000000000000e+02
1.410000000000000000e+02
1.410000000000000000e+02
1.410000000000000000e+02
1.410000000000000000e+02
1.410000000000000000e+02
1.410000000000000000e+02
1.410000000000000000e+02
1.410000000000000000e+02
1.410000000000000000e+02
1.410000000000000000e+02
1.410000000000000000e+02
1.410000000000000000e+02
1.410000000000000000e+02
1.410000000000000000e+02
1.410000000000000000e+02
1.410000000000000000e+02
1.410000000000000000e+02
1.410000000000000000e+02
1.410000000000000000e+02
1.410000000000000000e+02
1.410000000000000000e+02
1.410000000000000000e+02
1.410000000000000000e+02
1.410000000000000000e+02
1.410000000000000000e+02
1.410000000000000000e+02
1.410000000000000000e+02
1.410000000000000000e+02
1.410000000000000000e+02
1.410000000000000000e+02
1.410000000000000000e+02
1.410000000000000000e+02
1.410000000000000000e+02
1.410000000000000000e+02
1.400000000000000000e+02
1.390000000000000000e+02
1.380000000000000000e+02
1.380000000000000000e+02
1.370000000000000000e+02
1.360000000000000000e+02
1.360000000000000000e+02
1.360000000000000000e+02
1.350000000000000000e+02
1.340000000000000000e+02
1.320000000000000000e+02
1.300000000000000000e+02
1.270000000000000000e+02
1.260000000000000000e+02
1.240000000000000000e+02
1.190000000000000000e+02
1.170000000000000000e+02
1.130000000000000000e+02
1.070000000000000000e+02
1.020000000000000000e+02
9.900000000000000000e+01
9.500000000000000000e+01
9.300000000000000000e+01
8.700000000000000000e+01
7.700000000000000000e+01
