6.800000000000000000e+01
7.200000000000000000e+01
7.600000000000000000e+01
8.000000000000000000e+01
8.000000000000000000e+01
8.200000000000000000e+01
8.400000000000000000e+01
8.500000000000000000e+01
8.600000000000000000e+01
8.600000000000000000e+01
8.700000000000000000e+01
8.800000000000000000e+01
8.800000000000000000e+01
8.800000000000000000e+01
8.800000000000000000e+01
8.800000000000000000e+01
8.800000000000000000e+01
8.800000000000000000e+01
8.800000000000000000e+01
8.800000000000000000e+01
8.800000000000000000e+01
8.800000000000000000e+01
8.800000000000000000e+01
8.800000000000000000e+01
8.800000000000000000e+01
8.800000000000000000e+01
8.800000000000000000e+01
8.800000000000000000e+01
8.800000000000000000e+01
8.800000000000000000e+01
8.800000000000000000e+01
8.800000000000000000e+01
8.800000000000000000e+01
8.800000000000000000e+01
8.800000000000000000e+01
8.800000000000000000e+01
8.800000000000000000e+01
8.800000000000000000e+01
8.800000000000000000e+01
8.800000000000000000e+01
8.800000000000000000e+01
8.800000000000000000e+01
8.800000000000000000e+01
8.800000000000000000e+01
8.800000000000000000e+01
8.800000000000000000e+01
8.800000000000000000e+01
8.800000000000000000e+01
9.800000000000000000e+01
1.030000000000000000e+02
1.030000000000000000e+02
1.100000000000000000e+02
1.220000000000000000e+02
1.310000000000000000e+02
1.310000000000000000e+02
1.400000000000000000e+02
1.460000000000000000e+02
1.550000000000000000e+02
1.660000000000000000e+02
1.660000000000000000e+02
1.720000000000000000e+02
1.800000000000000000e+02
1.880000000000000000e+02
1.880000000000000000e+02
1.920000000000000000e+02
1.850000000000000000e+02
1.740000000000000000e+02
1.690000000000000000e+02
1.570000000000000000e+02
1.520000000000000000e+02
1.490000000000000000e+02
1.410000000000000000e+02
1.360000000000000000e+02
1.260000000000000000e+02
1.220000000000000000e+02
1.190000000000000000e+02
1.100000000000000000e+02
1.100000000000000000e+02
1.100000000000000000e+02
1.100000000000000000e+02
1.100000000000000000e+02
1.100000000000000000e+02
1.100000000000000000e+02
1.100000000000000000e+02
1.100000000000000000e+02
1.100000000000000000e+02
1.100000000000000000e+02
1.100000000000000000e+02
1.100000000000000000e+02
1.100000000000000000e+02
1.100000000000000000e+02
1.100000000000000000e+02
1.100000000000000000e+02
1.100000000000000000e+02
1.100000000000000000e+02
1.100000000000000000e+02
1.100000000000000000e+02
1.100000000000000000e+02
1.100000000000000000e+02
1.100000000000000000e+02
1.100000000000000000e+02
1.100000000000000000e+02
1.100000000000000000e+02
1.100000000000000000e+02
1.100000000000000000e+02
1.100000000000000000e+02
1.100000000000000000e+02
1.100000000000000000e+02
1.100000000000000000e+02
1.100000000000000000e+02
1.100000000000000000e+02
1.100000000000000000e+02
1.100000000000000000e+02
1.100000000000000000e+02
1.090000000000000000e+02
1.090000000000000000e+02
1.050000000000000000e+02
1.040000000000000000e+02
1.010000000000000000e+02
1.000000000000000000e+02
9.400000000000000000e+01
9.000000000000000000e+01
9.000000000000000000e+01
8.900000000000000000e+01
8.400000000000000000e+01
8.000000000000000000e+01
7.700000000000000000e+01
7.300000000000000000e+01
