8.700000000000000000e+01
9.000000000000000000e+01
9.400000000000000000e+01
9.900000000000000000e+01
9.900000000000000000e+01
1.010000000000000000e+02
1.010000000000000000e+02
1.010000000000000000e+02
1.010000000000000000e+02
1.010000000000000000e+02
1.010000000000000000e+02
1.010000000000000000e+02
1.010000000000000000e+02
1.010000000000000000e+02
1.010000000000000000e+02
1.010000000000000000e+02
1.010000000000000000e+02
1.010000000000000000e+02
1.010000000000000000e+02
1.010000000000000000e+02
1.010000000000000000e+02
1.010000000000000000e+02
1.010000000000000000e+02
1.010000000000000000e+02
1.010000000000000000e+02
1.010000000000000000e+02
1.010000000000000000e+02
1.010000000000000000e+02
1.010000000000000000e+02
1.010000000000000000e+02
1.010000000000000000e+02
1.010000000000000000e+02
1.010000000000000000e+02
1.010000000000000000e+02
1.010000000000000000e+02
1.010000000000000000e+02
1.010000000000000000e+02
1.010000000000000000e+02
1.010000000000000000e+02
1.010000000000000000e+02
1.010000000000000000e+02
1.010000000000000000e+02
1.010000000000000000e+02
1.010000000000000000e+02
1.010000000000000000e+02
1.010000000000000000e+02
1.010000000000000000e+02
1.010000000000000000e+02
1.010000000000000000e+02
1.010000000000000000e+02
1.010000000000000000e+02
1.010000000000000000e+02
1.010000000000000000e+02
1.010000000000000000e+02
1.010000000000000000e+02
1.010000000000000000e+02
1.010000000000000000e+02
1.010000000000000000e+02
1.010000000000000000e+02
1.010000000000000000e+02
1.010000000000000000e+02
1.010000000000000000e+02
1.010000000000000000e+02
1.010000000000000000e+02
9.700000000000000000e+01
9.000000000000000000e+01
8.200000000000000000e+01
7.400000000000000000e+01
6.800000000000000000e+01
6.400000000000000000e+01
6.100000000000000000e+01
5.600000000000000000e+01
5.100000000000000000e+01
4.600000000000000000e+01
4.200000000000000000e+01
3.500000000000000000e+01
2.800000000000000000e+01
2.600000000000000000e+01
2.400000000000000000e+01
2.200000000000000000e+01
1.900000000000000000e+01
1.300000000000000000e+01
5.000000000000000000e+00
0.000000000000000000e+00
0.000000000000000000e+00
0.000000000000000000e+00
0.000000000000000000e+00
0.000000000000000000e+00
0.000000000000000000e+00
0.000000000000000000e+00
0.000000000000000000e+00
0.000000000000000000e+00
0.000000000000000000e+00
0.000000000000000000e+00
0.000000000000000000e+00
0.000000000000000000e+00
0.000000000000000000e+00
0.000000000000000000e+00
0.000000000000000000e+00
0.000000000000000000e+00
0.000000000000000000e+00
0.000000000000000000e+00
0.000000000000000000e+00
0.000000000000000000e+00
0.000000000000000000e+00
0.000000000000000000e+00
0.000000000000000000e+00
0.000000000000000000e+00
0.000000000000000000e+00
0.000000000000000000e+00
0.000000000000000000e+00
0.000000000000000000e+00
0.000000000000000000e+00
0.000000000000000000e+00
0.000000000000000000e+00
0.000000000000000000e+00
0.000000000000000000e+00
0.000000000000000000e+00
0.000000000000000000e+00
0.000000000000000000e+00
0.000000000000000000e+00
0.000000000000000000e+00
0.000000000000000000e+00
0.000000000000000000e+00
0.000000000000000000e+00
0.000000000000000000e+00
0.000000000000000000e+00
0.000000000000000000e+00
