6.300000000000000000e+01
6.700000000000000000e+01
7.000000000000000000e+01
7.000000000000000000e+01
7.000000000000000000e+01
7.000000000000000000e+01
7.300000000000000000e+01
7.400000000000000000e+01
7.600000000000000000e+01
7.600000000000000000e+01
7.600000000000000000e+01
7.600000000000000000e+01
7.600000000000000000e+01
7.600000000000000000e+01
7.600000000000000000e+01
7.600000000000000000e+01
7.600000000000000000e+01
7.600000000000000000e+01
7.600000000000000000e+01
7.600000000000000000e+01
7.600000000000000000e+01
7.600000000000000000e+01
7.600000000000000000e+01
7.600000000000000000e+01
7.600000000000000000e+01
7.600000000000000000e+01
7.600000000000000000e+01
7.600000000000000000e+01
7.600000000000000000e+01
8.200000000000000000e+01
8.300000000000000000e+01
8.300000000000000000e+01
8.300000000000000000e+01
8.300000000000000000e+01
8.300000000000000000e+01
8.300000000000000000e+01
8.300000000000000000e+01
8.300000000000000000e+01
8.300000000000000000e+01
8.300000000000000000e+01
8.300000000000000000e+01
8.300000000000000000e+01
8.300000000000000000e+01
8.300000000000000000e+01
8.300000000000000000e+01
8.300000000000000000e+01
8.300000000000000000e+01
9.600000000000000000e+01
1.020000000000000000e+02
1.100000000000000000e+02
1.100000000000000000e+02
1.170000000000000000e+02
1.230000000000000000e+02
1.290000000000000000e+02
1.290000000000000000e+02
1.390000000000000000e+02
1.500000000000000000e+02
1.570000000000000000e+02
1.640000000000000000e+02
1.640000000000000000e+02
1.640000000000000000e+02
1.640000000000000000e+02
1.640000000000000000e+02
1.640000000000000000e+02
1.570000000000000000e+02
1.480000000000000000e+02
1.460000000000000000e+02
1.360000000000000000e+02
1.280000000000000000e+02
1.210000000000000000e+02
1.140000000000000000e+02
1.070000000000000000e+02
1.020000000000000000e+02
9.400000000000000000e+01
8.800000000000000000e+01
8.800000000000000000e+01
8.800000000000000000e+01
8.800000000000000000e+01
8.800000000000000000e+01
8.800000000000000000e+01
8.800000000000000000e+01
8.800000000000000000e+01
8.800000000000000000e+01
8.800000000000000000e+01
8.800000000000000000e+01
8.800000000000000000e+01
8.800000000000000000e+01
8.800000000000000000e+01
8.800000000000000000e+01
8.800000000000000000e+01
8.800000000000000000e+01
8.800000000000000000e+01
8.800000000000000000e+01
8.800000000000000000e+01
8.800000000000000000e+01
8.800000000000000000e+01
8.800000000000000000e+01
8.800000000000000000e+01
8.800000000000000000e+01
8.800000000000000000e+01
8.800000000000000000e+01
8.800000000000000000e+01
8.800000000000000000e+01
8.800000000000000000e+01
8.800000000000000000e+01
8.800000000000000000e+01
8.800000000000000000e+01
8.800000000000000000e+01
8.800000000000000000e+01
8.800000000000000000e+01
8.700000000000000000e+01
8.700000000000000000e+01
8.600000000000000000e+01
8.400000000000000000e+01
8.200000000000000000e+01
8.100000000000000000e+01
8.000000000000000000e+01
7.700000000000000000e+01
7.600000000000000000e+01
7.300000000000000000e+01
7.200000000000000000e+01
6.900000000000000000e+01
6.600000000000000000e+01
6.300000000000000000e+01
5.800000000000000000e+01
5.700000000000000000e+01
5.300000000000000000e+01
4.600000000000000000e+01
