0.000000000000000000e+00
0.000000000000000000e+00
0.000000000000000000e+00
0.000000000000000000e+00
0.000000000000000000e+00
0.000000000000000000e+00
0.000000000000000000e+00
0.000000000000000000e+00
0.000000000000000000e+00
0.000000000000000000e+00
0.000000000000000000e+00
0.000000000000000000e+00
0.000000000000000000e+00
0.000000000000000000e+00
0.000000000000000000e+00
0.000000000000000000e+00
0.000000000000000000e+00
0.000000000000000000e+00
0.000000000000000000e+00
0.000000000000000000e+00
0.000000000000000000e+00
0.000000000000000000e+00
0.000000000000000000e+00
0.000000000000000000e+00
0.000000000000000000e+00
0.000000000000000000e+00
0.000000000000000000e+00
0.000000000000000000e+00
0.000000000000000000e+00
0.000000000000000000e+00
0.000000000000000000e+00
0.000000000000000000e+00
0.000000000000000000e+00
0.000000000000000000e+00
0.000000000000000000e+00
0.000000000000000000e+00
0.000000000000000000e+00
0.000000000000000000e+00
0.000000000000000000e+00
0.000000000000000000e+00
0.000000000000000000e+00
0.000000000000000000e+00
0.000000000000000000e+00
0.000000000000000000e+00
0.000000000000000000e+00
0.000000000000000000e+00
0.000000000000000000e+00
0.000000000000000000e+00
0.000000000000000000e+00
0.000000000000000000e+00
0.000000000000000000e+00
0.000000000000000000e+00
0.000000000000000000e+00
0.000000000000000000e+00
0.000000000000000000e+00
0.000000000000000000e+00
1.300000000000000000e+01
2.200000000000000000e+01
2.700000000000000000e+01
2.700000000000000000e+01
3.400000000000000000e+01
4.800000000000000000e+01
5.800000000000000000e+01
5.800000000000000000e+01
6.600000000000000000e+01
6.600000000000000000e+01
6.600000000000000000e+01
6.600000000000000000e+01
6.600000000000000000e+01
6.600000000000000000e+01
6.600000000000000000e+01
6.600000000000000000e+01
6.600000000000000000e+01
6.600000000000000000e+01
6.600000000000000000e+01
6.600000000000000000e+01
6.600000000000000000e+01
6.600000000000000000e+01
6.600000000000000000e+01
6.600000000000000000e+01
6.600000000000000000e+01
6.600000000000000000e+01
6.600000000000000000e+01
6.600000000000000000e+01
6.600000000000000000e+01
6.600000000000000000e+01
6.600000000000000000e+01
6.600000000000000000e+01
6.600000000000000000e+01
6.600000000000000000e+01
6.600000000000000000e+01
6.600000000000000000e+01
6.600000000000000000e+01
6.600000000000000000e+01
6.600000000000000000e+01
6.600000000000000000e+01
6.600000000000000000e+01
6.600000000000000000e+01
6.600000000000000000e+01
6.600000000000000000e+01
6.600000000000000000e+01
6.600000000000000000e+01
6.600000000000000000e+01
6.600000000000000000e+01
6.600000000000000000e+01
6.600000000000000000e+01
6.600000000000000000e+01
6.600000000000000000e+01
6.600000000000000000e+01
6.600000000000000000e+01
6.600000000000000000e+01
6.600000000000000000e+01
6.600000000000000000e+01
6.600000000000000000e+01
6.600000000000000000e+01
6.600000000000000000e+01
6.600000000000000000e+01
6.600000000000000000e+01
6.600000000000000000e+01
6.600000000000000000e+01
6.500000000000000000e+01
6.500000000000000000e+01
6.500000000000000000e+01
6.300000000000000000e+01
6.200000000000000000e+01
6.000000000000000000e+01
5.600000000000000000e+01
5.300000000000000000e+01
