0.000000000000000000e+00
0.000000000000000000e+00
0.000000000000000000e+00
0.000000000000000000e+00
0.000000000000000000e+00
0.000000000000000000e+00
0.000000000000000000e+00
0.000000000000000000e+00
0.000000000000000000e+00
0.000000000000000000e+00
0.000000000000000000e+00
0.000000000000000000e+00
0.000000000000000000e+00
0.000000000000000000e+00
0.000000000000000000e+00
0.000000000000000000e+00
0.000000000000000000e+00
0.000000000000000000e+00
0.000000000000000000e+00
0.000000000000000000e+00
0.000000000000000000e+00
0.000000000000000000e+00
0.000000000000000000e+00
5.000000000000000000e+00
7.000000000000000000e+00
1.600000000000000000e+01
2.500000000000000000e+01
2.500000000000000000e+01
3.200000000000000000e+01
3.900000000000000000e+01
5.200000000000000000e+01
5.200000000000000000e+01
6.000000000000000000e+01
6.700000000000000000e+01
7.500000000000000000e+01
8.700000000000000000e+01
8.700000000000000000e+01
9.400000000000000000e+01
1.020000000000000000e+02
1.080000000000000000e+02
1.170000000000000000e+02
1.170000000000000000e+02
1.270000000000000000e+02
1.360000000000000000e+02
1.390000000000000000e+02
1.390000000000000000e+02
1.480000000000000000e+02
1.530000000000000000e+02
1.600000000000000000e+02
1.670000000000000000e+02
1.670000000000000000e+02
1.720000000000000000e+02
1.810000000000000000e+02
1.880000000000000000e+02
1.880000000000000000e+02
1.980000000000000000e+02
2.040000000000000000e+02
2.140000000000000000e+02
2.200000000000000000e+02
2.200000000000000000e+02
2.250000000000000000e+02
2.310000000000000000e+02
2.350000000000000000e+02
2.350000000000000000e+02
2.380000000000000000e+02
2.380000000000000000e+02
2.380000000000000000e+02
2.380000000000000000e+02
2.380000000000000000e+02
2.380000000000000000e+02
2.380000000000000000e+02
2.380000000000000000e+02
2.380000000000000000e+02
2.380000000000000000e+02
2.380000000000000000e+02
2.380000000000000000e+02
2.380000000000000000e+02
2.380000000000000000e+02
2.380000000000000000e+02
2.380000000000000000e+02
2.380000000000000000e+02
2.380000000000000000e+02
2.380000000000000000e+02
2.380000000000000000e+02
2.380000000000000000e+02
2.380000000000000000e+02
2.380000000000000000e+02
2.380000000000000000e+02
2.380000000000000000e+02
2.380000000000000000e+02
2.380000000000000000e+02
2.380000000000000000e+02
2.380000000000000000e+02
2.380000000000000000e+02
2.380000000000000000e+02
2.380000000000000000e+02
2.380000000000000000e+02
2.380000000000000000e+02
2.360000000000000000e+02
2.340000000000000000e+02
2.310000000000000000e+02
2.260000000000000000e+02
2.220000000000000000e+02
2.180000000000000000e+02
2.140000000000000000e+02
2.080000000000000000e+02
2.020000000000000000e+02
1.960000000000000000e+02
1.890000000000000000e+02
1.860000000000000000e+02
1.800000000000000000e+02
1.730000000000000000e+02
1.730000000000000000e+02
1.680000000000000000e+02
1.650000000000000000e+02
1.620000000000000000e+02
1.590000000000000000e+02
1.520000000000000000e+02
1.480000000000000000e+02
1.410000000000000000e+02
1.340000000000000000e+02
1.290000000000000000e+02
1.260000000000000000e+02
1.220000000000000000e+02
1.160000000000000000e+02
1.110000000000000000e+02
1.040000000000000000e+02
9.900000000000000000e+01
