0.000000000000000000e+00
0.000000000000000000e+00
0.000000000000000000e+00
0.000000000000000000e+00
0.000000000000000000e+00
0.000000000000000000e+00
0.000000000000000000e+00
0.000000000000000000e+00
0.000000000000000000e+00
0.000000000000000000e+00
0.000000000000000000e+00
0.000000000000000000e+00
0.000000000000000000e+00
0.000000000000000000e+00
0.000000000000000000e+00
0.000000000000000000e+00
0.000000000000000000e+00
0.000000000000000000e+00
0.000000000000000000e+00
0.000000000000000000e+00
0.000000000000000000e+00
0.000000000000000000e+00
0.000000000000000000e+00
0.000000000000000000e+00
0.000000000000000000e+00
0.000000000000000000e+00
0.000000000000000000e+00
0.000000000000000000e+00
0.000000000000000000e+00
0.000000000000000000e+00
0.000000000000000000e+00
0.000000000000000000e+00
0.000000000000000000e+00
0.000000000000000000e+00
0.000000000000000000e+00
0.000000000000000000e+00
0.000000000000000000e+00
2.000000000000000000e+00
1.500000000000000000e+01
2.400000000000000000e+01
3.200000000000000000e+01
3.200000000000000000e+01
3.800000000000000000e+01
4.500000000000000000e+01
5.200000000000000000e+01
5.200000000000000000e+01
5.800000000000000000e+01
6.500000000000000000e+01
6.800000000000000000e+01
7.700000000000000000e+01
7.700000000000000000e+01
8.500000000000000000e+01
9.300000000000000000e+01
1.020000000000000000e+02
1.020000000000000000e+02
1.060000000000000000e+02
1.140000000000000000e+02
1.220000000000000000e+02
1.250000000000000000e+02
1.250000000000000000e+02
1.370000000000000000e+02
1.520000000000000000e+02
1.600000000000000000e+02
1.600000000000000000e+02
1.700000000000000000e+02
1.700000000000000000e+02
1.700000000000000000e+02
1.700000000000000000e+02
1.700000000000000000e+02
1.700000000000000000e+02
1.700000000000000000e+02
1.700000000000000000e+02
1.700000000000000000e+02
1.700000000000000000e+02
1.700000000000000000e+02
1.700000000000000000e+02
1.700000000000000000e+02
1.700000000000000000e+02
1.700000000000000000e+02
1.700000000000000000e+02
1.700000000000000000e+02
1.700000000000000000e+02
1.700000000000000000e+02
1.700000000000000000e+02
1.700000000000000000e+02
1.700000000000000000e+02
1.700000000000000000e+02
1.700000000000000000e+02
1.700000000000000000e+02
1.700000000000000000e+02
1.700000000000000000e+02
1.700000000000000000e+02
1.700000000000000000e+02
1.700000000000000000e+02
1.700000000000000000e+02
1.700000000000000000e+02
1.700000000000000000e+02
1.700000000000000000e+02
1.700000000000000000e+02
1.700000000000000000e+02
1.700000000000000000e+02
1.700000000000000000e+02
1.700000000000000000e+02
1.700000000000000000e+02
1.680000000000000000e+02
1.680000000000000000e+02
1.670000000000000000e+02
1.660000000000000000e+02
1.640000000000000000e+02
1.630000000000000000e+02
1.600000000000000000e+02
1.560000000000000000e+02
1.520000000000000000e+02
1.470000000000000000e+02
1.460000000000000000e+02
1.440000000000000000e+02
1.410000000000000000e+02
1.390000000000000000e+02
1.340000000000000000e+02
1.300000000000000000e+02
1.270000000000000000e+02
1.240000000000000000e+02
1.180000000000000000e+02
1.160000000000000000e+02
1.130000000000000000e+02
1.100000000000000000e+02
1.070000000000000000e+02
1.060000000000000000e+02
