0.000000000000000000e+00
0.000000000000000000e+00
0.000000000000000000e+00
0.000000000000000000e+00
0.000000000000000000e+00
0.000000000000000000e+00
0.000000000000000000e+00
0.000000000000000000e+00
0.000000000000000000e+00
0.000000000000000000e+00
0.000000000000000000e+00
0.000000000000000000e+00
0.000000000000000000e+00
0.000000000000000000e+00
0.000000000000000000e+00
0.000000000000000000e+00
0.000000000000000000e+00
0.000000000000000000e+00
0.000000000000000000e+00
0.000000000000000000e+00
0.000000000000000000e+00
0.000000000000000000e+00
0.000000000000000000e+00
0.000000000000000000e+00
0.000000000000000000e+00
0.000000000000000000e+00
0.000000000000000000e+00
0.000000000000000000e+00
0.000000000000000000e+00
0.000000000000000000e+00
0.000000000000000000e+00
0.000000000000000000e+00
1.100000000000000000e+01
1.700000000000000000e+01
2.800000000000000000e+01
3.600000000000000000e+01
3.600000000000000000e+01
4.100000000000000000e+01
5.000000000000000000e+01
6.400000000000000000e+01
7.300000000000000000e+01
7.300000000000000000e+01
8.100000000000000000e+01
9.000000000000000000e+01
9.500000000000000000e+01
9.500000000000000000e+01
1.030000000000000000e+02
1.060000000000000000e+02
1.110000000000000000e+02
1.180000000000000000e+02
1.180000000000000000e+02
1.310000000000000000e+02
1.430000000000000000e+02
1.490000000000000000e+02
1.490000000000000000e+02
1.490000000000000000e+02
1.490000000000000000e+02
1.490000000000000000e+02
1.490000000000000000e+02
1.490000000000000000e+02
1.490000000000000000e+02
1.490000000000000000e+02
1.490000000000000000e+02
1.490000000000000000e+02
1.490000000000000000e+02
1.490000000000000000e+02
1.490000000000000000e+02
1.490000000000000000e+02
1.490000000000000000e+02
1.490000000000000000e+02
1.490000000000000000e+02
1.490000000000000000e+02
1.490000000000000000e+02
1.490000000000000000e+02
1.490000000000000000e+02
1.490000000000000000e+02
1.490000000000000000e+02
1.490000000000000000e+02
1.490000000000000000e+02
1.490000000000000000e+02
1.490000000000000000e+02
1.490000000000000000e+02
1.490000000000000000e+02
1.490000000000000000e+02
1.490000000000000000e+02
1.490000000000000000e+02
1.490000000000000000e+02
1.490000000000000000e+02
1.490000000000000000e+02
1.490000000000000000e+02
1.490000000000000000e+02
1.490000000000000000e+02
1.490000000000000000e+02
1.490000000000000000e+02
1.490000000000000000e+02
1.490000000000000000e+02
1.480000000000000000e+02
1.480000000000000000e+02
1.480000000000000000e+02
1.460000000000000000e+02
1.440000000000000000e+02
1.430000000000000000e+02
1.420000000000000000e+02
1.420000000000000000e+02
1.390000000000000000e+02
1.370000000000000000e+02
1.350000000000000000e+02
1.340000000000000000e+02
1.290000000000000000e+02
1.270000000000000000e+02
1.220000000000000000e+02
1.200000000000000000e+02
1.170000000000000000e+02
1.110000000000000000e+02
1.090000000000000000e+02
1.040000000000000000e+02
9.900000000000000000e+01
9.600000000000000000e+01
9.100000000000000000e+01
8.400000000000000000e+01
8.000000000000000000e+01
7.900000000000000000e+01
7.400000000000000000e+01
7.100000000000000000e+01
7.000000000000000000e+01
6.700000000000000000e+01
6.200000000000000000e+01
5.900000000000000000e+01
