0.000000000000000000e+00
0.000000000000000000e+00
0.000000000000000000e+00
0.000000000000000000e+00
0.000000000000000000e+00
0.000000000000000000e+00
0.000000000000000000e+00
0.000000000000000000e+00
0.000000000000000000e+00
0.000000000000000000e+00
0.000000000000000000e+00
0.000000000000000000e+00
0.000000000000000000e+00
0.000000000000000000e+00
0.000000000000000000e+00
0.000000000000000000e+00
0.000000000000000000e+00
0.000000000000000000e+00
0.000000000000000000e+00
0.000000000000000000e+00
0.000000000000000000e+00
0.000000000000000000e+00
0.000000000000000000e+00
0.000000000000000000e+00
0.000000000000000000e+00
0.000000000000000000e+00
0.000000000000000000e+00
0.000000000000000000e+00
0.000000000000000000e+00
0.000000000000000000e+00
2.000000000000000000e+00
2.000000000000000000e+00
5.000000000000000000e+00
9.000000000000000000e+00
2.200000000000000000e+01
3.300000000000000000e+01
3.300000000000000000e+01
4.100000000000000000e+01
4.800000000000000000e+01
5.300000000000000000e+01
6.700000000000000000e+01
6.700000000000000000e+01
7.300000000000000000e+01
8.300000000000000000e+01
9.100000000000000000e+01
9.100000000000000000e+01
9.800000000000000000e+01
1.040000000000000000e+02
1.100000000000000000e+02
1.170000000000000000e+02
1.170000000000000000e+02
1.230000000000000000e+02
1.270000000000000000e+02
1.390000000000000000e+02
1.390000000000000000e+02
1.470000000000000000e+02
1.540000000000000000e+02
1.630000000000000000e+02
1.680000000000000000e+02
1.680000000000000000e+02
1.720000000000000000e+02
1.800000000000000000e+02
1.860000000000000000e+02
1.860000000000000000e+02
1.970000000000000000e+02
1.970000000000000000e+02
1.970000000000000000e+02
1.970000000000000000e+02
1.970000000000000000e+02
1.970000000000000000e+02
1.970000000000000000e+02
1.970000000000000000e+02
1.970000000000000000e+02
1.970000000000000000e+02
1.970000000000000000e+02
1.970000000000000000e+02
1.970000000000000000e+02
1.970000000000000000e+02
1.970000000000000000e+02
1.970000000000000000e+02
1.970000000000000000e+02
1.970000000000000000e+02
1.970000000000000000e+02
1.970000000000000000e+02
1.970000000000000000e+02
1.970000000000000000e+02
1.970000000000000000e+02
1.970000000000000000e+02
1.970000000000000000e+02
1.970000000000000000e+02
1.970000000000000000e+02
1.970000000000000000e+02
1.970000000000000000e+02
1.970000000000000000e+02
1.970000000000000000e+02
1.970000000000000000e+02
1.970000000000000000e+02
1.970000000000000000e+02
1.960000000000000000e+02
1.950000000000000000e+02
1.940000000000000000e+02
1.920000000000000000e+02
1.900000000000000000e+02
1.870000000000000000e+02
1.840000000000000000e+02
1.800000000000000000e+02
1.790000000000000000e+02
1.750000000000000000e+02
1.710000000000000000e+02
1.670000000000000000e+02
1.630000000000000000e+02
1.600000000000000000e+02
1.570000000000000000e+02
1.560000000000000000e+02
1.520000000000000000e+02
1.450000000000000000e+02
1.440000000000000000e+02
1.340000000000000000e+02
1.290000000000000000e+02
1.250000000000000000e+02
1.200000000000000000e+02
1.150000000000000000e+02
1.130000000000000000e+02
1.070000000000000000e+02
1.010000000000000000e+02
9.700000000000000000e+01
8.900000000000000000e+01
8.600000000000000000e+01
