0.000000000000000000e+00
0.000000000000000000e+00
0.000000000000000000e+00
0.000000000000000000e+00
0.000000000000000000e+00
0.000000000000000000e+00
0.000000000000000000e+00
0.000000000000000000e+00
0.000000000000000000e+00
0.000000000000000000e+00
0.000000000000000000e+00
0.000000000000000000e+00
0.000000000000000000e+00
0.000000000000000000e+00
0.000000000000000000e+00
0.000000000000000000e+00
0.000000000000000000e+00
0.000000000000000000e+00
0.000000000000000000e+00
0.000000000000000000e+00
0.000000000000000000e+00
0.000000000000000000e+00
0.000000000000000000e+00
0.000000000000000000e+00
0.000000000000000000e+00
0.000000000000000000e+00
0.000000000000000000e+00
0.000000000000000000e+00
0.000000000000000000e+00
0.000000000000000000e+00
0.000000000000000000e+00
0.000000000000000000e+00
1.000000000000000000e+00
1.000000000000000000e+01
2.000000000000000000e+01
2.700000000000000000e+01
2.700000000000000000e+01
3.100000000000000000e+01
3.400000000000000000e+01
4.400000000000000000e+01
5.400000000000000000e+01
5.400000000000000000e+01
6.000000000000000000e+01
6.100000000000000000e+01
6.600000000000000000e+01
6.600000000000000000e+01
7.000000000000000000e+01
7.800000000000000000e+01
8.200000000000000000e+01
9.100000000000000000e+01
9.100000000000000000e+01
9.600000000000000000e+01
1.020000000000000000e+02
1.150000000000000000e+02
1.150000000000000000e+02
1.190000000000000000e+02
1.230000000000000000e+02
1.310000000000000000e+02
1.390000000000000000e+02
1.390000000000000000e+02
1.500000000000000000e+02
1.630000000000000000e+02
1.690000000000000000e+02
1.690000000000000000e+02
1.760000000000000000e+02
1.760000000000000000e+02
1.760000000000000000e+02
1.760000000000000000e+02
1.760000000000000000e+02
1.760000000000000000e+02
1.760000000000000000e+02
1.760000000000000000e+02
1.760000000000000000e+02
1.760000000000000000e+02
1.760000000000000000e+02
1.760000000000000000e+02
1.760000000000000000e+02
1.760000000000000000e+02
1.760000000000000000e+02
1.760000000000000000e+02
1.760000000000000000e+02
1.760000000000000000e+02
1.760000000000000000e+02
1.760000000000000000e+02
1.760000000000000000e+02
1.760000000000000000e+02
1.760000000000000000e+02
1.760000000000000000e+02
1.760000000000000000e+02
1.760000000000000000e+02
1.760000000000000000e+02
1.760000000000000000e+02
1.760000000000000000e+02
1.760000000000000000e+02
1.760000000000000000e+02
1.760000000000000000e+02
1.760000000000000000e+02
1.760000000000000000e+02
1.750000000000000000e+02
1.740000000000000000e+02
1.740000000000000000e+02
1.740000000000000000e+02
1.740000000000000000e+02
1.720000000000000000e+02
1.720000000000000000e+02
1.710000000000000000e+02
1.680000000000000000e+02
1.660000000000000000e+02
1.620000000000000000e+02
1.560000000000000000e+02
1.550000000000000000e+02
1.530000000000000000e+02
1.490000000000000000e+02
1.440000000000000000e+02
1.420000000000000000e+02
1.390000000000000000e+02
1.330000000000000000e+02
1.330000000000000000e+02
1.300000000000000000e+02
1.220000000000000000e+02
1.190000000000000000e+02
1.150000000000000000e+02
1.150000000000000000e+02
1.120000000000000000e+02
1.060000000000000000e+02
9.900000000000000000e+01
9.400000000000000000e+01
9.200000000000000000e+01
