0.000000000000000000e+00
0.000000000000000000e+00
0.000000000000000000e+00
0.000000000000000000e+00
0.000000000000000000e+00
0.000000000000000000e+00
0.000000000000000000e+00
0.000000000000000000e+00
0.000000000000000000e+00
0.000000000000000000e+00
0.000000000000000000e+00
0.000000000000000000e+00
0.000000000000000000e+00
0.000000000000000000e+00
0.000000000000000000e+00
0.000000000000000000e+00
0.000000000000000000e+00
0.000000000000000000e+00
0.000000000000000000e+00
0.000000000000000000e+00
0.000000000000000000e+00
0.000000000000000000e+00
0.000000000000000000e+00
0.000000000000000000e+00
0.000000000000000000e+00
0.000000000000000000e+00
0.000000000000000000e+00
0.000000000000000000e+00
0.000000000000000000e+00
0.000000000000000000e+00
0.000000000000000000e+00
0.000000000000000000e+00
0.000000000000000000e+00
0.000000000000000000e+00
0.000000000000000000e+00
0.000000000000000000e+00
0.000000000000000000e+00
0.000000000000000000e+00
0.000000000000000000e+00
0.000000000000000000e+00
0.000000000000000000e+00
0.000000000000000000e+00
0.000000000000000000e+00
0.000000000000000000e+00
0.000000000000000000e+00
0.000000000000000000e+00
1.000000000000000000e+00
1.000000000000000000e+00
1.000000000000000000e+00
1.000000000000000000e+00
1.000000000000000000e+00
9.000000000000000000e+00
1.800000000000000000e+01
2.600000000000000000e+01
2.600000000000000000e+01
2.900000000000000000e+01
3.600000000000000000e+01
3.900000000000000000e+01
4.900000000000000000e+01
4.900000000000000000e+01
5.600000000000000000e+01
6.500000000000000000e+01
7.400000000000000000e+01
7.400000000000000000e+01
8.600000000000000000e+01
8.600000000000000000e+01
8.600000000000000000e+01
8.600000000000000000e+01
8.600000000000000000e+01
8.600000000000000000e+01
8.600000000000000000e+01
8.600000000000000000e+01
8.600000000000000000e+01
8.600000000000000000e+01
8.600000000000000000e+01
8.600000000000000000e+01
8.600000000000000000e+01
8.600000000000000000e+01
8.600000000000000000e+01
8.600000000000000000e+01
8.600000000000000000e+01
8.600000000000000000e+01
8.600000000000000000e+01
8.600000000000000000e+01
8.600000000000000000e+01
8.600000000000000000e+01
8.600000000000000000e+01
8.600000000000000000e+01
8.600000000000000000e+01
8.600000000000000000e+01
8.600000000000000000e+01
8.600000000000000000e+01
8.600000000000000000e+01
8.600000000000000000e+01
8.600000000000000000e+01
8.600000000000000000e+01
8.600000000000000000e+01
8.600000000000000000e+01
8.600000000000000000e+01
8.600000000000000000e+01
8.600000000000000000e+01
8.600000000000000000e+01
8.600000000000000000e+01
8.600000000000000000e+01
8.600000000000000000e+01
8.600000000000000000e+01
8.600000000000000000e+01
8.600000000000000000e+01
8.600000000000000000e+01
8.600000000000000000e+01
8.600000000000000000e+01
8.600000000000000000e+01
8.600000000000000000e+01
8.600000000000000000e+01
8.600000000000000000e+01
8.600000000000000000e+01
8.600000000000000000e+01
8.600000000000000000e+01
8.600000000000000000e+01
8.600000000000000000e+01
8.300000000000000000e+01
8.000000000000000000e+01
8.000000000000000000e+01
7.900000000000000000e+01
7.900000000000000000e+01
7.700000000000000000e+01
7.600000000000000000e+01
7.500000000000000000e+01
