0.000000000000000000e+00
0.000000000000000000e+00
0.000000000000000000e+00
0.000000000000000000e+00
0.000000000000000000e+00
0.000000000000000000e+00
0.000000000000000000e+00
0.000000000000000000e+00
0.000000000000000000e+00
0.000000000000000000e+00
0.000000000000000000e+00
0.000000000000000000e+00
0.000000000000000000e+00
0.000000000000000000e+00
0.000000000000000000e+00
0.000000000000000000e+00
0.000000000000000000e+00
0.000000000000000000e+00
0.000000000000000000e+00
0.000000000000000000e+00
0.000000000000000000e+00
0.000000000000000000e+00
0.000000000000000000e+00
0.000000000000000000e+00
0.000000000000000000e+00
0.000000000000000000e+00
0.000000000000000000e+00
0.000000000000000000e+00
0.000000000000000000e+00
0.000000000000000000e+00
0.000000000000000000e+00
0.000000000000000000e+00
2.000000000000000000e+00
1.000000000000000000e+01
1.200000000000000000e+01
1.800000000000000000e+01
1.800000000000000000e+01
1.900000000000000000e+01
2.600000000000000000e+01
3.600000000000000000e+01
4.400000000000000000e+01
4.400000000000000000e+01
5.300000000000000000e+01
6.300000000000000000e+01
7.200000000000000000e+01
7.200000000000000000e+01
7.600000000000000000e+01
8.100000000000000000e+01
8.300000000000000000e+01
9.200000000000000000e+01
9.200000000000000000e+01
9.700000000000000000e+01
1.080000000000000000e+02
1.180000000000000000e+02
1.180000000000000000e+02
1.270000000000000000e+02
1.360000000000000000e+02
1.460000000000000000e+02
1.550000000000000000e+02
1.550000000000000000e+02
1.570000000000000000e+02
1.620000000000000000e+02
1.690000000000000000e+02
1.690000000000000000e+02
1.750000000000000000e+02
1.750000000000000000e+02
1.750000000000000000e+02
1.750000000000000000e+02
1.750000000000000000e+02
1.750000000000000000e+02
1.750000000000000000e+02
1.750000000000000000e+02
1.750000000000000000e+02
1.750000000000000000e+02
1.750000000000000000e+02
1.750000000000000000e+02
1.750000000000000000e+02
1.750000000000000000e+02
1.750000000000000000e+02
1.750000000000000000e+02
1.750000000000000000e+02
1.750000000000000000e+02
1.750000000000000000e+02
1.750000000000000000e+02
1.750000000000000000e+02
1.750000000000000000e+02
1.750000000000000000e+02
1.750000000000000000e+02
1.750000000000000000e+02
1.750000000000000000e+02
1.750000000000000000e+02
1.750000000000000000e+02
1.750000000000000000e+02
1.750000000000000000e+02
1.750000000000000000e+02
1.750000000000000000e+02
1.750000000000000000e+02
1.750000000000000000e+02
1.750000000000000000e+02
1.740000000000000000e+02
1.700000000000000000e+02
1.670000000000000000e+02
1.640000000000000000e+02
1.630000000000000000e+02
1.620000000000000000e+02
1.600000000000000000e+02
1.600000000000000000e+02
1.550000000000000000e+02
1.520000000000000000e+02
1.520000000000000000e+02
1.520000000000000000e+02
1.500000000000000000e+02
1.490000000000000000e+02
1.450000000000000000e+02
1.390000000000000000e+02
1.340000000000000000e+02
1.310000000000000000e+02
1.260000000000000000e+02
1.230000000000000000e+02
1.180000000000000000e+02
1.150000000000000000e+02
1.120000000000000000e+02
1.090000000000000000e+02
1.080000000000000000e+02
1.010000000000000000e+02
9.500000000000000000e+01
9.200000000000000000e+01
8.700000000000000000e+01
