5.400000000000000000e+01
5.600000000000000000e+01
5.900000000000000000e+01
6.000000000000000000e+01
6.000000000000000000e+01
6.400000000000000000e+01
6.600000000000000000e+01
6.600000000000000000e+01
6.800000000000000000e+01
6.800000000000000000e+01
7.000000000000000000e+01
7.100000000000000000e+01
7.100000000000000000e+01
7.100000000000000000e+01
7.100000000000000000e+01
7.100000000000000000e+01
7.100000000000000000e+01
7.100000000000000000e+01
7.100000000000000000e+01
7.100000000000000000e+01
7.100000000000000000e+01
7.100000000000000000e+01
7.100000000000000000e+01
7.100000000000000000e+01
7.100000000000000000e+01
7.100000000000000000e+01
7.100000000000000000e+01
7.100000000000000000e+01
7.100000000000000000e+01
7.100000000000000000e+01
7.100000000000000000e+01
7.100000000000000000e+01
7.100000000000000000e+01
7.100000000000000000e+01
7.100000000000000000e+01
7.100000000000000000e+01
7.100000000000000000e+01
7.400000000000000000e+01
8.000000000000000000e+01
9.000000000000000000e+01
9.500000000000000000e+01
9.500000000000000000e+01
1.030000000000000000e+02
1.090000000000000000e+02
1.160000000000000000e+02
1.160000000000000000e+02
1.250000000000000000e+02
1.320000000000000000e+02
1.440000000000000000e+02
1.490000000000000000e+02
1.490000000000000000e+02
1.610000000000000000e+02
1.670000000000000000e+02
1.740000000000000000e+02
1.740000000000000000e+02
1.780000000000000000e+02
1.850000000000000000e+02
1.900000000000000000e+02
1.970000000000000000e+02
1.970000000000000000e+02
2.050000000000000000e+02
2.200000000000000000e+02
2.270000000000000000e+02
2.270000000000000000e+02
2.320000000000000000e+02
2.310000000000000000e+02
2.280000000000000000e+02
2.220000000000000000e+02
2.180000000000000000e+02
2.120000000000000000e+02
2.050000000000000000e+02
2.010000000000000000e+02
1.950000000000000000e+02
1.860000000000000000e+02
1.760000000000000000e+02
1.690000000000000000e+02
1.690000000000000000e+02
1.690000000000000000e+02
1.690000000000000000e+02
1.690000000000000000e+02
1.690000000000000000e+02
1.690000000000000000e+02
1.690000000000000000e+02
1.690000000000000000e+02
1.690000000000000000e+02
1.690000000000000000e+02
1.690000000000000000e+02
1.690000000000000000e+02
1.690000000000000000e+02
1.690000000000000000e+02
1.690000000000000000e+02
1.690000000000000000e+02
1.690000000000000000e+02
1.690000000000000000e+02
1.690000000000000000e+02
1.690000000000000000e+02
1.690000000000000000e+02
1.690000000000000000e+02
1.690000000000000000e+02
1.690000000000000000e+02
1.690000000000000000e+02
1.690000000000000000e+02
1.690000000000000000e+02
1.680000000000000000e+02
1.670000000000000000e+02
1.670000000000000000e+02
1.640000000000000000e+02
1.630000000000000000e+02
1.620000000000000000e+02
1.600000000000000000e+02
1.580000000000000000e+02
1.540000000000000000e+02
1.500000000000000000e+02
1.500000000000000000e+02
1.460000000000000000e+02
1.430000000000000000e+02
1.400000000000000000e+02
1.370000000000000000e+02
1.350000000000000000e+02
1.350000000000000000e+02
1.300000000000000000e+02
1.270000000000000000e+02
1.230000000000000000e+02
1.190000000000000000e+02
1.160000000000000000e+02
1.110000000000000000e+02
1.080000000000000000e+02
1.060000000000000000e+02
