0.000000000000000000e+00
0.000000000000000000e+00
0.000000000000000000e+00
0.000000000000000000e+00
0.000000000000000000e+00
0.000000000000000000e+00
0.000000000000000000e+00
0.000000000000000000e+00
0.000000000000000000e+00
0.000000000000000000e+00
0.000000000000000000e+00
0.000000000000000000e+00
0.000000000000000000e+00
0.000000000000000000e+00
0.000000000000000000e+00
0.000000000000000000e+00
0.000000000000000000e+00
0.000000000000000000e+00
0.000000000000000000e+00
0.000000000000000000e+00
0.000000000000000000e+00
0.000000000000000000e+00
0.000000000000000000e+00
0.000000000000000000e+00
0.000000000000000000e+00
0.000000000000000000e+00
0.000000000000000000e+00
0.000000000000000000e+00
0.000000000000000000e+00
0.000000000000000000e+00
0.000000000000000000e+00
0.000000000000000000e+00
0.000000000000000000e+00
0.000000000000000000e+00
0.000000000000000000e+00
0.000000000000000000e+00
0.000000000000000000e+00
0.000000000000000000e+00
0.000000000000000000e+00
0.000000000000000000e+00
0.000000000000000000e+00
0.000000000000000000e+00
0.000000000000000000e+00
0.000000000000000000e+00
0.000000000000000000e+00
0.000000000000000000e+00
0.000000000000000000e+00
0.000000000000000000e+00
0.000000000000000000e+00
0.000000000000000000e+00
0.000000000000000000e+00
8.000000000000000000e+00
1.500000000000000000e+01
2.800000000000000000e+01
2.800000000000000000e+01
3.700000000000000000e+01
4.600000000000000000e+01
5.500000000000000000e+01
6.100000000000000000e+01
6.100000000000000000e+01
7.000000000000000000e+01
7.600000000000000000e+01
8.400000000000000000e+01
8.400000000000000000e+01
9.200000000000000000e+01
9.200000000000000000e+01
9.200000000000000000e+01
9.200000000000000000e+01
9.200000000000000000e+01
9.200000000000000000e+01
9.200000000000000000e+01
9.200000000000000000e+01
9.200000000000000000e+01
9.200000000000000000e+01
9.200000000000000000e+01
9.200000000000000000e+01
9.200000000000000000e+01
9.200000000000000000e+01
9.200000000000000000e+01
9.200000000000000000e+01
9.200000000000000000e+01
9.200000000000000000e+01
9.200000000000000000e+01
9.200000000000000000e+01
9.200000000000000000e+01
9.200000000000000000e+01
9.200000000000000000e+01
9.200000000000000000e+01
9.200000000000000000e+01
9.200000000000000000e+01
9.200000000000000000e+01
9.200000000000000000e+01
9.200000000000000000e+01
9.200000000000000000e+01
9.200000000000000000e+01
9.200000000000000000e+01
9.200000000000000000e+01
9.200000000000000000e+01
9.200000000000000000e+01
9.200000000000000000e+01
9.200000000000000000e+01
9.200000000000000000e+01
9.200000000000000000e+01
9.200000000000000000e+01
9.200000000000000000e+01
9.200000000000000000e+01
9.200000000000000000e+01
9.200000000000000000e+01
9.200000000000000000e+01
9.200000000000000000e+01
9.200000000000000000e+01
9.200000000000000000e+01
9.200000000000000000e+01
9.200000000000000000e+01
9.200000000000000000e+01
9.200000000000000000e+01
9.200000000000000000e+01
9.100000000000000000e+01
8.900000000000000000e+01
8.900000000000000000e+01
8.700000000000000000e+01
8.300000000000000000e+01
8.100000000000000000e+01
7.800000000000000000e+01
7.400000000000000000e+01
7.300000000000000000e+01
7.200000000000000000e+01
6.600000000000000000e+01
