6.000000000000000000e+00
6.000000000000000000e+00
7.000000000000000000e+00
8.000000000000000000e+00
8.000000000000000000e+00
8.000000000000000000e+00
8.000000000000000000e+00
8.000000000000000000e+00
8.000000000000000000e+00
8.000000000000000000e+00
8.000000000000000000e+00
8.000000000000000000e+00
8.000000000000000000e+00
8.000000000000000000e+00
8.000000000000000000e+00
8.000000000000000000e+00
8.000000000000000000e+00
8.000000000000000000e+00
8.000000000000000000e+00
8.000000000000000000e+00
8.000000000000000000e+00
8.000000000000000000e+00
8.000000000000000000e+00
8.000000000000000000e+00
8.000000000000000000e+00
8.000000000000000000e+00
1.000000000000000000e+01
1.000000000000000000e+01
1.300000000000000000e+01
1.400000000000000000e+01
2.100000000000000000e+01
2.100000000000000000e+01
2.700000000000000000e+01
3.900000000000000000e+01
4.400000000000000000e+01
5.400000000000000000e+01
5.400000000000000000e+01
5.800000000000000000e+01
6.400000000000000000e+01
7.000000000000000000e+01
7.700000000000000000e+01
7.700000000000000000e+01
8.700000000000000000e+01
9.200000000000000000e+01
1.000000000000000000e+02
1.000000000000000000e+02
1.040000000000000000e+02
1.080000000000000000e+02
1.180000000000000000e+02
1.300000000000000000e+02
1.300000000000000000e+02
1.360000000000000000e+02
1.440000000000000000e+02
1.520000000000000000e+02
1.520000000000000000e+02
1.570000000000000000e+02
1.670000000000000000e+02
1.740000000000000000e+02
1.810000000000000000e+02
1.810000000000000000e+02
1.830000000000000000e+02
1.880000000000000000e+02
1.990000000000000000e+02
1.990000000000000000e+02
2.070000000000000000e+02
2.070000000000000000e+02
2.070000000000000000e+02
2.070000000000000000e+02
2.070000000000000000e+02
2.070000000000000000e+02
2.070000000000000000e+02
2.070000000000000000e+02
2.070000000000000000e+02
2.070000000000000000e+02
2.070000000000000000e+02
2.070000000000000000e+02
2.070000000000000000e+02
2.070000000000000000e+02
2.070000000000000000e+02
2.070000000000000000e+02
2.070000000000000000e+02
2.070000000000000000e+02
2.070000000000000000e+02
2.070000000000000000e+02
2.070000000000000000e+02
2.070000000000000000e+02
2.070000000000000000e+02
2.070000000000000000e+02
2.070000000000000000e+02
2.070000000000000000e+02
2.070000000000000000e+02
2.070000000000000000e+02
2.070000000000000000e+02
2.070000000000000000e+02
2.070000000000000000e+02
2.070000000000000000e+02
2.070000000000000000e+02
2.070000000000000000e+02
2.060000000000000000e+02
2.050000000000000000e+02
2.030000000000000000e+02
2.020000000000000000e+02
2.010000000000000000e+02
1.990000000000000000e+02
1.980000000000000000e+02
1.950000000000000000e+02
1.920000000000000000e+02
1.890000000000000000e+02
1.850000000000000000e+02
1.840000000000000000e+02
1.790000000000000000e+02
1.780000000000000000e+02
1.740000000000000000e+02
1.720000000000000000e+02
1.680000000000000000e+02
1.650000000000000000e+02
1.610000000000000000e+02
1.570000000000000000e+02
1.530000000000000000e+02
1.510000000000000000e+02
1.480000000000000000e+02
1.420000000000000000e+02
1.360000000000000000e+02
1.290000000000000000e+02
1.240000000000000000e+02
1.190000000000000000e+02
1.140000000000000000e+02
1.100000000000000000e+02
