7.300000000000000000e+01
7.600000000000000000e+01
8.200000000000000000e+01
8.400000000000000000e+01
8.400000000000000000e+01
8.500000000000000000e+01
8.800000000000000000e+01
9.200000000000000000e+01
9.300000000000000000e+01
9.300000000000000000e+01
9.600000000000000000e+01
9.700000000000000000e+01
9.700000000000000000e+01
9.700000000000000000e+01
9.700000000000000000e+01
9.700000000000000000e+01
9.700000000000000000e+01
9.700000000000000000e+01
9.700000000000000000e+01
9.700000000000000000e+01
9.700000000000000000e+01
9.700000000000000000e+01
9.700000000000000000e+01
9.700000000000000000e+01
9.700000000000000000e+01
9.700000000000000000e+01
9.700000000000000000e+01
9.700000000000000000e+01
9.700000000000000000e+01
9.700000000000000000e+01
9.700000000000000000e+01
9.700000000000000000e+01
9.700000000000000000e+01
9.700000000000000000e+01
9.700000000000000000e+01
9.700000000000000000e+01
9.700000000000000000e+01
9.700000000000000000e+01
9.700000000000000000e+01
9.700000000000000000e+01
9.700000000000000000e+01
9.700000000000000000e+01
9.700000000000000000e+01
9.700000000000000000e+01
9.700000000000000000e+01
9.700000000000000000e+01
9.700000000000000000e+01
9.700000000000000000e+01
9.700000000000000000e+01
9.700000000000000000e+01
9.700000000000000000e+01
9.700000000000000000e+01
9.700000000000000000e+01
9.700000000000000000e+01
9.700000000000000000e+01
9.700000000000000000e+01
9.700000000000000000e+01
9.700000000000000000e+01
9.700000000000000000e+01
9.700000000000000000e+01
9.700000000000000000e+01
9.700000000000000000e+01
9.700000000000000000e+01
9.700000000000000000e+01
8.900000000000000000e+01
8.100000000000000000e+01
7.500000000000000000e+01
6.600000000000000000e+01
5.900000000000000000e+01
5.400000000000000000e+01
4.600000000000000000e+01
3.700000000000000000e+01
3.400000000000000000e+01
2.700000000000000000e+01
2.400000000000000000e+01
1.700000000000000000e+01
1.400000000000000000e+01
2.000000000000000000e+00
0.000000000000000000e+00
0.000000000000000000e+00
0.000000000000000000e+00
0.000000000000000000e+00
0.000000000000000000e+00
0.000000000000000000e+00
0.000000000000000000e+00
0.000000000000000000e+00
0.000000000000000000e+00
0.000000000000000000e+00
0.000000000000000000e+00
0.000000000000000000e+00
0.000000000000000000e+00
0.000000000000000000e+00
0.000000000000000000e+00
0.000000000000000000e+00
0.000000000000000000e+00
0.000000000000000000e+00
0.000000000000000000e+00
0.000000000000000000e+00
0.000000000000000000e+00
0.000000000000000000e+00
0.000000000000000000e+00
0.000000000000000000e+00
0.000000000000000000e+00
0.000000000000000000e+00
0.000000000000000000e+00
0.000000000000000000e+00
0.000000000000000000e+00
0.000000000000000000e+00
0.000000000000000000e+00
0.000000000000000000e+00
0.000000000000000000e+00
0.000000000000000000e+00
0.000000000000000000e+00
0.000000000000000000e+00
0.000000000000000000e+00
0.000000000000000000e+00
0.000000000000000000e+00
0.000000000000000000e+00
0.000000000000000000e+00
0.000000000000000000e+00
0.000000000000000000e+00
0.000000000000000000e+00
0.000000000000000000e+00
0.000000000000000000e+00
0.000000000000000000e+00
0.000000000000000000e+00
0.000000000000000000e+00
0.000000000000000000e+00
