0.000000000000000000e+00
0.000000000000000000e+00
0.000000000000000000e+00
0.000000000000000000e+00
0.000000000000000000e+00
0.000000000000000000e+00
0.000000000000000000e+00
0.000000000000000000e+00
0.000000000000000000e+00
0.000000000000000000e+00
0.000000000000000000e+00
0.000000000000000000e+00
0.000000000000000000e+00
0.000000000000000000e+00
0.000000000000000000e+00
0.000000000000000000e+00
0.000000000000000000e+00
0.000000000000000000e+00
0.000000000000000000e+00
0.000000000000000000e+00
0.000000000000000000e+00
0.000000000000000000e+00
0.000000000000000000e+00
0.000000000000000000e+00
0.000000000000000000e+00
0.000000000000000000e+00
0.000000000000000000e+00
0.000000000000000000e+00
0.000000000000000000e+00
0.000000000000000000e+00
0.000000000000000000e+00
0.000000000000000000e+00
0.000000000000000000e+00
0.000000000000000000e+00
4.000000000000000000e+00
1.100000000000000000e+01
1.100000000000000000e+01
1.700000000000000000e+01
2.400000000000000000e+01
3.600000000000000000e+01
4.100000000000000000e+01
4.100000000000000000e+01
4.900000000000000000e+01
6.000000000000000000e+01
7.400000000000000000e+01
7.400000000000000000e+01
8.700000000000000000e+01
9.900000000000000000e+01
1.100000000000000000e+02
1.140000000000000000e+02
1.140000000000000000e+02
1.180000000000000000e+02
1.240000000000000000e+02
1.320000000000000000e+02
1.320000000000000000e+02
1.400000000000000000e+02
1.450000000000000000e+02
1.490000000000000000e+02
1.580000000000000000e+02
1.580000000000000000e+02
1.630000000000000000e+02
1.710000000000000000e+02
1.790000000000000000e+02
1.790000000000000000e+02
1.890000000000000000e+02
1.890000000000000000e+02
1.890000000000000000e+02
1.890000000000000000e+02
1.890000000000000000e+02
1.890000000000000000e+02
1.890000000000000000e+02
1.890000000000000000e+02
1.890000000000000000e+02
1.890000000000000000e+02
1.890000000000000000e+02
1.890000000000000000e+02
1.890000000000000000e+02
1.890000000000000000e+02
1.890000000000000000e+02
1.890000000000000000e+02
1.890000000000000000e+02
1.890000000000000000e+02
1.890000000000000000e+02
1.890000000000000000e+02
1.890000000000000000e+02
1.890000000000000000e+02
1.890000000000000000e+02
1.890000000000000000e+02
1.890000000000000000e+02
1.890000000000000000e+02
1.890000000000000000e+02
1.890000000000000000e+02
1.890000000000000000e+02
1.890000000000000000e+02
1.890000000000000000e+02
1.890000000000000000e+02
1.890000000000000000e+02
1.890000000000000000e+02
1.890000000000000000e+02
1.880000000000000000e+02
1.870000000000000000e+02
1.870000000000000000e+02
1.870000000000000000e+02
1.840000000000000000e+02
1.840000000000000000e+02
1.830000000000000000e+02
1.830000000000000000e+02
1.820000000000000000e+02
1.770000000000000000e+02
1.720000000000000000e+02
1.710000000000000000e+02
1.660000000000000000e+02
1.650000000000000000e+02
1.610000000000000000e+02
1.560000000000000000e+02
1.510000000000000000e+02
1.470000000000000000e+02
1.440000000000000000e+02
1.390000000000000000e+02
1.350000000000000000e+02
1.290000000000000000e+02
1.250000000000000000e+02
1.180000000000000000e+02
1.150000000000000000e+02
1.090000000000000000e+02
1.080000000000000000e+02
1.050000000000000000e+02
9.800000000000000000e+01
