0.000000000000000000e+00
0.000000000000000000e+00
0.000000000000000000e+00
0.000000000000000000e+00
0.000000000000000000e+00
0.000000000000000000e+00
0.000000000000000000e+00
0.000000000000000000e+00
0.000000000000000000e+00
0.000000000000000000e+00
0.000000000000000000e+00
0.000000000000000000e+00
0.000000000000000000e+00
0.000000000000000000e+00
0.000000000000000000e+00
0.000000000000000000e+00
0.000000000000000000e+00
0.000000000000000000e+00
0.000000000000000000e+00
0.000000000000000000e+00
0.000000000000000000e+00
0.000000000000000000e+00
0.000000000000000000e+00
0.000000000000000000e+00
0.000000000000000000e+00
0.000000000000000000e+00
0.000000000000000000e+00
0.000000000000000000e+00
1.000000000000000000e+00
4.000000000000000000e+00
7.000000000000000000e+00
7.000000000000000000e+00
8.000000000000000000e+00
1.500000000000000000e+01
2.000000000000000000e+01
2.600000000000000000e+01
2.600000000000000000e+01
3.200000000000000000e+01
4.100000000000000000e+01
4.800000000000000000e+01
5.100000000000000000e+01
5.100000000000000000e+01
5.800000000000000000e+01
6.800000000000000000e+01
7.400000000000000000e+01
7.400000000000000000e+01
8.100000000000000000e+01
8.900000000000000000e+01
1.000000000000000000e+02
1.050000000000000000e+02
1.050000000000000000e+02
1.160000000000000000e+02
1.230000000000000000e+02
1.320000000000000000e+02
1.320000000000000000e+02
1.400000000000000000e+02
1.490000000000000000e+02
1.530000000000000000e+02
1.570000000000000000e+02
1.570000000000000000e+02
1.680000000000000000e+02
1.740000000000000000e+02
1.860000000000000000e+02
1.860000000000000000e+02
1.960000000000000000e+02
1.960000000000000000e+02
1.960000000000000000e+02
1.960000000000000000e+02
1.960000000000000000e+02
1.960000000000000000e+02
1.960000000000000000e+02
1.960000000000000000e+02
1.960000000000000000e+02
1.960000000000000000e+02
1.960000000000000000e+02
1.960000000000000000e+02
1.960000000000000000e+02
1.960000000000000000e+02
1.960000000000000000e+02
1.960000000000000000e+02
1.960000000000000000e+02
1.960000000000000000e+02
1.960000000000000000e+02
1.960000000000000000e+02
1.960000000000000000e+02
1.960000000000000000e+02
1.960000000000000000e+02
1.960000000000000000e+02
1.960000000000000000e+02
1.960000000000000000e+02
1.960000000000000000e+02
1.960000000000000000e+02
1.960000000000000000e+02
1.960000000000000000e+02
1.960000000000000000e+02
1.960000000000000000e+02
1.960000000000000000e+02
1.950000000000000000e+02
1.950000000000000000e+02
1.950000000000000000e+02
1.950000000000000000e+02
1.950000000000000000e+02
1.950000000000000000e+02
1.950000000000000000e+02
1.940000000000000000e+02
1.930000000000000000e+02
1.900000000000000000e+02
1.860000000000000000e+02
1.830000000000000000e+02
1.770000000000000000e+02
1.730000000000000000e+02
1.700000000000000000e+02
1.670000000000000000e+02
1.640000000000000000e+02
1.620000000000000000e+02
1.570000000000000000e+02
1.550000000000000000e+02
1.530000000000000000e+02
1.490000000000000000e+02
1.430000000000000000e+02
1.390000000000000000e+02
1.360000000000000000e+02
1.310000000000000000e+02
1.310000000000000000e+02
1.290000000000000000e+02
1.240000000000000000e+02
1.190000000000000000e+02
1.130000000000000000e+02
