3.200000000000000000e+01
3.300000000000000000e+01
3.300000000000000000e+01
3.400000000000000000e+01
3.400000000000000000e+01
3.600000000000000000e+01
3.700000000000000000e+01
3.700000000000000000e+01
3.700000000000000000e+01
3.700000000000000000e+01
3.700000000000000000e+01
3.700000000000000000e+01
3.700000000000000000e+01
3.700000000000000000e+01
3.700000000000000000e+01
3.700000000000000000e+01
3.700000000000000000e+01
3.700000000000000000e+01
3.700000000000000000e+01
3.700000000000000000e+01
3.700000000000000000e+01
3.700000000000000000e+01
3.700000000000000000e+01
3.700000000000000000e+01
3.700000000000000000e+01
3.700000000000000000e+01
3.700000000000000000e+01
3.700000000000000000e+01
3.700000000000000000e+01
3.700000000000000000e+01
3.700000000000000000e+01
3.700000000000000000e+01
3.700000000000000000e+01
3.700000000000000000e+01
3.700000000000000000e+01
3.700000000000000000e+01
3.700000000000000000e+01
3.700000000000000000e+01
3.700000000000000000e+01
3.700000000000000000e+01
3.700000000000000000e+01
3.700000000000000000e+01
4.800000000000000000e+01
5.600000000000000000e+01
5.900000000000000000e+01
5.900000000000000000e+01
6.200000000000000000e+01
6.900000000000000000e+01
7.600000000000000000e+01
8.700000000000000000e+01
8.700000000000000000e+01
9.900000000000000000e+01
1.090000000000000000e+02
1.140000000000000000e+02
1.140000000000000000e+02
1.250000000000000000e+02
1.350000000000000000e+02
1.390000000000000000e+02
1.500000000000000000e+02
1.500000000000000000e+02
1.580000000000000000e+02
1.630000000000000000e+02
1.750000000000000000e+02
1.750000000000000000e+02
1.790000000000000000e+02
1.730000000000000000e+02
1.690000000000000000e+02
1.650000000000000000e+02
1.580000000000000000e+02
1.490000000000000000e+02
1.450000000000000000e+02
1.450000000000000000e+02
1.450000000000000000e+02
1.450000000000000000e+02
1.450000000000000000e+02
1.450000000000000000e+02
1.450000000000000000e+02
1.450000000000000000e+02
1.450000000000000000e+02
1.450000000000000000e+02
1.450000000000000000e+02
1.450000000000000000e+02
1.450000000000000000e+02
1.450000000000000000e+02
1.450000000000000000e+02
1.450000000000000000e+02
1.450000000000000000e+02
1.450000000000000000e+02
1.450000000000000000e+02
1.450000000000000000e+02
1.450000000000000000e+02
1.450000000000000000e+02
1.450000000000000000e+02
1.450000000000000000e+02
1.450000000000000000e+02
1.450000000000000000e+02
1.450000000000000000e+02
1.450000000000000000e+02
1.450000000000000000e+02
1.450000000000000000e+02
1.450000000000000000e+02
1.450000000000000000e+02
1.450000000000000000e+02
1.450000000000000000e+02
1.450000000000000000e+02
1.450000000000000000e+02
1.450000000000000000e+02
1.430000000000000000e+02
1.430000000000000000e+02
1.410000000000000000e+02
1.410000000000000000e+02
1.410000000000000000e+02
1.410000000000000000e+02
1.360000000000000000e+02
1.330000000000000000e+02
1.320000000000000000e+02
1.300000000000000000e+02
1.300000000000000000e+02
1.290000000000000000e+02
1.270000000000000000e+02
1.190000000000000000e+02
1.180000000000000000e+02
1.150000000000000000e+02
1.100000000000000000e+02
1.100000000000000000e+02
1.020000000000000000e+02
9.700000000000000000e+01
9.100000000000000000e+01
