0.000000000000000000e+00
0.000000000000000000e+00
0.000000000000000000e+00
0.000000000000000000e+00
0.000000000000000000e+00
0.000000000000000000e+00
0.000000000000000000e+00
0.000000000000000000e+00
0.000000000000000000e+00
0.000000000000000000e+00
0.000000000000000000e+00
0.000000000000000000e+00
0.000000000000000000e+00
0.000000000000000000e+00
0.000000000000000000e+00
0.000000000000000000e+00
0.000000000000000000e+00
0.000000000000000000e+00
0.000000000000000000e+00
0.000000000000000000e+00
0.000000000000000000e+00
0.000000000000000000e+00
0.000000000000000000e+00
0.000000000000000000e+00
0.000000000000000000e+00
0.000000000000000000e+00
0.000000000000000000e+00
0.000000000000000000e+00
0.000000000000000000e+00
0.000000000000000000e+00
0.000000000000000000e+00
0.000000000000000000e+00
0.000000000000000000e+00
0.000000000000000000e+00
0.000000000000000000e+00
0.000000000000000000e+00
0.000000000000000000e+00
0.000000000000000000e+00
0.000000000000000000e+00
0.000000000000000000e+00
0.000000000000000000e+00
0.000000000000000000e+00
6.000000000000000000e+00
1.500000000000000000e+01
2.500000000000000000e+01
2.500000000000000000e+01
3.400000000000000000e+01
3.900000000000000000e+01
4.700000000000000000e+01
5.100000000000000000e+01
5.100000000000000000e+01
5.500000000000000000e+01
6.500000000000000000e+01
7.500000000000000000e+01
7.500000000000000000e+01
8.300000000000000000e+01
9.200000000000000000e+01
1.030000000000000000e+02
1.120000000000000000e+02
1.120000000000000000e+02
1.210000000000000000e+02
1.250000000000000000e+02
1.290000000000000000e+02
1.290000000000000000e+02
1.370000000000000000e+02
1.370000000000000000e+02
1.370000000000000000e+02
1.370000000000000000e+02
1.370000000000000000e+02
1.370000000000000000e+02
1.370000000000000000e+02
1.370000000000000000e+02
1.370000000000000000e+02
1.370000000000000000e+02
1.370000000000000000e+02
1.370000000000000000e+02
1.370000000000000000e+02
1.370000000000000000e+02
1.370000000000000000e+02
1.370000000000000000e+02
1.370000000000000000e+02
1.370000000000000000e+02
1.370000000000000000e+02
1.370000000000000000e+02
1.370000000000000000e+02
1.370000000000000000e+02
1.370000000000000000e+02
1.370000000000000000e+02
1.370000000000000000e+02
1.370000000000000000e+02
1.370000000000000000e+02
1.370000000000000000e+02
1.370000000000000000e+02
1.370000000000000000e+02
1.370000000000000000e+02
1.370000000000000000e+02
1.370000000000000000e+02
1.370000000000000000e+02
1.370000000000000000e+02
1.370000000000000000e+02
1.370000000000000000e+02
1.370000000000000000e+02
1.370000000000000000e+02
1.370000000000000000e+02
1.370000000000000000e+02
1.370000000000000000e+02
1.370000000000000000e+02
1.360000000000000000e+02
1.360000000000000000e+02
1.320000000000000000e+02
1.300000000000000000e+02
1.290000000000000000e+02
1.280000000000000000e+02
1.260000000000000000e+02
1.240000000000000000e+02
1.220000000000000000e+02
1.210000000000000000e+02
1.200000000000000000e+02
1.160000000000000000e+02
1.140000000000000000e+02
1.110000000000000000e+02
1.060000000000000000e+02
1.050000000000000000e+02
1.010000000000000000e+02
9.700000000000000000e+01
9.600000000000000000e+01
9.100000000000000000e+01
9.000000000000000000e+01
