0.000000000000000000e+00
0.000000000000000000e+00
0.000000000000000000e+00
0.000000000000000000e+00
0.000000000000000000e+00
0.000000000000000000e+00
0.000000000000000000e+00
0.000000000000000000e+00
0.000000000000000000e+00
0.000000000000000000e+00
0.000000000000000000e+00
0.000000000000000000e+00
0.000000000000000000e+00
0.000000000000000000e+00
0.000000000000000000e+00
0.000000000000000000e+00
0.000000000000000000e+00
0.000000000000000000e+00
0.000000000000000000e+00
0.000000000000000000e+00
0.000000000000000000e+00
0.000000000000000000e+00
0.000000000000000000e+00
0.000000000000000000e+00
0.000000000000000000e+00
0.000000000000000000e+00
0.000000000000000000e+00
0.000000000000000000e+00
0.000000000000000000e+00
0.000000000000000000e+00
0.000000000000000000e+00
0.000000000000000000e+00
0.000000000000000000e+00
0.000000000000000000e+00
0.000000000000000000e+00
0.000000000000000000e+00
0.000000000000000000e+00
0.000000000000000000e+00
0.000000000000000000e+00
0.000000000000000000e+00
0.000000000000000000e+00
0.000000000000000000e+00
0.000000000000000000e+00
0.000000000000000000e+00
0.000000000000000000e+00
0.000000000000000000e+00
0.000000000000000000e+00
0.000000000000000000e+00
0.000000000000000000e+00
0.000000000000000000e+00
0.000000000000000000e+00
0.000000000000000000e+00
1.000000000000000000e+00
6.000000000000000000e+00
6.000000000000000000e+00
1.500000000000000000e+01
2.300000000000000000e+01
3.100000000000000000e+01
4.200000000000000000e+01
4.200000000000000000e+01
5.000000000000000000e+01
5.900000000000000000e+01
6.500000000000000000e+01
6.500000000000000000e+01
6.900000000000000000e+01
6.900000000000000000e+01
6.900000000000000000e+01
6.900000000000000000e+01
6.900000000000000000e+01
6.900000000000000000e+01
6.900000000000000000e+01
6.900000000000000000e+01
6.900000000000000000e+01
6.900000000000000000e+01
6.900000000000000000e+01
6.900000000000000000e+01
6.900000000000000000e+01
6.900000000000000000e+01
6.900000000000000000e+01
6.900000000000000000e+01
6.900000000000000000e+01
6.900000000000000000e+01
6.900000000000000000e+01
6.900000000000000000e+01
6.900000000000000000e+01
6.900000000000000000e+01
6.900000000000000000e+01
6.900000000000000000e+01
6.900000000000000000e+01
6.900000000000000000e+01
6.900000000000000000e+01
6.900000000000000000e+01
6.900000000000000000e+01
6.900000000000000000e+01
6.900000000000000000e+01
6.900000000000000000e+01
6.900000000000000000e+01
6.900000000000000000e+01
6.900000000000000000e+01
6.900000000000000000e+01
6.900000000000000000e+01
6.900000000000000000e+01
6.900000000000000000e+01
6.900000000000000000e+01
6.900000000000000000e+01
6.900000000000000000e+01
6.900000000000000000e+01
6.900000000000000000e+01
6.900000000000000000e+01
6.900000000000000000e+01
6.900000000000000000e+01
6.900000000000000000e+01
6.900000000000000000e+01
6.900000000000000000e+01
6.900000000000000000e+01
6.900000000000000000e+01
6.900000000000000000e+01
6.800000000000000000e+01
6.800000000000000000e+01
6.800000000000000000e+01
6.600000000000000000e+01
6.500000000000000000e+01
6.400000000000000000e+01
6.300000000000000000e+01
6.100000000000000000e+01
5.900000000000000000e+01
5.700000000000000000e+01
5.400000000000000000e+01
