0.000000000000000000e+00
0.000000000000000000e+00
0.000000000000000000e+00
0.000000000000000000e+00
0.000000000000000000e+00
0.000000000000000000e+00
0.000000000000000000e+00
0.000000000000000000e+00
0.000000000000000000e+00
0.000000000000000000e+00
0.000000000000000000e+00
0.000000000000000000e+00
0.000000000000000000e+00
0.000000000000000000e+00
0.000000000000000000e+00
0.000000000000000000e+00
0.000000000000000000e+00
0.000000000000000000e+00
0.000000000000000000e+00
0.000000000000000000e+00
0.000000000000000000e+00
0.000000000000000000e+00
0.000000000000000000e+00
0.000000000000000000e+00
2.000000000000000000e+00
5.000000000000000000e+00
8.000000000000000000e+00
8.000000000000000000e+00
2.100000000000000000e+01
3.500000000000000000e+01
4.400000000000000000e+01
4.400000000000000000e+01
5.100000000000000000e+01
6.200000000000000000e+01
7.000000000000000000e+01
8.100000000000000000e+01
8.100000000000000000e+01
8.600000000000000000e+01
9.200000000000000000e+01
9.800000000000000000e+01
1.030000000000000000e+02
1.030000000000000000e+02
1.090000000000000000e+02
1.140000000000000000e+02
1.250000000000000000e+02
1.250000000000000000e+02
1.330000000000000000e+02
1.370000000000000000e+02
1.440000000000000000e+02
1.510000000000000000e+02
1.510000000000000000e+02
1.610000000000000000e+02
1.680000000000000000e+02
1.770000000000000000e+02
1.770000000000000000e+02
1.830000000000000000e+02
1.870000000000000000e+02
1.950000000000000000e+02
2.040000000000000000e+02
2.040000000000000000e+02
2.080000000000000000e+02
2.200000000000000000e+02
2.270000000000000000e+02
2.270000000000000000e+02
2.350000000000000000e+02
2.350000000000000000e+02
2.350000000000000000e+02
2.350000000000000000e+02
2.350000000000000000e+02
2.350000000000000000e+02
2.350000000000000000e+02
2.350000000000000000e+02
2.350000000000000000e+02
2.350000000000000000e+02
2.350000000000000000e+02
2.350000000000000000e+02
2.350000000000000000e+02
2.350000000000000000e+02
2.350000000000000000e+02
2.350000000000000000e+02
2.350000000000000000e+02
2.350000000000000000e+02
2.350000000000000000e+02
2.350000000000000000e+02
2.350000000000000000e+02
2.350000000000000000e+02
2.350000000000000000e+02
2.350000000000000000e+02
2.350000000000000000e+02
2.350000000000000000e+02
2.350000000000000000e+02
2.350000000000000000e+02
2.340000000000000000e+02
2.340000000000000000e+02
2.330000000000000000e+02
2.320000000000000000e+02
2.310000000000000000e+02
2.310000000000000000e+02
2.290000000000000000e+02
2.230000000000000000e+02
2.210000000000000000e+02
2.190000000000000000e+02
2.160000000000000000e+02
2.150000000000000000e+02
2.120000000000000000e+02
2.080000000000000000e+02
2.040000000000000000e+02
2.010000000000000000e+02
2.000000000000000000e+02
1.950000000000000000e+02
1.920000000000000000e+02
1.880000000000000000e+02
1.850000000000000000e+02
1.840000000000000000e+02
1.810000000000000000e+02
1.750000000000000000e+02
1.720000000000000000e+02
1.680000000000000000e+02
1.640000000000000000e+02
1.590000000000000000e+02
1.550000000000000000e+02
1.520000000000000000e+02
1.430000000000000000e+02
1.360000000000000000e+02
1.310000000000000000e+02
1.250000000000000000e+02
1.180000000000000000e+02
1.160000000000000000e+02
