0.000000000000000000e+00
0.000000000000000000e+00
0.000000000000000000e+00
0.000000000000000000e+00
0.000000000000000000e+00
0.000000000000000000e+00
0.000000000000000000e+00
0.000000000000000000e+00
0.000000000000000000e+00
0.000000000000000000e+00
0.000000000000000000e+00
0.000000000000000000e+00
0.000000000000000000e+00
0.000000000000000000e+00
0.000000000000000000e+00
0.000000000000000000e+00
0.000000000000000000e+00
0.000000000000000000e+00
0.000000000000000000e+00
0.000000000000000000e+00
0.000000000000000000e+00
0.000000000000000000e+00
0.000000000000000000e+00
2.000000000000000000e+00
7.000000000000000000e+00
1.200000000000000000e+01
1.300000000000000000e+01
1.300000000000000000e+01
1.400000000000000000e+01
1.400000000000000000e+01
1.400000000000000000e+01
1.400000000000000000e+01
1.400000000000000000e+01
1.400000000000000000e+01
1.400000000000000000e+01
1.400000000000000000e+01
1.400000000000000000e+01
1.400000000000000000e+01
1.400000000000000000e+01
1.400000000000000000e+01
1.400000000000000000e+01
1.400000000000000000e+01
2.100000000000000000e+01
2.800000000000000000e+01
3.200000000000000000e+01
3.200000000000000000e+01
4.000000000000000000e+01
4.500000000000000000e+01
5.300000000000000000e+01
6.500000000000000000e+01
6.500000000000000000e+01
7.600000000000000000e+01
8.600000000000000000e+01
9.200000000000000000e+01
9.200000000000000000e+01
1.000000000000000000e+02
1.060000000000000000e+02
1.160000000000000000e+02
1.250000000000000000e+02
1.250000000000000000e+02
1.340000000000000000e+02
1.370000000000000000e+02
1.450000000000000000e+02
1.450000000000000000e+02
1.540000000000000000e+02
1.540000000000000000e+02
1.540000000000000000e+02
1.540000000000000000e+02
1.540000000000000000e+02
1.540000000000000000e+02
1.540000000000000000e+02
1.540000000000000000e+02
1.540000000000000000e+02
1.540000000000000000e+02
1.540000000000000000e+02
1.540000000000000000e+02
1.540000000000000000e+02
1.540000000000000000e+02
1.540000000000000000e+02
1.540000000000000000e+02
1.540000000000000000e+02
1.540000000000000000e+02
1.540000000000000000e+02
1.540000000000000000e+02
1.540000000000000000e+02
1.540000000000000000e+02
1.540000000000000000e+02
1.540000000000000000e+02
1.540000000000000000e+02
1.530000000000000000e+02
1.530000000000000000e+02
1.530000000000000000e+02
1.520000000000000000e+02
1.500000000000000000e+02
1.480000000000000000e+02
1.480000000000000000e+02
1.470000000000000000e+02
1.470000000000000000e+02
1.470000000000000000e+02
1.470000000000000000e+02
1.460000000000000000e+02
1.450000000000000000e+02
1.450000000000000000e+02
1.450000000000000000e+02
1.450000000000000000e+02
1.440000000000000000e+02
1.430000000000000000e+02
1.410000000000000000e+02
1.410000000000000000e+02
1.400000000000000000e+02
1.400000000000000000e+02
1.380000000000000000e+02
1.370000000000000000e+02
1.320000000000000000e+02
1.300000000000000000e+02
1.280000000000000000e+02
1.270000000000000000e+02
1.220000000000000000e+02
1.220000000000000000e+02
1.190000000000000000e+02
1.180000000000000000e+02
1.160000000000000000e+02
1.150000000000000000e+02
1.100000000000000000e+02
1.050000000000000000e+02
1.000000000000000000e+02
1.000000000000000000e+02
9.600000000000000000e+01
