0.000000000000000000e+00
0.000000000000000000e+00
0.000000000000000000e+00
0.000000000000000000e+00
0.000000000000000000e+00
0.000000000000000000e+00
0.000000000000000000e+00
0.000000000000000000e+00
0.000000000000000000e+00
0.000000000000000000e+00
0.000000000000000000e+00
0.000000000000000000e+00
0.000000000000000000e+00
0.000000000000000000e+00
0.000000000000000000e+00
0.000000000000000000e+00
0.000000000000000000e+00
0.000000000000000000e+00
0.000000000000000000e+00
0.000000000000000000e+00
0.000000000000000000e+00
0.000000000000000000e+00
0.000000000000000000e+00
0.000000000000000000e+00
0.000000000000000000e+00
0.000000000000000000e+00
0.000000000000000000e+00
0.000000000000000000e+00
0.000000000000000000e+00
0.000000000000000000e+00
0.000000000000000000e+00
0.000000000000000000e+00
0.000000000000000000e+00
0.000000000000000000e+00
0.000000000000000000e+00
0.000000000000000000e+00
0.000000000000000000e+00
0.000000000000000000e+00
0.000000000000000000e+00
0.000000000000000000e+00
0.000000000000000000e+00
0.000000000000000000e+00
0.000000000000000000e+00
0.000000000000000000e+00
0.000000000000000000e+00
0.000000000000000000e+00
0.000000000000000000e+00
0.000000000000000000e+00
9.000000000000000000e+00
1.900000000000000000e+01
1.900000000000000000e+01
2.400000000000000000e+01
2.900000000000000000e+01
4.000000000000000000e+01
4.000000000000000000e+01
4.600000000000000000e+01
5.300000000000000000e+01
6.200000000000000000e+01
6.500000000000000000e+01
6.500000000000000000e+01
7.100000000000000000e+01
8.100000000000000000e+01
8.800000000000000000e+01
8.800000000000000000e+01
9.200000000000000000e+01
9.200000000000000000e+01
9.200000000000000000e+01
9.200000000000000000e+01
9.200000000000000000e+01
9.200000000000000000e+01
9.200000000000000000e+01
9.200000000000000000e+01
9.200000000000000000e+01
9.200000000000000000e+01
9.200000000000000000e+01
9.200000000000000000e+01
9.200000000000000000e+01
9.200000000000000000e+01
9.200000000000000000e+01
9.200000000000000000e+01
9.200000000000000000e+01
9.200000000000000000e+01
9.200000000000000000e+01
9.200000000000000000e+01
9.200000000000000000e+01
9.200000000000000000e+01
9.200000000000000000e+01
9.200000000000000000e+01
9.200000000000000000e+01
9.200000000000000000e+01
9.200000000000000000e+01
9.200000000000000000e+01
9.200000000000000000e+01
9.200000000000000000e+01
9.200000000000000000e+01
9.200000000000000000e+01
9.200000000000000000e+01
9.200000000000000000e+01
9.200000000000000000e+01
9.200000000000000000e+01
9.200000000000000000e+01
9.200000000000000000e+01
9.200000000000000000e+01
9.200000000000000000e+01
9.200000000000000000e+01
9.200000000000000000e+01
9.200000000000000000e+01
9.200000000000000000e+01
9.200000000000000000e+01
9.200000000000000000e+01
9.200000000000000000e+01
9.200000000000000000e+01
9.200000000000000000e+01
9.200000000000000000e+01
9.100000000000000000e+01
9.000000000000000000e+01
8.900000000000000000e+01
8.900000000000000000e+01
8.800000000000000000e+01
8.600000000000000000e+01
8.300000000000000000e+01
8.100000000000000000e+01
7.500000000000000000e+01
7.300000000000000000e+01
6.800000000000000000e+01
6.500000000000000000e+01
6.400000000000000000e+01
6.100000000000000000e+01
