0.000000000000000000e+00
1.140000000000000000e+02
1.190000000000000000e+02
1.240000000000000000e+02
1.270000000000000000e+02
1.320000000000000000e+02
1.350000000000000000e+02
1.390000000000000000e+02
1.440000000000000000e+02
1.470000000000000000e+02
1.500000000000000000e+02
1.520000000000000000e+02
1.540000000000000000e+02
1.580000000000000000e+02
1.580000000000000000e+02
1.620000000000000000e+02
1.570000000000000000e+02
1.520000000000000000e+02
1.460000000000000000e+02
1.410000000000000000e+02
1.360000000000000000e+02
1.310000000000000000e+02
1.260000000000000000e+02
1.230000000000000000e+02
1.200000000000000000e+02
1.130000000000000000e+02
1.120000000000000000e+02
1.030000000000000000e+02
1.000000000000000000e+02
9.900000000000000000e+01
9.500000000000000000e+01
9.200000000000000000e+01
8.900000000000000000e+01
8.500000000000000000e+01
8.400000000000000000e+01
8.100000000000000000e+01
7.900000000000000000e+01
7.800000000000000000e+01
7.500000000000000000e+01
7.000000000000000000e+01
6.800000000000000000e+01
6.500000000000000000e+01
6.300000000000000000e+01
5.700000000000000000e+01
5.400000000000000000e+01
5.300000000000000000e+01
4.900000000000000000e+01
4.500000000000000000e+01
4.200000000000000000e+01
3.800000000000000000e+01
3.700000000000000000e+01
3.500000000000000000e+01
3.300000000000000000e+01
2.900000000000000000e+01
2.700000000000000000e+01
2.600000000000000000e+01
2.600000000000000000e+01
2.400000000000000000e+01
2.300000000000000000e+01
2.200000000000000000e+01
2.100000000000000000e+01
2.000000000000000000e+01
2.000000000000000000e+01
2.000000000000000000e+01
2.000000000000000000e+01
1.900000000000000000e+01
1.800000000000000000e+01
1.800000000000000000e+01
1.800000000000000000e+01
1.700000000000000000e+01
1.500000000000000000e+01
1.400000000000000000e+01
1.200000000000000000e+01
1.100000000000000000e+01
1.100000000000000000e+01
1.000000000000000000e+01
8.000000000000000000e+00
6.000000000000000000e+00
6.000000000000000000e+00
5.000000000000000000e+00
5.000000000000000000e+00
4.000000000000000000e+00
4.000000000000000000e+00
4.000000000000000000e+00
4.000000000000000000e+00
4.000000000000000000e+00
4.000000000000000000e+00
4.000000000000000000e+00
4.000000000000000000e+00
4.000000000000000000e+00
4.000000000000000000e+00
4.000000000000000000e+00
3.000000000000000000e+00
3.000000000000000000e+00
3.000000000000000000e+00
2.000000000000000000e+00
