0.000000000000000000e+00
9.600000000000000000e+01
9.900000000000000000e+01
1.010000000000000000e+02
1.020000000000000000e+02
1.020000000000000000e+02
1.050000000000000000e+02
1.080000000000000000e+02
1.100000000000000000e+02
1.130000000000000000e+02
1.140000000000000000e+02
1.150000000000000000e+02
1.100000000000000000e+02
1.100000000000000000e+02
1.110000000000000000e+02
1.100000000000000000e+02
1.060000000000000000e+02
1.040000000000000000e+02
9.900000000000000000e+01
9.500000000000000000e+01
9.100000000000000000e+01
8.700000000000000000e+01
8.300000000000000000e+01
8.000000000000000000e+01
7.700000000000000000e+01
7.000000000000000000e+01
6.900000000000000000e+01
6.000000000000000000e+01
5.700000000000000000e+01
5.600000000000000000e+01
5.200000000000000000e+01
4.900000000000000000e+01
4.600000000000000000e+01
4.200000000000000000e+01
4.100000000000000000e+01
3.800000000000000000e+01
3.600000000000000000e+01
3.400000000000000000e+01
3.100000000000000000e+01
2.600000000000000000e+01
2.400000000000000000e+01
2.400000000000000000e+01
2.400000000000000000e+01
2.100000000000000000e+01
1.900000000000000000e+01
1.900000000000000000e+01
1.900000000000000000e+01
1.900000000000000000e+01
1.600000000000000000e+01
1.500000000000000000e+01
1.500000000000000000e+01
1.300000000000000000e+01
1.300000000000000000e+01
1.300000000000000000e+01
1.100000000000000000e+01
1.000000000000000000e+01
1.000000000000000000e+01
1.000000000000000000e+01
9.000000000000000000e+00
8.000000000000000000e+00
8.000000000000000000e+00
6.000000000000000000e+00
6.000000000000000000e+00
4.000000000000000000e+00
4.000000000000000000e+00
3.000000000000000000e+00
2.000000000000000000e+00
2.000000000000000000e+00
2.000000000000000000e+00
2.000000000000000000e+00
2.000000000000000000e+00
1.000000000000000000e+00
1.000000000000000000e+00
1.000000000000000000e+00
0.000000000000000000e+00
0.000000000000000000e+00
0.000000000000000000e+00
0.000000000000000000e+00
0.000000000000000000e+00
0.000000000000000000e+00
0.000000000000000000e+00
0.000000000000000000e+00
0.000000000000000000e+00
0.000000000000000000e+00
0.000000000000000000e+00
0.000000000000000000e+00
0.000000000000000000e+00
0.000000000000000000e+00
0.000000000000000000e+00
0.000000000000000000e+00
0.000000000000000000e+00
0.000000000000000000e+00
0.000000000000000000e+00
0.000000000000000000e+00
0.000000000000000000e+00
0.000000000000000000e+00
