0.000000000000000000e+00
7.500000000000000000e+01
7.900000000000000000e+01
8.100000000000000000e+01
8.300000000000000000e+01
8.700000000000000000e+01
9.100000000000000000e+01
9.500000000000000000e+01
1.000000000000000000e+02
1.020000000000000000e+02
1.030000000000000000e+02
1.060000000000000000e+02
1.080000000000000000e+02
1.100000000000000000e+02
1.110000000000000000e+02
1.110000000000000000e+02
1.150000000000000000e+02
1.170000000000000000e+02
1.180000000000000000e+02
1.200000000000000000e+02
1.250000000000000000e+02
1.310000000000000000e+02
1.320000000000000000e+02
1.370000000000000000e+02
1.420000000000000000e+02
1.410000000000000000e+02
1.390000000000000000e+02
1.340000000000000000e+02
1.260000000000000000e+02
1.230000000000000000e+02
1.170000000000000000e+02
1.150000000000000000e+02
1.130000000000000000e+02
1.100000000000000000e+02
1.100000000000000000e+02
1.040000000000000000e+02
9.800000000000000000e+01
9.600000000000000000e+01
9.100000000000000000e+01
8.900000000000000000e+01
8.700000000000000000e+01
8.400000000000000000e+01
8.200000000000000000e+01
8.000000000000000000e+01
7.600000000000000000e+01
6.800000000000000000e+01
6.500000000000000000e+01
6.000000000000000000e+01
5.500000000000000000e+01
5.100000000000000000e+01
4.900000000000000000e+01
4.800000000000000000e+01
4.400000000000000000e+01
4.000000000000000000e+01
3.900000000000000000e+01
3.700000000000000000e+01
3.500000000000000000e+01
2.900000000000000000e+01
2.700000000000000000e+01
2.600000000000000000e+01
2.400000000000000000e+01
2.200000000000000000e+01
1.900000000000000000e+01
1.800000000000000000e+01
1.800000000000000000e+01
1.500000000000000000e+01
1.500000000000000000e+01
1.300000000000000000e+01
1.200000000000000000e+01
1.100000000000000000e+01
1.100000000000000000e+01
1.000000000000000000e+01
1.000000000000000000e+01
1.000000000000000000e+01
9.000000000000000000e+00
9.000000000000000000e+00
9.000000000000000000e+00
8.000000000000000000e+00
8.000000000000000000e+00
8.000000000000000000e+00
7.000000000000000000e+00
7.000000000000000000e+00
7.000000000000000000e+00
7.000000000000000000e+00
7.000000000000000000e+00
7.000000000000000000e+00
7.000000000000000000e+00
7.000000000000000000e+00
6.000000000000000000e+00
6.000000000000000000e+00
6.000000000000000000e+00
4.000000000000000000e+00
4.000000000000000000e+00
4.000000000000000000e+00
4.000000000000000000e+00
4.000000000000000000e+00
