2.700000000000000000e+01
2.900000000000000000e+01
3.000000000000000000e+01
3.100000000000000000e+01
3.200000000000000000e+01
3.400000000000000000e+01
3.700000000000000000e+01
3.900000000000000000e+01
4.200000000000000000e+01
4.500000000000000000e+01
4.700000000000000000e+01
5.000000000000000000e+01
5.600000000000000000e+01
6.000000000000000000e+01
6.100000000000000000e+01
6.300000000000000000e+01
6.500000000000000000e+01
6.600000000000000000e+01
7.000000000000000000e+01
7.100000000000000000e+01
8.000000000000000000e+01
8.200000000000000000e+01
8.600000000000000000e+01
8.800000000000000000e+01
9.000000000000000000e+01
9.400000000000000000e+01
9.800000000000000000e+01
1.000000000000000000e+02
1.050000000000000000e+02
1.100000000000000000e+02
1.130000000000000000e+02
1.140000000000000000e+02
1.150000000000000000e+02
1.180000000000000000e+02
1.200000000000000000e+02
1.220000000000000000e+02
1.250000000000000000e+02
1.220000000000000000e+02
1.230000000000000000e+02
1.220000000000000000e+02
1.260000000000000000e+02
1.240000000000000000e+02
1.250000000000000000e+02
1.260000000000000000e+02
1.290000000000000000e+02
1.330000000000000000e+02
1.320000000000000000e+02
1.340000000000000000e+02
1.360000000000000000e+02
1.340000000000000000e+02
1.300000000000000000e+02
1.320000000000000000e+02
1.320000000000000000e+02
1.320000000000000000e+02
1.300000000000000000e+02
1.300000000000000000e+02
1.270000000000000000e+02
1.270000000000000000e+02
1.250000000000000000e+02
1.220000000000000000e+02
1.180000000000000000e+02
1.160000000000000000e+02
1.150000000000000000e+02
1.110000000000000000e+02
1.140000000000000000e+02
1.090000000000000000e+02
1.050000000000000000e+02
9.800000000000000000e+01
9.900000000000000000e+01
9.700000000000000000e+01
9.400000000000000000e+01
9.000000000000000000e+01
9.000000000000000000e+01
8.800000000000000000e+01
8.700000000000000000e+01
8.600000000000000000e+01
8.400000000000000000e+01
8.000000000000000000e+01
7.800000000000000000e+01
7.500000000000000000e+01
7.000000000000000000e+01
6.800000000000000000e+01
6.500000000000000000e+01
5.900000000000000000e+01
5.800000000000000000e+01
5.500000000000000000e+01
5.300000000000000000e+01
5.100000000000000000e+01
4.900000000000000000e+01
4.800000000000000000e+01
4.400000000000000000e+01
4.200000000000000000e+01
3.700000000000000000e+01
3.400000000000000000e+01
3.200000000000000000e+01
3.000000000000000000e+01
