1.680000000000000000e+02
1.660000000000000000e+02
1.720000000000000000e+02
1.720000000000000000e+02
1.710000000000000000e+02
1.750000000000000000e+02
1.710000000000000000e+02
1.760000000000000000e+02
1.770000000000000000e+02
1.710000000000000000e+02
1.740000000000000000e+02
1.740000000000000000e+02
1.730000000000000000e+02
1.710000000000000000e+02
1.690000000000000000e+02
1.680000000000000000e+02
1.690000000000000000e+02
1.680000000000000000e+02
1.670000000000000000e+02
1.640000000000000000e+02
1.640000000000000000e+02
1.600000000000000000e+02
1.580000000000000000e+02
1.580000000000000000e+02
1.610000000000000000e+02
1.600000000000000000e+02
1.610000000000000000e+02
1.610000000000000000e+02
1.630000000000000000e+02
1.620000000000000000e+02
1.620000000000000000e+02
1.620000000000000000e+02
1.600000000000000000e+02
1.570000000000000000e+02
1.540000000000000000e+02
1.540000000000000000e+02
1.550000000000000000e+02
1.550000000000000000e+02
1.530000000000000000e+02
1.540000000000000000e+02
1.530000000000000000e+02
1.530000000000000000e+02
1.530000000000000000e+02
1.520000000000000000e+02
1.540000000000000000e+02
1.530000000000000000e+02
1.500000000000000000e+02
1.490000000000000000e+02
1.550000000000000000e+02
1.530000000000000000e+02
1.520000000000000000e+02
1.510000000000000000e+02
1.560000000000000000e+02
1.540000000000000000e+02
1.500000000000000000e+02
1.470000000000000000e+02
1.450000000000000000e+02
1.390000000000000000e+02
1.370000000000000000e+02
1.350000000000000000e+02
1.270000000000000000e+02
1.240000000000000000e+02
1.230000000000000000e+02
1.190000000000000000e+02
1.160000000000000000e+02
1.120000000000000000e+02
1.070000000000000000e+02
1.040000000000000000e+02
1.020000000000000000e+02
9.600000000000000000e+01
9.400000000000000000e+01
8.900000000000000000e+01
8.600000000000000000e+01
8.500000000000000000e+01
7.800000000000000000e+01
7.700000000000000000e+01
7.300000000000000000e+01
7.000000000000000000e+01
6.900000000000000000e+01
6.700000000000000000e+01
6.500000000000000000e+01
6.100000000000000000e+01
5.600000000000000000e+01
5.400000000000000000e+01
5.000000000000000000e+01
4.900000000000000000e+01
4.800000000000000000e+01
4.700000000000000000e+01
5.000000000000000000e+01
5.200000000000000000e+01
5.900000000000000000e+01
6.400000000000000000e+01
6.300000000000000000e+01
6.200000000000000000e+01
6.100000000000000000e+01
6.400000000000000000e+01
