9.300000000000000000e+01
9.100000000000000000e+01
9.100000000000000000e+01
8.900000000000000000e+01
8.900000000000000000e+01
8.800000000000000000e+01
8.800000000000000000e+01
8.700000000000000000e+01
8.400000000000000000e+01
8.300000000000000000e+01
8.600000000000000000e+01
8.300000000000000000e+01
7.800000000000000000e+01
7.500000000000000000e+01
7.200000000000000000e+01
6.800000000000000000e+01
6.200000000000000000e+01
6.000000000000000000e+01
5.500000000000000000e+01
5.200000000000000000e+01
4.900000000000000000e+01
4.500000000000000000e+01
4.100000000000000000e+01
3.700000000000000000e+01
3.700000000000000000e+01
3.800000000000000000e+01
3.700000000000000000e+01
3.900000000000000000e+01
3.700000000000000000e+01
3.600000000000000000e+01
3.300000000000000000e+01
3.400000000000000000e+01
3.300000000000000000e+01
3.000000000000000000e+01
3.000000000000000000e+01
3.000000000000000000e+01
3.000000000000000000e+01
3.000000000000000000e+01
3.000000000000000000e+01
3.000000000000000000e+01
2.600000000000000000e+01
2.600000000000000000e+01
2.400000000000000000e+01
2.500000000000000000e+01
2.600000000000000000e+01
2.600000000000000000e+01
2.600000000000000000e+01
2.600000000000000000e+01
3.000000000000000000e+01
3.000000000000000000e+01
2.900000000000000000e+01
3.000000000000000000e+01
3.100000000000000000e+01
3.200000000000000000e+01
3.300000000000000000e+01
3.400000000000000000e+01
3.800000000000000000e+01
4.100000000000000000e+01
4.300000000000000000e+01
4.400000000000000000e+01
4.700000000000000000e+01
5.000000000000000000e+01
5.400000000000000000e+01
5.300000000000000000e+01
5.400000000000000000e+01
5.400000000000000000e+01
6.000000000000000000e+01
6.100000000000000000e+01
6.400000000000000000e+01
6.800000000000000000e+01
7.400000000000000000e+01
7.300000000000000000e+01
7.700000000000000000e+01
8.100000000000000000e+01
8.600000000000000000e+01
8.800000000000000000e+01
9.300000000000000000e+01
9.400000000000000000e+01
9.300000000000000000e+01
9.600000000000000000e+01
9.700000000000000000e+01
9.500000000000000000e+01
9.600000000000000000e+01
9.600000000000000000e+01
9.900000000000000000e+01
9.900000000000000000e+01
1.020000000000000000e+02
1.050000000000000000e+02
1.070000000000000000e+02
1.090000000000000000e+02
1.110000000000000000e+02
1.120000000000000000e+02
1.140000000000000000e+02
1.180000000000000000e+02
1.190000000000000000e+02
1.210000000000000000e+02
