4.700000000000000000e+01
4.900000000000000000e+01
5.200000000000000000e+01
5.300000000000000000e+01
6.000000000000000000e+01
6.300000000000000000e+01
6.500000000000000000e+01
6.800000000000000000e+01
7.100000000000000000e+01
7.400000000000000000e+01
7.800000000000000000e+01
8.200000000000000000e+01
8.400000000000000000e+01
8.600000000000000000e+01
8.900000000000000000e+01
9.100000000000000000e+01
9.900000000000000000e+01
1.040000000000000000e+02
1.070000000000000000e+02
1.100000000000000000e+02
1.110000000000000000e+02
1.150000000000000000e+02
1.200000000000000000e+02
1.230000000000000000e+02
1.260000000000000000e+02
1.290000000000000000e+02
1.340000000000000000e+02
1.390000000000000000e+02
1.430000000000000000e+02
1.480000000000000000e+02
1.510000000000000000e+02
1.530000000000000000e+02
1.490000000000000000e+02
1.500000000000000000e+02
1.490000000000000000e+02
1.470000000000000000e+02
1.430000000000000000e+02
1.440000000000000000e+02
1.450000000000000000e+02
1.460000000000000000e+02
1.480000000000000000e+02
1.520000000000000000e+02
1.520000000000000000e+02
1.530000000000000000e+02
1.540000000000000000e+02
1.560000000000000000e+02
1.560000000000000000e+02
1.530000000000000000e+02
1.510000000000000000e+02
1.450000000000000000e+02
1.450000000000000000e+02
1.430000000000000000e+02
1.440000000000000000e+02
1.420000000000000000e+02
1.410000000000000000e+02
1.430000000000000000e+02
1.430000000000000000e+02
1.410000000000000000e+02
1.350000000000000000e+02
1.350000000000000000e+02
1.340000000000000000e+02
1.240000000000000000e+02
1.190000000000000000e+02
1.140000000000000000e+02
1.130000000000000000e+02
1.110000000000000000e+02
1.090000000000000000e+02
1.050000000000000000e+02
9.900000000000000000e+01
9.700000000000000000e+01
9.300000000000000000e+01
8.600000000000000000e+01
8.000000000000000000e+01
7.500000000000000000e+01
7.200000000000000000e+01
6.900000000000000000e+01
6.500000000000000000e+01
6.500000000000000000e+01
5.900000000000000000e+01
5.500000000000000000e+01
4.900000000000000000e+01
4.800000000000000000e+01
4.500000000000000000e+01
4.300000000000000000e+01
4.100000000000000000e+01
3.800000000000000000e+01
3.300000000000000000e+01
3.200000000000000000e+01
3.000000000000000000e+01
2.700000000000000000e+01
2.700000000000000000e+01
2.700000000000000000e+01
2.700000000000000000e+01
2.600000000000000000e+01
2.600000000000000000e+01
2.300000000000000000e+01
