1.770000000000000000e+02
1.750000000000000000e+02
1.720000000000000000e+02
1.720000000000000000e+02
1.660000000000000000e+02
1.600000000000000000e+02
1.560000000000000000e+02
1.520000000000000000e+02
1.570000000000000000e+02
1.560000000000000000e+02
1.540000000000000000e+02
1.530000000000000000e+02
1.540000000000000000e+02
1.540000000000000000e+02
1.530000000000000000e+02
1.550000000000000000e+02
1.560000000000000000e+02
1.560000000000000000e+02
1.520000000000000000e+02
1.480000000000000000e+02
1.500000000000000000e+02
1.510000000000000000e+02
1.520000000000000000e+02
1.560000000000000000e+02
1.540000000000000000e+02
1.510000000000000000e+02
1.460000000000000000e+02
1.460000000000000000e+02
1.430000000000000000e+02
1.410000000000000000e+02
1.400000000000000000e+02
1.440000000000000000e+02
1.480000000000000000e+02
1.480000000000000000e+02
1.460000000000000000e+02
1.470000000000000000e+02
1.470000000000000000e+02
1.440000000000000000e+02
1.360000000000000000e+02
1.360000000000000000e+02
1.360000000000000000e+02
1.370000000000000000e+02
1.350000000000000000e+02
1.360000000000000000e+02
1.350000000000000000e+02
1.350000000000000000e+02
1.330000000000000000e+02
1.320000000000000000e+02
1.300000000000000000e+02
1.330000000000000000e+02
1.340000000000000000e+02
1.370000000000000000e+02
1.350000000000000000e+02
1.320000000000000000e+02
1.340000000000000000e+02
1.380000000000000000e+02
1.360000000000000000e+02
1.380000000000000000e+02
1.350000000000000000e+02
1.370000000000000000e+02
1.300000000000000000e+02
1.320000000000000000e+02
1.340000000000000000e+02
1.320000000000000000e+02
1.320000000000000000e+02
1.340000000000000000e+02
1.340000000000000000e+02
1.350000000000000000e+02
1.340000000000000000e+02
1.350000000000000000e+02
1.390000000000000000e+02
1.350000000000000000e+02
1.390000000000000000e+02
1.410000000000000000e+02
1.420000000000000000e+02
1.410000000000000000e+02
1.380000000000000000e+02
1.390000000000000000e+02
1.370000000000000000e+02
1.370000000000000000e+02
1.400000000000000000e+02
1.400000000000000000e+02
1.410000000000000000e+02
1.410000000000000000e+02
1.400000000000000000e+02
1.410000000000000000e+02
1.420000000000000000e+02
1.390000000000000000e+02
1.370000000000000000e+02
1.350000000000000000e+02
1.370000000000000000e+02
1.330000000000000000e+02
1.330000000000000000e+02
1.320000000000000000e+02
1.350000000000000000e+02
1.320000000000000000e+02
