0.000000000000000000e+00
0.000000000000000000e+00
0.000000000000000000e+00
0.000000000000000000e+00
0.000000000000000000e+00
0.000000000000000000e+00
0.000000000000000000e+00
0.000000000000000000e+00
0.000000000000000000e+00
0.000000000000000000e+00
0.000000000000000000e+00
0.000000000000000000e+00
0.000000000000000000e+00
0.000000000000000000e+00
0.000000000000000000e+00
0.000000000000000000e+00
0.000000000000000000e+00
1.000000000000000000e+00
1.000000000000000000e+00
6.000000000000000000e+00
1.000000000000000000e+01
1.800000000000000000e+01
1.800000000000000000e+01
2.300000000000000000e+01
2.800000000000000000e+01
3.800000000000000000e+01
4.400000000000000000e+01
4.400000000000000000e+01
4.900000000000000000e+01
5.700000000000000000e+01
6.600000000000000000e+01
6.600000000000000000e+01
7.000000000000000000e+01
8.000000000000000000e+01
8.800000000000000000e+01
1.030000000000000000e+02
1.030000000000000000e+02
1.050000000000000000e+02
1.140000000000000000e+02
1.150000000000000000e+02
1.230000000000000000e+02
1.230000000000000000e+02
1.260000000000000000e+02
1.350000000000000000e+02
1.420000000000000000e+02
1.420000000000000000e+02
1.560000000000000000e+02
1.600000000000000000e+02
1.650000000000000000e+02
1.720000000000000000e+02
1.720000000000000000e+02
1.730000000000000000e+02
1.790000000000000000e+02
1.870000000000000000e+02
1.870000000000000000e+02
1.950000000000000000e+02
2.070000000000000000e+02
2.150000000000000000e+02
2.260000000000000000e+02
2.260000000000000000e+02
2.380000000000000000e+02
2.530000000000000000e+02
2.610000000000000000e+02
2.610000000000000000e+02
2.640000000000000000e+02
2.640000000000000000e+02
2.640000000000000000e+02
2.640000000000000000e+02
2.640000000000000000e+02
2.640000000000000000e+02
2.640000000000000000e+02
2.640000000000000000e+02
2.640000000000000000e+02
2.640000000000000000e+02
2.640000000000000000e+02
2.640000000000000000e+02
2.640000000000000000e+02
2.640000000000000000e+02
2.640000000000000000e+02
2.640000000000000000e+02
2.640000000000000000e+02
2.640000000000000000e+02
2.640000000000000000e+02
2.640000000000000000e+02
2.640000000000000000e+02
2.630000000000000000e+02
2.630000000000000000e+02
2.630000000000000000e+02
2.630000000000000000e+02
2.610000000000000000e+02
2.590000000000000000e+02
2.570000000000000000e+02
2.540000000000000000e+02
2.520000000000000000e+02
2.520000000000000000e+02
2.490000000000000000e+02
2.470000000000000000e+02
2.430000000000000000e+02
2.400000000000000000e+02
2.320000000000000000e+02
2.280000000000000000e+02
2.230000000000000000e+02
2.200000000000000000e+02
2.150000000000000000e+02
2.130000000000000000e+02
2.090000000000000000e+02
2.090000000000000000e+02
2.060000000000000000e+02
2.020000000000000000e+02
1.990000000000000000e+02
1.950000000000000000e+02
1.940000000000000000e+02
1.900000000000000000e+02
1.870000000000000000e+02
1.810000000000000000e+02
1.760000000000000000e+02
1.700000000000000000e+02
1.690000000000000000e+02
1.660000000000000000e+02
1.640000000000000000e+02
1.560000000000000000e+02
1.500000000000000000e+02
1.440000000000000000e+02
1.350000000000000000e+02
1.300000000000000000e+02
1.220000000000000000e+02
1.170000000000000000e+02
1.140000000000000000e+02
