0.000000000000000000e+00
0.000000000000000000e+00
0.000000000000000000e+00
0.000000000000000000e+00
0.000000000000000000e+00
0.000000000000000000e+00
0.000000000000000000e+00
0.000000000000000000e+00
0.000000000000000000e+00
0.000000000000000000e+00
0.000000000000000000e+00
0.000000000000000000e+00
0.000000000000000000e+00
0.000000000000000000e+00
0.000000000000000000e+00
0.000000000000000000e+00
0.000000000000000000e+00
0.000000000000000000e+00
0.000000000000000000e+00
7.000000000000000000e+00
2.000000000000000000e+01
2.400000000000000000e+01
2.400000000000000000e+01
3.000000000000000000e+01
3.800000000000000000e+01
4.500000000000000000e+01
4.800000000000000000e+01
4.800000000000000000e+01
5.300000000000000000e+01
5.900000000000000000e+01
7.000000000000000000e+01
7.000000000000000000e+01
7.700000000000000000e+01
8.500000000000000000e+01
1.010000000000000000e+02
1.050000000000000000e+02
1.050000000000000000e+02
1.130000000000000000e+02
1.200000000000000000e+02
1.280000000000000000e+02
1.370000000000000000e+02
1.370000000000000000e+02
1.430000000000000000e+02
1.520000000000000000e+02
1.610000000000000000e+02
1.610000000000000000e+02
1.680000000000000000e+02
1.780000000000000000e+02
1.810000000000000000e+02
1.950000000000000000e+02
1.950000000000000000e+02
2.020000000000000000e+02
2.050000000000000000e+02
2.090000000000000000e+02
2.090000000000000000e+02
2.160000000000000000e+02
2.250000000000000000e+02
2.350000000000000000e+02
2.440000000000000000e+02
2.440000000000000000e+02
2.510000000000000000e+02
2.600000000000000000e+02
2.710000000000000000e+02
2.710000000000000000e+02
2.760000000000000000e+02
2.760000000000000000e+02
2.760000000000000000e+02
2.760000000000000000e+02
2.760000000000000000e+02
2.760000000000000000e+02
2.760000000000000000e+02
2.760000000000000000e+02
2.760000000000000000e+02
2.760000000000000000e+02
2.760000000000000000e+02
2.760000000000000000e+02
2.760000000000000000e+02
2.760000000000000000e+02
2.760000000000000000e+02
2.760000000000000000e+02
2.760000000000000000e+02
2.760000000000000000e+02
2.760000000000000000e+02
2.750000000000000000e+02
2.730000000000000000e+02
2.730000000000000000e+02
2.720000000000000000e+02
2.700000000000000000e+02
2.700000000000000000e+02
2.680000000000000000e+02
2.650000000000000000e+02
2.640000000000000000e+02
2.630000000000000000e+02
2.600000000000000000e+02
2.570000000000000000e+02
2.520000000000000000e+02
2.480000000000000000e+02
2.460000000000000000e+02
2.430000000000000000e+02
2.400000000000000000e+02
2.390000000000000000e+02
2.360000000000000000e+02
2.320000000000000000e+02
2.260000000000000000e+02
2.220000000000000000e+02
2.180000000000000000e+02
2.150000000000000000e+02
2.120000000000000000e+02
2.090000000000000000e+02
2.060000000000000000e+02
2.040000000000000000e+02
1.980000000000000000e+02
1.940000000000000000e+02
1.910000000000000000e+02
1.890000000000000000e+02
1.850000000000000000e+02
1.800000000000000000e+02
1.720000000000000000e+02
1.680000000000000000e+02
1.660000000000000000e+02
1.650000000000000000e+02
1.600000000000000000e+02
1.550000000000000000e+02
1.520000000000000000e+02
1.470000000000000000e+02
1.440000000000000000e+02
1.390000000000000000e+02
1.350000000000000000e+02
