0.000000000000000000e+00
0.000000000000000000e+00
0.000000000000000000e+00
0.000000000000000000e+00
0.000000000000000000e+00
0.000000000000000000e+00
0.000000000000000000e+00
0.000000000000000000e+00
0.000000000000000000e+00
0.000000000000000000e+00
0.000000000000000000e+00
0.000000000000000000e+00
0.000000000000000000e+00
0.000000000000000000e+00
0.000000000000000000e+00
0.000000000000000000e+00
0.000000000000000000e+00
0.000000000000000000e+00
0.000000000000000000e+00
0.000000000000000000e+00
5.000000000000000000e+00
1.300000000000000000e+01
1.300000000000000000e+01
1.700000000000000000e+01
2.400000000000000000e+01
3.400000000000000000e+01
4.100000000000000000e+01
4.100000000000000000e+01
4.800000000000000000e+01
5.400000000000000000e+01
6.500000000000000000e+01
6.500000000000000000e+01
7.300000000000000000e+01
8.400000000000000000e+01
9.600000000000000000e+01
1.010000000000000000e+02
1.010000000000000000e+02
1.050000000000000000e+02
1.120000000000000000e+02
1.170000000000000000e+02
1.200000000000000000e+02
1.200000000000000000e+02
1.300000000000000000e+02
1.340000000000000000e+02
1.420000000000000000e+02
1.420000000000000000e+02
1.480000000000000000e+02
1.510000000000000000e+02
1.570000000000000000e+02
1.750000000000000000e+02
1.750000000000000000e+02
1.870000000000000000e+02
1.960000000000000000e+02
2.030000000000000000e+02
2.030000000000000000e+02
2.090000000000000000e+02
2.190000000000000000e+02
2.240000000000000000e+02
2.360000000000000000e+02
2.360000000000000000e+02
2.420000000000000000e+02
2.540000000000000000e+02
2.650000000000000000e+02
2.650000000000000000e+02
2.720000000000000000e+02
2.720000000000000000e+02
2.720000000000000000e+02
2.720000000000000000e+02
2.720000000000000000e+02
2.720000000000000000e+02
2.720000000000000000e+02
2.720000000000000000e+02
2.720000000000000000e+02
2.720000000000000000e+02
2.720000000000000000e+02
2.720000000000000000e+02
2.720000000000000000e+02
2.720000000000000000e+02
2.720000000000000000e+02
2.720000000000000000e+02
2.720000000000000000e+02
2.720000000000000000e+02
2.720000000000000000e+02
2.720000000000000000e+02
2.720000000000000000e+02
2.710000000000000000e+02
2.700000000000000000e+02
2.690000000000000000e+02
2.680000000000000000e+02
2.680000000000000000e+02
2.660000000000000000e+02
2.650000000000000000e+02
2.630000000000000000e+02
2.620000000000000000e+02
2.570000000000000000e+02
2.530000000000000000e+02
2.480000000000000000e+02
2.470000000000000000e+02
2.440000000000000000e+02
2.420000000000000000e+02
2.400000000000000000e+02
2.360000000000000000e+02
2.310000000000000000e+02
2.270000000000000000e+02
2.230000000000000000e+02
2.180000000000000000e+02
2.170000000000000000e+02
2.100000000000000000e+02
2.070000000000000000e+02
2.070000000000000000e+02
2.040000000000000000e+02
2.000000000000000000e+02
1.980000000000000000e+02
1.920000000000000000e+02
1.860000000000000000e+02
1.800000000000000000e+02
1.760000000000000000e+02
1.740000000000000000e+02
1.730000000000000000e+02
1.650000000000000000e+02
1.580000000000000000e+02
1.540000000000000000e+02
1.500000000000000000e+02
1.440000000000000000e+02
1.410000000000000000e+02
1.330000000000000000e+02
1.180000000000000000e+02
1.170000000000000000e+02
