0.000000000000000000e+00
0.000000000000000000e+00
0.000000000000000000e+00
0.000000000000000000e+00
0.000000000000000000e+00
0.000000000000000000e+00
0.000000000000000000e+00
0.000000000000000000e+00
0.000000000000000000e+00
0.000000000000000000e+00
0.000000000000000000e+00
0.000000000000000000e+00
0.000000000000000000e+00
0.000000000000000000e+00
0.000000000000000000e+00
0.000000000000000000e+00
0.000000000000000000e+00
1.000000000000000000e+00
1.000000000000000000e+00
1.100000000000000000e+01
1.600000000000000000e+01
2.200000000000000000e+01
2.200000000000000000e+01
2.900000000000000000e+01
3.400000000000000000e+01
4.000000000000000000e+01
4.400000000000000000e+01
4.400000000000000000e+01
5.500000000000000000e+01
6.700000000000000000e+01
7.400000000000000000e+01
7.400000000000000000e+01
7.900000000000000000e+01
8.700000000000000000e+01
9.300000000000000000e+01
1.070000000000000000e+02
1.070000000000000000e+02
1.100000000000000000e+02
1.160000000000000000e+02
1.190000000000000000e+02
1.240000000000000000e+02
1.240000000000000000e+02
1.340000000000000000e+02
1.500000000000000000e+02
1.560000000000000000e+02
1.560000000000000000e+02
1.580000000000000000e+02
1.690000000000000000e+02
1.780000000000000000e+02
1.840000000000000000e+02
1.840000000000000000e+02
1.890000000000000000e+02
1.990000000000000000e+02
2.080000000000000000e+02
2.080000000000000000e+02
2.180000000000000000e+02
2.230000000000000000e+02
2.270000000000000000e+02
2.310000000000000000e+02
2.310000000000000000e+02
2.360000000000000000e+02
2.480000000000000000e+02
2.510000000000000000e+02
2.510000000000000000e+02
2.570000000000000000e+02
2.570000000000000000e+02
2.570000000000000000e+02
2.570000000000000000e+02
2.570000000000000000e+02
2.570000000000000000e+02
2.570000000000000000e+02
2.570000000000000000e+02
2.570000000000000000e+02
2.570000000000000000e+02
2.570000000000000000e+02
2.570000000000000000e+02
2.570000000000000000e+02
2.570000000000000000e+02
2.570000000000000000e+02
2.570000000000000000e+02
2.570000000000000000e+02
2.570000000000000000e+02
2.570000000000000000e+02
2.570000000000000000e+02
2.550000000000000000e+02
2.540000000000000000e+02
2.530000000000000000e+02
2.520000000000000000e+02
2.510000000000000000e+02
2.510000000000000000e+02
2.500000000000000000e+02
2.490000000000000000e+02
2.460000000000000000e+02
2.410000000000000000e+02
2.390000000000000000e+02
2.380000000000000000e+02
2.340000000000000000e+02
2.300000000000000000e+02
2.280000000000000000e+02
2.260000000000000000e+02
2.240000000000000000e+02
2.200000000000000000e+02
2.140000000000000000e+02
2.120000000000000000e+02
2.100000000000000000e+02
2.040000000000000000e+02
2.000000000000000000e+02
1.960000000000000000e+02
1.920000000000000000e+02
1.880000000000000000e+02
1.830000000000000000e+02
1.800000000000000000e+02
1.740000000000000000e+02
1.690000000000000000e+02
1.670000000000000000e+02
1.610000000000000000e+02
1.590000000000000000e+02
1.530000000000000000e+02
1.460000000000000000e+02
1.420000000000000000e+02
1.360000000000000000e+02
1.320000000000000000e+02
1.260000000000000000e+02
1.230000000000000000e+02
1.200000000000000000e+02
1.130000000000000000e+02
1.100000000000000000e+02
1.060000000000000000e+02
