0.000000000000000000e+00
0.000000000000000000e+00
0.000000000000000000e+00
0.000000000000000000e+00
0.000000000000000000e+00
0.000000000000000000e+00
0.000000000000000000e+00
0.000000000000000000e+00
0.000000000000000000e+00
0.000000000000000000e+00
1.000000000000000000e+00
1.000000000000000000e+00
1.000000000000000000e+00
1.000000000000000000e+00
4.000000000000000000e+00
9.000000000000000000e+00
2.100000000000000000e+01
3.100000000000000000e+01
3.100000000000000000e+01
3.700000000000000000e+01
4.600000000000000000e+01
5.500000000000000000e+01
5.500000000000000000e+01
6.300000000000000000e+01
7.500000000000000000e+01
8.100000000000000000e+01
8.500000000000000000e+01
8.500000000000000000e+01
8.800000000000000000e+01
9.300000000000000000e+01
9.800000000000000000e+01
9.800000000000000000e+01
1.070000000000000000e+02
1.200000000000000000e+02
1.260000000000000000e+02
1.330000000000000000e+02
1.330000000000000000e+02
1.380000000000000000e+02
1.470000000000000000e+02
1.580000000000000000e+02
1.650000000000000000e+02
1.650000000000000000e+02
1.760000000000000000e+02
1.810000000000000000e+02
1.930000000000000000e+02
1.930000000000000000e+02
2.000000000000000000e+02
2.070000000000000000e+02
2.130000000000000000e+02
2.240000000000000000e+02
2.240000000000000000e+02
2.290000000000000000e+02
2.380000000000000000e+02
2.430000000000000000e+02
2.430000000000000000e+02
2.530000000000000000e+02
2.630000000000000000e+02
2.710000000000000000e+02
2.800000000000000000e+02
2.800000000000000000e+02
2.870000000000000000e+02
2.930000000000000000e+02
2.970000000000000000e+02
2.970000000000000000e+02
3.010000000000000000e+02
3.010000000000000000e+02
3.010000000000000000e+02
3.010000000000000000e+02
3.010000000000000000e+02
3.010000000000000000e+02
3.010000000000000000e+02
3.010000000000000000e+02
3.010000000000000000e+02
3.010000000000000000e+02
3.010000000000000000e+02
3.010000000000000000e+02
3.010000000000000000e+02
3.010000000000000000e+02
3.010000000000000000e+02
3.010000000000000000e+02
3.010000000000000000e+02
3.000000000000000000e+02
2.990000000000000000e+02
2.970000000000000000e+02
2.950000000000000000e+02
2.940000000000000000e+02
2.900000000000000000e+02
2.860000000000000000e+02
2.850000000000000000e+02
2.810000000000000000e+02
2.800000000000000000e+02
2.760000000000000000e+02
2.740000000000000000e+02
2.720000000000000000e+02
2.700000000000000000e+02
2.690000000000000000e+02
2.660000000000000000e+02
2.610000000000000000e+02
2.550000000000000000e+02
2.520000000000000000e+02
2.510000000000000000e+02
2.490000000000000000e+02
2.460000000000000000e+02
2.400000000000000000e+02
2.390000000000000000e+02
2.300000000000000000e+02
2.250000000000000000e+02
2.230000000000000000e+02
2.170000000000000000e+02
2.150000000000000000e+02
2.110000000000000000e+02
2.050000000000000000e+02
1.990000000000000000e+02
1.890000000000000000e+02
1.840000000000000000e+02
1.770000000000000000e+02
1.720000000000000000e+02
1.650000000000000000e+02
1.580000000000000000e+02
1.530000000000000000e+02
1.460000000000000000e+02
1.390000000000000000e+02
1.350000000000000000e+02
1.310000000000000000e+02
1.260000000000000000e+02
1.210000000000000000e+02
1.160000000000000000e+02
1.080000000000000000e+02
