0.000000000000000000e+00
0.000000000000000000e+00
0.000000000000000000e+00
0.000000000000000000e+00
0.000000000000000000e+00
0.000000000000000000e+00
0.000000000000000000e+00
0.000000000000000000e+00
0.000000000000000000e+00
0.000000000000000000e+00
0.000000000000000000e+00
4.000000000000000000e+00
5.000000000000000000e+00
5.000000000000000000e+00
6.000000000000000000e+00
6.000000000000000000e+00
7.000000000000000000e+00
1.700000000000000000e+01
1.700000000000000000e+01
2.200000000000000000e+01
2.800000000000000000e+01
3.300000000000000000e+01
3.300000000000000000e+01
4.000000000000000000e+01
4.800000000000000000e+01
5.100000000000000000e+01
6.100000000000000000e+01
6.100000000000000000e+01
7.300000000000000000e+01
7.900000000000000000e+01
8.400000000000000000e+01
8.400000000000000000e+01
9.100000000000000000e+01
9.600000000000000000e+01
1.080000000000000000e+02
1.160000000000000000e+02
1.160000000000000000e+02
1.290000000000000000e+02
1.320000000000000000e+02
1.420000000000000000e+02
1.500000000000000000e+02
1.500000000000000000e+02
1.600000000000000000e+02
1.680000000000000000e+02
1.760000000000000000e+02
1.760000000000000000e+02
1.870000000000000000e+02
1.950000000000000000e+02
2.030000000000000000e+02
2.130000000000000000e+02
2.130000000000000000e+02
2.190000000000000000e+02
2.240000000000000000e+02
2.300000000000000000e+02
2.300000000000000000e+02
2.390000000000000000e+02
2.500000000000000000e+02
2.550000000000000000e+02
2.620000000000000000e+02
2.620000000000000000e+02
2.710000000000000000e+02
2.770000000000000000e+02
2.800000000000000000e+02
2.800000000000000000e+02
2.880000000000000000e+02
2.880000000000000000e+02
2.880000000000000000e+02
2.880000000000000000e+02
2.880000000000000000e+02
2.880000000000000000e+02
2.880000000000000000e+02
2.880000000000000000e+02
2.880000000000000000e+02
2.880000000000000000e+02
2.880000000000000000e+02
2.880000000000000000e+02
2.880000000000000000e+02
2.880000000000000000e+02
2.880000000000000000e+02
2.880000000000000000e+02
2.880000000000000000e+02
2.880000000000000000e+02
2.880000000000000000e+02
2.860000000000000000e+02
2.850000000000000000e+02
2.840000000000000000e+02
2.830000000000000000e+02
2.820000000000000000e+02
2.820000000000000000e+02
2.810000000000000000e+02
2.810000000000000000e+02
2.790000000000000000e+02
2.780000000000000000e+02
2.740000000000000000e+02
2.700000000000000000e+02
2.670000000000000000e+02
2.640000000000000000e+02
2.620000000000000000e+02
2.570000000000000000e+02
2.500000000000000000e+02
2.490000000000000000e+02
2.480000000000000000e+02
2.440000000000000000e+02
2.390000000000000000e+02
2.340000000000000000e+02
2.340000000000000000e+02
2.300000000000000000e+02
2.230000000000000000e+02
2.180000000000000000e+02
2.140000000000000000e+02
2.100000000000000000e+02
2.070000000000000000e+02
2.020000000000000000e+02
1.940000000000000000e+02
1.910000000000000000e+02
1.830000000000000000e+02
1.730000000000000000e+02
1.690000000000000000e+02
1.620000000000000000e+02
1.540000000000000000e+02
1.480000000000000000e+02
1.450000000000000000e+02
1.390000000000000000e+02
1.290000000000000000e+02
1.260000000000000000e+02
1.180000000000000000e+02
1.130000000000000000e+02
1.070000000000000000e+02
