0.000000000000000000e+00
0.000000000000000000e+00
0.000000000000000000e+00
0.000000000000000000e+00
0.000000000000000000e+00
0.000000000000000000e+00
0.000000000000000000e+00
0.000000000000000000e+00
0.000000000000000000e+00
0.000000000000000000e+00
0.000000000000000000e+00
0.000000000000000000e+00
0.000000000000000000e+00
0.000000000000000000e+00
0.000000000000000000e+00
0.000000000000000000e+00
0.000000000000000000e+00
0.000000000000000000e+00
0.000000000000000000e+00
7.000000000000000000e+00
1.400000000000000000e+01
2.500000000000000000e+01
2.500000000000000000e+01
3.300000000000000000e+01
3.700000000000000000e+01
4.200000000000000000e+01
5.100000000000000000e+01
5.100000000000000000e+01
5.900000000000000000e+01
6.400000000000000000e+01
7.100000000000000000e+01
7.100000000000000000e+01
7.600000000000000000e+01
8.100000000000000000e+01
8.700000000000000000e+01
9.400000000000000000e+01
9.400000000000000000e+01
9.700000000000000000e+01
1.060000000000000000e+02
1.190000000000000000e+02
1.270000000000000000e+02
1.270000000000000000e+02
1.350000000000000000e+02
1.420000000000000000e+02
1.500000000000000000e+02
1.500000000000000000e+02
1.620000000000000000e+02
1.740000000000000000e+02
1.800000000000000000e+02
1.910000000000000000e+02
1.910000000000000000e+02
1.980000000000000000e+02
2.050000000000000000e+02
2.160000000000000000e+02
2.160000000000000000e+02
2.250000000000000000e+02
2.360000000000000000e+02
2.420000000000000000e+02
2.510000000000000000e+02
2.510000000000000000e+02
2.560000000000000000e+02
2.680000000000000000e+02
2.750000000000000000e+02
2.750000000000000000e+02
2.790000000000000000e+02
2.790000000000000000e+02
2.790000000000000000e+02
2.790000000000000000e+02
2.790000000000000000e+02
2.790000000000000000e+02
2.790000000000000000e+02
2.790000000000000000e+02
2.790000000000000000e+02
2.790000000000000000e+02
2.790000000000000000e+02
2.790000000000000000e+02
2.790000000000000000e+02
2.790000000000000000e+02
2.790000000000000000e+02
2.790000000000000000e+02
2.790000000000000000e+02
2.790000000000000000e+02
2.790000000000000000e+02
2.780000000000000000e+02
2.780000000000000000e+02
2.760000000000000000e+02
2.740000000000000000e+02
2.740000000000000000e+02
2.730000000000000000e+02
2.710000000000000000e+02
2.700000000000000000e+02
2.650000000000000000e+02
2.620000000000000000e+02
2.620000000000000000e+02
2.580000000000000000e+02
2.570000000000000000e+02
2.550000000000000000e+02
2.480000000000000000e+02
2.450000000000000000e+02
2.400000000000000000e+02
2.360000000000000000e+02
2.350000000000000000e+02
2.320000000000000000e+02
2.270000000000000000e+02
2.230000000000000000e+02
2.180000000000000000e+02
2.170000000000000000e+02
2.120000000000000000e+02
2.050000000000000000e+02
2.000000000000000000e+02
1.960000000000000000e+02
1.930000000000000000e+02
1.910000000000000000e+02
1.890000000000000000e+02
1.830000000000000000e+02
1.780000000000000000e+02
1.720000000000000000e+02
1.690000000000000000e+02
1.660000000000000000e+02
1.600000000000000000e+02
1.550000000000000000e+02
1.500000000000000000e+02
1.400000000000000000e+02
1.350000000000000000e+02
1.310000000000000000e+02
1.270000000000000000e+02
1.220000000000000000e+02
1.180000000000000000e+02
