0.000000000000000000e+00
0.000000000000000000e+00
0.000000000000000000e+00
0.000000000000000000e+00
0.000000000000000000e+00
0.000000000000000000e+00
0.000000000000000000e+00
0.000000000000000000e+00
0.000000000000000000e+00
0.000000000000000000e+00
0.000000000000000000e+00
0.000000000000000000e+00
0.000000000000000000e+00
0.000000000000000000e+00
0.000000000000000000e+00
0.000000000000000000e+00
0.000000000000000000e+00
0.000000000000000000e+00
0.000000000000000000e+00
0.000000000000000000e+00
0.000000000000000000e+00
0.000000000000000000e+00
0.000000000000000000e+00
7.000000000000000000e+00
1.400000000000000000e+01
2.100000000000000000e+01
2.900000000000000000e+01
2.900000000000000000e+01
3.900000000000000000e+01
4.600000000000000000e+01
5.500000000000000000e+01
5.500000000000000000e+01
6.200000000000000000e+01
6.600000000000000000e+01
7.800000000000000000e+01
8.700000000000000000e+01
8.700000000000000000e+01
9.800000000000000000e+01
1.030000000000000000e+02
1.040000000000000000e+02
1.110000000000000000e+02
1.110000000000000000e+02
1.140000000000000000e+02
1.210000000000000000e+02
1.300000000000000000e+02
1.300000000000000000e+02
1.370000000000000000e+02
1.480000000000000000e+02
1.510000000000000000e+02
1.550000000000000000e+02
1.550000000000000000e+02
1.640000000000000000e+02
1.710000000000000000e+02
1.730000000000000000e+02
1.730000000000000000e+02
1.770000000000000000e+02
1.830000000000000000e+02
1.910000000000000000e+02
1.940000000000000000e+02
1.940000000000000000e+02
2.030000000000000000e+02
2.120000000000000000e+02
2.170000000000000000e+02
2.170000000000000000e+02
2.230000000000000000e+02
2.230000000000000000e+02
2.230000000000000000e+02
2.230000000000000000e+02
2.230000000000000000e+02
2.230000000000000000e+02
2.230000000000000000e+02
2.230000000000000000e+02
2.230000000000000000e+02
2.230000000000000000e+02
2.230000000000000000e+02
2.230000000000000000e+02
2.230000000000000000e+02
2.230000000000000000e+02
2.230000000000000000e+02
2.230000000000000000e+02
2.230000000000000000e+02
2.230000000000000000e+02
2.230000000000000000e+02
2.230000000000000000e+02
2.230000000000000000e+02
2.230000000000000000e+02
2.230000000000000000e+02
2.230000000000000000e+02
2.230000000000000000e+02
2.220000000000000000e+02
2.180000000000000000e+02
2.180000000000000000e+02
2.160000000000000000e+02
2.140000000000000000e+02
2.130000000000000000e+02
2.090000000000000000e+02
2.080000000000000000e+02
2.040000000000000000e+02
2.030000000000000000e+02
1.970000000000000000e+02
1.910000000000000000e+02
1.910000000000000000e+02
1.870000000000000000e+02
1.840000000000000000e+02
1.810000000000000000e+02
1.790000000000000000e+02
1.750000000000000000e+02
1.720000000000000000e+02
1.660000000000000000e+02
1.620000000000000000e+02
1.580000000000000000e+02
1.560000000000000000e+02
1.530000000000000000e+02
1.490000000000000000e+02
1.480000000000000000e+02
1.460000000000000000e+02
1.420000000000000000e+02
1.340000000000000000e+02
1.290000000000000000e+02
1.250000000000000000e+02
1.220000000000000000e+02
1.170000000000000000e+02
1.170000000000000000e+02
1.150000000000000000e+02
1.080000000000000000e+02
1.000000000000000000e+02
9.600000000000000000e+01
9.200000000000000000e+01
