0.000000000000000000e+00
0.000000000000000000e+00
0.000000000000000000e+00
0.000000000000000000e+00
0.000000000000000000e+00
0.000000000000000000e+00
0.000000000000000000e+00
0.000000000000000000e+00
0.000000000000000000e+00
0.000000000000000000e+00
1.000000000000000000e+00
2.000000000000000000e+00
3.000000000000000000e+00
3.000000000000000000e+00
6.000000000000000000e+00
1.200000000000000000e+01
1.900000000000000000e+01
3.700000000000000000e+01
3.700000000000000000e+01
4.500000000000000000e+01
5.100000000000000000e+01
5.500000000000000000e+01
5.500000000000000000e+01
6.600000000000000000e+01
7.400000000000000000e+01
8.400000000000000000e+01
9.200000000000000000e+01
9.200000000000000000e+01
9.500000000000000000e+01
1.000000000000000000e+02
1.050000000000000000e+02
1.050000000000000000e+02
1.090000000000000000e+02
1.170000000000000000e+02
1.280000000000000000e+02
1.370000000000000000e+02
1.370000000000000000e+02
1.420000000000000000e+02
1.500000000000000000e+02
1.610000000000000000e+02
1.680000000000000000e+02
1.680000000000000000e+02
1.800000000000000000e+02
1.890000000000000000e+02
1.970000000000000000e+02
1.970000000000000000e+02
2.010000000000000000e+02
2.090000000000000000e+02
2.170000000000000000e+02
2.240000000000000000e+02
2.240000000000000000e+02
2.340000000000000000e+02
2.410000000000000000e+02
2.490000000000000000e+02
2.490000000000000000e+02
2.490000000000000000e+02
2.530000000000000000e+02
2.660000000000000000e+02
2.750000000000000000e+02
2.750000000000000000e+02
2.870000000000000000e+02
2.920000000000000000e+02
2.980000000000000000e+02
2.980000000000000000e+02
3.020000000000000000e+02
3.020000000000000000e+02
3.020000000000000000e+02
3.020000000000000000e+02
3.020000000000000000e+02
3.020000000000000000e+02
3.020000000000000000e+02
3.020000000000000000e+02
3.020000000000000000e+02
3.020000000000000000e+02
3.020000000000000000e+02
3.020000000000000000e+02
3.020000000000000000e+02
3.020000000000000000e+02
3.020000000000000000e+02
3.020000000000000000e+02
3.020000000000000000e+02
3.010000000000000000e+02
3.010000000000000000e+02
2.980000000000000000e+02
2.960000000000000000e+02
2.930000000000000000e+02
2.910000000000000000e+02
2.870000000000000000e+02
2.820000000000000000e+02
2.760000000000000000e+02
2.750000000000000000e+02
2.660000000000000000e+02
2.620000000000000000e+02
2.590000000000000000e+02
2.580000000000000000e+02
2.560000000000000000e+02
2.530000000000000000e+02
2.510000000000000000e+02
2.470000000000000000e+02
2.440000000000000000e+02
2.410000000000000000e+02
2.380000000000000000e+02
2.320000000000000000e+02
2.280000000000000000e+02
2.230000000000000000e+02
2.210000000000000000e+02
2.140000000000000000e+02
2.130000000000000000e+02
2.090000000000000000e+02
2.010000000000000000e+02
1.980000000000000000e+02
1.910000000000000000e+02
1.840000000000000000e+02
1.810000000000000000e+02
1.780000000000000000e+02
1.740000000000000000e+02
1.690000000000000000e+02
1.640000000000000000e+02
1.580000000000000000e+02
1.480000000000000000e+02
1.440000000000000000e+02
1.400000000000000000e+02
1.330000000000000000e+02
1.300000000000000000e+02
1.270000000000000000e+02
1.180000000000000000e+02
1.120000000000000000e+02
1.060000000000000000e+02
