0.000000000000000000e+00
0.000000000000000000e+00
0.000000000000000000e+00
0.000000000000000000e+00
0.000000000000000000e+00
0.000000000000000000e+00
0.000000000000000000e+00
0.000000000000000000e+00
0.000000000000000000e+00
0.000000000000000000e+00
0.000000000000000000e+00
0.000000000000000000e+00
0.000000000000000000e+00
0.000000000000000000e+00
0.000000000000000000e+00
0.000000000000000000e+00
0.000000000000000000e+00
0.000000000000000000e+00
0.000000000000000000e+00
0.000000000000000000e+00
1.000000000000000000e+00
9.000000000000000000e+00
9.000000000000000000e+00
1.600000000000000000e+01
2.700000000000000000e+01
4.100000000000000000e+01
5.000000000000000000e+01
5.000000000000000000e+01
6.000000000000000000e+01
6.500000000000000000e+01
7.500000000000000000e+01
7.500000000000000000e+01
8.600000000000000000e+01
9.100000000000000000e+01
1.020000000000000000e+02
1.160000000000000000e+02
1.160000000000000000e+02
1.250000000000000000e+02
1.350000000000000000e+02
1.410000000000000000e+02
1.480000000000000000e+02
1.480000000000000000e+02
1.550000000000000000e+02
1.600000000000000000e+02
1.650000000000000000e+02
1.650000000000000000e+02
1.690000000000000000e+02
1.770000000000000000e+02
1.830000000000000000e+02
1.950000000000000000e+02
1.950000000000000000e+02
2.060000000000000000e+02
2.100000000000000000e+02
2.140000000000000000e+02
2.140000000000000000e+02
2.220000000000000000e+02
2.320000000000000000e+02
2.400000000000000000e+02
2.470000000000000000e+02
2.470000000000000000e+02
2.520000000000000000e+02
2.580000000000000000e+02
2.690000000000000000e+02
2.690000000000000000e+02
2.740000000000000000e+02
2.740000000000000000e+02
2.740000000000000000e+02
2.740000000000000000e+02
2.740000000000000000e+02
2.740000000000000000e+02
2.740000000000000000e+02
2.740000000000000000e+02
2.740000000000000000e+02
2.740000000000000000e+02
2.740000000000000000e+02
2.740000000000000000e+02
2.740000000000000000e+02
2.740000000000000000e+02
2.740000000000000000e+02
2.740000000000000000e+02
2.740000000000000000e+02
2.740000000000000000e+02
2.740000000000000000e+02
2.740000000000000000e+02
2.740000000000000000e+02
2.730000000000000000e+02
2.720000000000000000e+02
2.710000000000000000e+02
2.700000000000000000e+02
2.680000000000000000e+02
2.680000000000000000e+02
2.660000000000000000e+02
2.660000000000000000e+02
2.620000000000000000e+02
2.590000000000000000e+02
2.540000000000000000e+02
2.510000000000000000e+02
2.490000000000000000e+02
2.430000000000000000e+02
2.390000000000000000e+02
2.360000000000000000e+02
2.280000000000000000e+02
2.250000000000000000e+02
2.230000000000000000e+02
2.190000000000000000e+02
2.160000000000000000e+02
2.110000000000000000e+02
2.090000000000000000e+02
2.040000000000000000e+02
1.970000000000000000e+02
1.940000000000000000e+02
1.870000000000000000e+02
1.850000000000000000e+02
1.790000000000000000e+02
1.770000000000000000e+02
1.720000000000000000e+02
1.690000000000000000e+02
1.580000000000000000e+02
1.550000000000000000e+02
1.500000000000000000e+02
1.390000000000000000e+02
1.350000000000000000e+02
1.270000000000000000e+02
1.240000000000000000e+02
1.190000000000000000e+02
1.130000000000000000e+02
1.050000000000000000e+02
1.010000000000000000e+02
