0.000000000000000000e+00
0.000000000000000000e+00
0.000000000000000000e+00
0.000000000000000000e+00
0.000000000000000000e+00
0.000000000000000000e+00
0.000000000000000000e+00
0.000000000000000000e+00
0.000000000000000000e+00
0.000000000000000000e+00
0.000000000000000000e+00
0.000000000000000000e+00
0.000000000000000000e+00
0.000000000000000000e+00
0.000000000000000000e+00
0.000000000000000000e+00
0.000000000000000000e+00
0.000000000000000000e+00
0.000000000000000000e+00
0.000000000000000000e+00
1.000000000000000000e+00
8.000000000000000000e+00
8.000000000000000000e+00
1.200000000000000000e+01
1.500000000000000000e+01
2.400000000000000000e+01
3.500000000000000000e+01
3.500000000000000000e+01
4.300000000000000000e+01
4.500000000000000000e+01
5.500000000000000000e+01
5.500000000000000000e+01
6.400000000000000000e+01
7.000000000000000000e+01
8.100000000000000000e+01
9.100000000000000000e+01
9.100000000000000000e+01
9.900000000000000000e+01
1.070000000000000000e+02
1.090000000000000000e+02
1.180000000000000000e+02
1.180000000000000000e+02
1.240000000000000000e+02
1.350000000000000000e+02
1.450000000000000000e+02
1.450000000000000000e+02
1.490000000000000000e+02
1.570000000000000000e+02
1.620000000000000000e+02
1.670000000000000000e+02
1.670000000000000000e+02
1.710000000000000000e+02
1.830000000000000000e+02
1.940000000000000000e+02
1.940000000000000000e+02
2.010000000000000000e+02
2.070000000000000000e+02
2.190000000000000000e+02
2.290000000000000000e+02
2.290000000000000000e+02
2.320000000000000000e+02
2.360000000000000000e+02
2.400000000000000000e+02
2.400000000000000000e+02
2.420000000000000000e+02
2.420000000000000000e+02
2.420000000000000000e+02
2.420000000000000000e+02
2.420000000000000000e+02
2.420000000000000000e+02
2.420000000000000000e+02
2.420000000000000000e+02
2.420000000000000000e+02
2.420000000000000000e+02
2.420000000000000000e+02
2.420000000000000000e+02
2.420000000000000000e+02
2.420000000000000000e+02
2.420000000000000000e+02
2.420000000000000000e+02
2.420000000000000000e+02
2.420000000000000000e+02
2.420000000000000000e+02
2.420000000000000000e+02
2.420000000000000000e+02
2.400000000000000000e+02
2.400000000000000000e+02
2.390000000000000000e+02
2.390000000000000000e+02
2.370000000000000000e+02
2.360000000000000000e+02
2.340000000000000000e+02
2.330000000000000000e+02
2.300000000000000000e+02
2.270000000000000000e+02
2.230000000000000000e+02
2.200000000000000000e+02
2.190000000000000000e+02
2.160000000000000000e+02
2.130000000000000000e+02
2.110000000000000000e+02
2.100000000000000000e+02
2.060000000000000000e+02
2.020000000000000000e+02
1.970000000000000000e+02
1.970000000000000000e+02
1.910000000000000000e+02
1.850000000000000000e+02
1.810000000000000000e+02
1.800000000000000000e+02
1.750000000000000000e+02
1.730000000000000000e+02
1.700000000000000000e+02
1.670000000000000000e+02
1.640000000000000000e+02
1.600000000000000000e+02
1.510000000000000000e+02
1.480000000000000000e+02
1.450000000000000000e+02
1.410000000000000000e+02
1.400000000000000000e+02
1.390000000000000000e+02
1.330000000000000000e+02
1.280000000000000000e+02
1.260000000000000000e+02
1.230000000000000000e+02
1.190000000000000000e+02
1.130000000000000000e+02
