0.000000000000000000e+00
0.000000000000000000e+00
0.000000000000000000e+00
0.000000000000000000e+00
0.000000000000000000e+00
0.000000000000000000e+00
0.000000000000000000e+00
0.000000000000000000e+00
0.000000000000000000e+00
0.000000000000000000e+00
0.000000000000000000e+00
0.000000000000000000e+00
0.000000000000000000e+00
0.000000000000000000e+00
0.000000000000000000e+00
0.000000000000000000e+00
0.000000000000000000e+00
0.000000000000000000e+00
0.000000000000000000e+00
5.000000000000000000e+00
9.000000000000000000e+00
1.500000000000000000e+01
1.500000000000000000e+01
2.400000000000000000e+01
3.100000000000000000e+01
3.900000000000000000e+01
4.900000000000000000e+01
4.900000000000000000e+01
5.200000000000000000e+01
6.100000000000000000e+01
6.800000000000000000e+01
6.800000000000000000e+01
7.400000000000000000e+01
8.500000000000000000e+01
9.000000000000000000e+01
9.800000000000000000e+01
9.800000000000000000e+01
1.070000000000000000e+02
1.150000000000000000e+02
1.210000000000000000e+02
1.270000000000000000e+02
1.270000000000000000e+02
1.330000000000000000e+02
1.440000000000000000e+02
1.520000000000000000e+02
1.520000000000000000e+02
1.640000000000000000e+02
1.700000000000000000e+02
1.800000000000000000e+02
1.840000000000000000e+02
1.840000000000000000e+02
1.870000000000000000e+02
1.990000000000000000e+02
2.040000000000000000e+02
2.040000000000000000e+02
2.110000000000000000e+02
2.210000000000000000e+02
2.250000000000000000e+02
2.340000000000000000e+02
2.340000000000000000e+02
2.410000000000000000e+02
2.490000000000000000e+02
2.540000000000000000e+02
2.540000000000000000e+02
2.630000000000000000e+02
2.630000000000000000e+02
2.630000000000000000e+02
2.630000000000000000e+02
2.630000000000000000e+02
2.630000000000000000e+02
2.630000000000000000e+02
2.630000000000000000e+02
2.630000000000000000e+02
2.630000000000000000e+02
2.630000000000000000e+02
2.630000000000000000e+02
2.630000000000000000e+02
2.630000000000000000e+02
2.630000000000000000e+02
2.630000000000000000e+02
2.630000000000000000e+02
2.630000000000000000e+02
2.630000000000000000e+02
2.630000000000000000e+02
2.620000000000000000e+02
2.600000000000000000e+02
2.600000000000000000e+02
2.600000000000000000e+02
2.600000000000000000e+02
2.570000000000000000e+02
2.570000000000000000e+02
2.540000000000000000e+02
2.520000000000000000e+02
2.490000000000000000e+02
2.480000000000000000e+02
2.460000000000000000e+02
2.430000000000000000e+02
2.410000000000000000e+02
2.380000000000000000e+02
2.350000000000000000e+02
2.290000000000000000e+02
2.230000000000000000e+02
2.190000000000000000e+02
2.160000000000000000e+02
2.110000000000000000e+02
2.070000000000000000e+02
2.000000000000000000e+02
1.950000000000000000e+02
1.910000000000000000e+02
1.890000000000000000e+02
1.810000000000000000e+02
1.750000000000000000e+02
1.690000000000000000e+02
1.650000000000000000e+02
1.630000000000000000e+02
1.590000000000000000e+02
1.540000000000000000e+02
1.490000000000000000e+02
1.430000000000000000e+02
1.390000000000000000e+02
1.350000000000000000e+02
1.330000000000000000e+02
1.270000000000000000e+02
1.210000000000000000e+02
1.190000000000000000e+02
1.180000000000000000e+02
1.120000000000000000e+02
1.050000000000000000e+02
