0.000000000000000000e+00
0.000000000000000000e+00
0.000000000000000000e+00
0.000000000000000000e+00
0.000000000000000000e+00
0.000000000000000000e+00
0.000000000000000000e+00
0.000000000000000000e+00
0.000000000000000000e+00
0.000000000000000000e+00
0.000000000000000000e+00
0.000000000000000000e+00
0.000000000000000000e+00
0.000000000000000000e+00
0.000000000000000000e+00
0.000000000000000000e+00
0.000000000000000000e+00
0.000000000000000000e+00
0.000000000000000000e+00
0.000000000000000000e+00
0.000000000000000000e+00
0.000000000000000000e+00
0.000000000000000000e+00
7.000000000000000000e+00
1.600000000000000000e+01
2.500000000000000000e+01
3.000000000000000000e+01
3.000000000000000000e+01
3.400000000000000000e+01
4.200000000000000000e+01
5.200000000000000000e+01
5.200000000000000000e+01
6.000000000000000000e+01
7.200000000000000000e+01
7.900000000000000000e+01
8.900000000000000000e+01
8.900000000000000000e+01
9.300000000000000000e+01
1.030000000000000000e+02
1.120000000000000000e+02
1.240000000000000000e+02
1.240000000000000000e+02
1.310000000000000000e+02
1.380000000000000000e+02
1.440000000000000000e+02
1.440000000000000000e+02
1.520000000000000000e+02
1.610000000000000000e+02
1.670000000000000000e+02
1.770000000000000000e+02
1.770000000000000000e+02
1.880000000000000000e+02
1.960000000000000000e+02
2.040000000000000000e+02
2.040000000000000000e+02
2.100000000000000000e+02
2.190000000000000000e+02
2.270000000000000000e+02
2.370000000000000000e+02
2.370000000000000000e+02
2.470000000000000000e+02
2.530000000000000000e+02
2.560000000000000000e+02
2.560000000000000000e+02
2.610000000000000000e+02
2.610000000000000000e+02
2.610000000000000000e+02
2.610000000000000000e+02
2.610000000000000000e+02
2.610000000000000000e+02
2.610000000000000000e+02
2.610000000000000000e+02
2.610000000000000000e+02
2.610000000000000000e+02
2.610000000000000000e+02
2.610000000000000000e+02
2.610000000000000000e+02
2.610000000000000000e+02
2.610000000000000000e+02
2.610000000000000000e+02
2.610000000000000000e+02
2.610000000000000000e+02
2.610000000000000000e+02
2.610000000000000000e+02
2.610000000000000000e+02
2.610000000000000000e+02
2.610000000000000000e+02
2.610000000000000000e+02
2.610000000000000000e+02
2.580000000000000000e+02
2.570000000000000000e+02
2.560000000000000000e+02
2.560000000000000000e+02
2.530000000000000000e+02
2.510000000000000000e+02
2.510000000000000000e+02
2.470000000000000000e+02
2.440000000000000000e+02
2.410000000000000000e+02
2.390000000000000000e+02
2.380000000000000000e+02
2.350000000000000000e+02
2.300000000000000000e+02
2.240000000000000000e+02
2.180000000000000000e+02
2.160000000000000000e+02
2.110000000000000000e+02
2.070000000000000000e+02
2.040000000000000000e+02
2.010000000000000000e+02
1.970000000000000000e+02
1.950000000000000000e+02
1.930000000000000000e+02
1.910000000000000000e+02
1.860000000000000000e+02
1.790000000000000000e+02
1.770000000000000000e+02
1.740000000000000000e+02
1.660000000000000000e+02
1.540000000000000000e+02
1.430000000000000000e+02
1.410000000000000000e+02
1.350000000000000000e+02
1.280000000000000000e+02
1.250000000000000000e+02
1.180000000000000000e+02
1.160000000000000000e+02
1.110000000000000000e+02
