0.000000000000000000e+00
0.000000000000000000e+00
0.000000000000000000e+00
0.000000000000000000e+00
0.000000000000000000e+00
0.000000000000000000e+00
0.000000000000000000e+00
0.000000000000000000e+00
0.000000000000000000e+00
0.000000000000000000e+00
0.000000000000000000e+00
0.000000000000000000e+00
0.000000000000000000e+00
0.000000000000000000e+00
0.000000000000000000e+00
0.000000000000000000e+00
0.000000000000000000e+00
0.000000000000000000e+00
0.000000000000000000e+00
7.000000000000000000e+00
1.600000000000000000e+01
2.600000000000000000e+01
2.600000000000000000e+01
3.800000000000000000e+01
4.200000000000000000e+01
5.500000000000000000e+01
6.200000000000000000e+01
6.200000000000000000e+01
7.000000000000000000e+01
8.000000000000000000e+01
8.900000000000000000e+01
8.900000000000000000e+01
1.000000000000000000e+02
1.040000000000000000e+02
1.100000000000000000e+02
1.150000000000000000e+02
1.150000000000000000e+02
1.220000000000000000e+02
1.270000000000000000e+02
1.360000000000000000e+02
1.430000000000000000e+02
1.430000000000000000e+02
1.500000000000000000e+02
1.560000000000000000e+02
1.610000000000000000e+02
1.610000000000000000e+02
1.670000000000000000e+02
1.760000000000000000e+02
1.820000000000000000e+02
1.950000000000000000e+02
1.950000000000000000e+02
2.030000000000000000e+02
2.120000000000000000e+02
2.150000000000000000e+02
2.150000000000000000e+02
2.180000000000000000e+02
2.250000000000000000e+02
2.340000000000000000e+02
2.440000000000000000e+02
2.440000000000000000e+02
2.510000000000000000e+02
2.640000000000000000e+02
2.690000000000000000e+02
2.690000000000000000e+02
2.780000000000000000e+02
2.780000000000000000e+02
2.780000000000000000e+02
2.780000000000000000e+02
2.780000000000000000e+02
2.780000000000000000e+02
2.780000000000000000e+02
2.780000000000000000e+02
2.780000000000000000e+02
2.780000000000000000e+02
2.780000000000000000e+02
2.780000000000000000e+02
2.780000000000000000e+02
2.780000000000000000e+02
2.780000000000000000e+02
2.780000000000000000e+02
2.780000000000000000e+02
2.780000000000000000e+02
2.780000000000000000e+02
2.780000000000000000e+02
2.780000000000000000e+02
2.770000000000000000e+02
2.760000000000000000e+02
2.740000000000000000e+02
2.730000000000000000e+02
2.700000000000000000e+02
2.700000000000000000e+02
2.680000000000000000e+02
2.660000000000000000e+02
2.620000000000000000e+02
2.580000000000000000e+02
2.520000000000000000e+02
2.480000000000000000e+02
2.450000000000000000e+02
2.440000000000000000e+02
2.380000000000000000e+02
2.330000000000000000e+02
2.300000000000000000e+02
2.270000000000000000e+02
2.220000000000000000e+02
2.200000000000000000e+02
2.180000000000000000e+02
2.140000000000000000e+02
2.090000000000000000e+02
2.090000000000000000e+02
2.010000000000000000e+02
1.970000000000000000e+02
1.930000000000000000e+02
1.880000000000000000e+02
1.800000000000000000e+02
1.750000000000000000e+02
1.680000000000000000e+02
1.630000000000000000e+02
1.610000000000000000e+02
1.540000000000000000e+02
1.500000000000000000e+02
1.430000000000000000e+02
1.350000000000000000e+02
1.330000000000000000e+02
1.270000000000000000e+02
1.220000000000000000e+02
1.170000000000000000e+02
1.080000000000000000e+02
1.020000000000000000e+02
