0.000000000000000000e+00
0.000000000000000000e+00
0.000000000000000000e+00
0.000000000000000000e+00
0.000000000000000000e+00
0.000000000000000000e+00
0.000000000000000000e+00
0.000000000000000000e+00
0.000000000000000000e+00
0.000000000000000000e+00
0.000000000000000000e+00
0.000000000000000000e+00
0.000000000000000000e+00
0.000000000000000000e+00
0.000000000000000000e+00
0.000000000000000000e+00
0.000000000000000000e+00
0.000000000000000000e+00
0.000000000000000000e+00
0.000000000000000000e+00
6.000000000000000000e+00
9.000000000000000000e+00
9.000000000000000000e+00
1.600000000000000000e+01
2.300000000000000000e+01
3.300000000000000000e+01
4.100000000000000000e+01
4.100000000000000000e+01
4.500000000000000000e+01
4.900000000000000000e+01
5.800000000000000000e+01
5.800000000000000000e+01
6.700000000000000000e+01
7.500000000000000000e+01
8.200000000000000000e+01
9.100000000000000000e+01
9.100000000000000000e+01
9.800000000000000000e+01
1.090000000000000000e+02
1.150000000000000000e+02
1.270000000000000000e+02
1.270000000000000000e+02
1.310000000000000000e+02
1.370000000000000000e+02
1.450000000000000000e+02
1.450000000000000000e+02
1.550000000000000000e+02
1.610000000000000000e+02
1.650000000000000000e+02
1.760000000000000000e+02
1.760000000000000000e+02
1.810000000000000000e+02
1.860000000000000000e+02
2.000000000000000000e+02
2.000000000000000000e+02
2.110000000000000000e+02
2.180000000000000000e+02
2.270000000000000000e+02
2.340000000000000000e+02
2.340000000000000000e+02
2.470000000000000000e+02
2.570000000000000000e+02
2.650000000000000000e+02
2.650000000000000000e+02
2.710000000000000000e+02
2.710000000000000000e+02
2.710000000000000000e+02
2.710000000000000000e+02
2.710000000000000000e+02
2.710000000000000000e+02
2.710000000000000000e+02
2.710000000000000000e+02
2.710000000000000000e+02
2.710000000000000000e+02
2.710000000000000000e+02
2.710000000000000000e+02
2.710000000000000000e+02
2.710000000000000000e+02
2.710000000000000000e+02
2.710000000000000000e+02
2.710000000000000000e+02
2.710000000000000000e+02
2.710000000000000000e+02
2.710000000000000000e+02
2.710000000000000000e+02
2.710000000000000000e+02
2.710000000000000000e+02
2.710000000000000000e+02
2.710000000000000000e+02
2.680000000000000000e+02
2.660000000000000000e+02
2.650000000000000000e+02
2.640000000000000000e+02
2.640000000000000000e+02
2.610000000000000000e+02
2.590000000000000000e+02
2.570000000000000000e+02
2.550000000000000000e+02
2.510000000000000000e+02
2.510000000000000000e+02
2.440000000000000000e+02
2.400000000000000000e+02
2.390000000000000000e+02
2.360000000000000000e+02
2.330000000000000000e+02
2.270000000000000000e+02
2.240000000000000000e+02
2.210000000000000000e+02
2.200000000000000000e+02
2.170000000000000000e+02
2.130000000000000000e+02
2.030000000000000000e+02
1.980000000000000000e+02
1.910000000000000000e+02
1.880000000000000000e+02
1.800000000000000000e+02
1.740000000000000000e+02
1.720000000000000000e+02
1.700000000000000000e+02
1.660000000000000000e+02
1.600000000000000000e+02
1.510000000000000000e+02
1.450000000000000000e+02
1.390000000000000000e+02
1.370000000000000000e+02
1.300000000000000000e+02
1.230000000000000000e+02
1.190000000000000000e+02
