0.000000000000000000e+00
0.000000000000000000e+00
0.000000000000000000e+00
0.000000000000000000e+00
0.000000000000000000e+00
0.000000000000000000e+00
0.000000000000000000e+00
0.000000000000000000e+00
0.000000000000000000e+00
0.000000000000000000e+00
0.000000000000000000e+00
0.000000000000000000e+00
0.000000000000000000e+00
0.000000000000000000e+00
5.000000000000000000e+00
1.200000000000000000e+01
2.100000000000000000e+01
3.500000000000000000e+01
3.500000000000000000e+01
4.100000000000000000e+01
5.100000000000000000e+01
6.600000000000000000e+01
6.600000000000000000e+01
7.300000000000000000e+01
8.500000000000000000e+01
8.900000000000000000e+01
9.900000000000000000e+01
9.900000000000000000e+01
1.100000000000000000e+02
1.220000000000000000e+02
1.290000000000000000e+02
1.290000000000000000e+02
1.380000000000000000e+02
1.470000000000000000e+02
1.570000000000000000e+02
1.640000000000000000e+02
1.640000000000000000e+02
1.730000000000000000e+02
1.800000000000000000e+02
1.870000000000000000e+02
1.930000000000000000e+02
1.930000000000000000e+02
2.020000000000000000e+02
2.070000000000000000e+02
2.200000000000000000e+02
2.200000000000000000e+02
2.250000000000000000e+02
2.310000000000000000e+02
2.450000000000000000e+02
2.530000000000000000e+02
2.530000000000000000e+02
2.580000000000000000e+02
2.620000000000000000e+02
2.660000000000000000e+02
2.660000000000000000e+02
2.690000000000000000e+02
2.770000000000000000e+02
2.820000000000000000e+02
2.950000000000000000e+02
2.950000000000000000e+02
3.020000000000000000e+02
3.070000000000000000e+02
3.140000000000000000e+02
3.140000000000000000e+02
3.220000000000000000e+02
3.220000000000000000e+02
3.220000000000000000e+02
3.220000000000000000e+02
3.220000000000000000e+02
3.220000000000000000e+02
3.220000000000000000e+02
3.220000000000000000e+02
3.220000000000000000e+02
3.220000000000000000e+02
3.220000000000000000e+02
3.220000000000000000e+02
3.220000000000000000e+02
3.220000000000000000e+02
3.210000000000000000e+02
3.210000000000000000e+02
3.210000000000000000e+02
3.210000000000000000e+02
3.210000000000000000e+02
3.200000000000000000e+02
3.190000000000000000e+02
3.170000000000000000e+02
3.140000000000000000e+02
3.070000000000000000e+02
3.070000000000000000e+02
3.030000000000000000e+02
2.950000000000000000e+02
2.900000000000000000e+02
2.890000000000000000e+02
2.820000000000000000e+02
2.770000000000000000e+02
2.710000000000000000e+02
2.710000000000000000e+02
2.690000000000000000e+02
2.640000000000000000e+02
2.560000000000000000e+02
2.520000000000000000e+02
2.470000000000000000e+02
2.420000000000000000e+02
2.360000000000000000e+02
2.290000000000000000e+02
2.250000000000000000e+02
2.220000000000000000e+02
2.180000000000000000e+02
2.160000000000000000e+02
2.090000000000000000e+02
2.030000000000000000e+02
1.970000000000000000e+02
1.940000000000000000e+02
1.920000000000000000e+02
1.870000000000000000e+02
1.830000000000000000e+02
1.750000000000000000e+02
1.730000000000000000e+02
1.690000000000000000e+02
1.650000000000000000e+02
1.580000000000000000e+02
1.500000000000000000e+02
1.450000000000000000e+02
1.400000000000000000e+02
1.360000000000000000e+02
1.290000000000000000e+02
1.220000000000000000e+02
1.150000000000000000e+02
