0.000000000000000000e+00
0.000000000000000000e+00
0.000000000000000000e+00
0.000000000000000000e+00
0.000000000000000000e+00
0.000000000000000000e+00
0.000000000000000000e+00
0.000000000000000000e+00
0.000000000000000000e+00
0.000000000000000000e+00
0.000000000000000000e+00
0.000000000000000000e+00
0.000000000000000000e+00
0.000000000000000000e+00
0.000000000000000000e+00
0.000000000000000000e+00
0.000000000000000000e+00
0.000000000000000000e+00
0.000000000000000000e+00
0.000000000000000000e+00
0.000000000000000000e+00
0.000000000000000000e+00
0.000000000000000000e+00
0.000000000000000000e+00
5.000000000000000000e+00
1.200000000000000000e+01
2.600000000000000000e+01
2.600000000000000000e+01
3.200000000000000000e+01
4.100000000000000000e+01
4.900000000000000000e+01
4.900000000000000000e+01
6.100000000000000000e+01
6.600000000000000000e+01
7.700000000000000000e+01
8.400000000000000000e+01
8.400000000000000000e+01
9.400000000000000000e+01
1.050000000000000000e+02
1.100000000000000000e+02
1.230000000000000000e+02
1.230000000000000000e+02
1.280000000000000000e+02
1.320000000000000000e+02
1.330000000000000000e+02
1.330000000000000000e+02
1.390000000000000000e+02
1.500000000000000000e+02
1.580000000000000000e+02
1.670000000000000000e+02
1.670000000000000000e+02
1.790000000000000000e+02
1.860000000000000000e+02
1.930000000000000000e+02
1.930000000000000000e+02
2.010000000000000000e+02
2.160000000000000000e+02
2.220000000000000000e+02
2.330000000000000000e+02
2.330000000000000000e+02
2.350000000000000000e+02
2.490000000000000000e+02
2.610000000000000000e+02
2.610000000000000000e+02
2.660000000000000000e+02
2.660000000000000000e+02
2.660000000000000000e+02
2.660000000000000000e+02
2.660000000000000000e+02
2.660000000000000000e+02
2.660000000000000000e+02
2.660000000000000000e+02
2.660000000000000000e+02
2.660000000000000000e+02
2.660000000000000000e+02
2.660000000000000000e+02
2.660000000000000000e+02
2.660000000000000000e+02
2.660000000000000000e+02
2.660000000000000000e+02
2.660000000000000000e+02
2.660000000000000000e+02
2.660000000000000000e+02
2.660000000000000000e+02
2.660000000000000000e+02
2.660000000000000000e+02
2.660000000000000000e+02
2.660000000000000000e+02
2.650000000000000000e+02
2.650000000000000000e+02
2.650000000000000000e+02
2.630000000000000000e+02
2.590000000000000000e+02
2.580000000000000000e+02
2.570000000000000000e+02
2.530000000000000000e+02
2.510000000000000000e+02
2.500000000000000000e+02
2.490000000000000000e+02
2.480000000000000000e+02
2.460000000000000000e+02
2.430000000000000000e+02
2.410000000000000000e+02
2.380000000000000000e+02
2.330000000000000000e+02
2.290000000000000000e+02
2.270000000000000000e+02
2.240000000000000000e+02
2.230000000000000000e+02
2.200000000000000000e+02
2.170000000000000000e+02
2.110000000000000000e+02
2.080000000000000000e+02
2.010000000000000000e+02
1.980000000000000000e+02
1.940000000000000000e+02
1.910000000000000000e+02
1.880000000000000000e+02
1.830000000000000000e+02
1.790000000000000000e+02
1.690000000000000000e+02
1.680000000000000000e+02
1.590000000000000000e+02
1.540000000000000000e+02
1.490000000000000000e+02
1.440000000000000000e+02
1.400000000000000000e+02
1.340000000000000000e+02
