0.000000000000000000e+00
0.000000000000000000e+00
0.000000000000000000e+00
0.000000000000000000e+00
0.000000000000000000e+00
0.000000000000000000e+00
0.000000000000000000e+00
0.000000000000000000e+00
0.000000000000000000e+00
0.000000000000000000e+00
0.000000000000000000e+00
0.000000000000000000e+00
0.000000000000000000e+00
0.000000000000000000e+00
0.000000000000000000e+00
1.000000000000000000e+00
1.000000000000000000e+00
1.000000000000000000e+00
1.000000000000000000e+00
1.600000000000000000e+01
2.100000000000000000e+01
2.900000000000000000e+01
2.900000000000000000e+01
3.700000000000000000e+01
4.000000000000000000e+01
4.900000000000000000e+01
5.800000000000000000e+01
5.800000000000000000e+01
6.700000000000000000e+01
7.300000000000000000e+01
8.600000000000000000e+01
8.600000000000000000e+01
9.300000000000000000e+01
1.040000000000000000e+02
1.120000000000000000e+02
1.210000000000000000e+02
1.210000000000000000e+02
1.290000000000000000e+02
1.360000000000000000e+02
1.400000000000000000e+02
1.480000000000000000e+02
1.480000000000000000e+02
1.560000000000000000e+02
1.640000000000000000e+02
1.710000000000000000e+02
1.710000000000000000e+02
1.790000000000000000e+02
1.840000000000000000e+02
1.930000000000000000e+02
1.980000000000000000e+02
1.980000000000000000e+02
2.040000000000000000e+02
2.100000000000000000e+02
2.180000000000000000e+02
2.180000000000000000e+02
2.300000000000000000e+02
2.400000000000000000e+02
2.510000000000000000e+02
2.590000000000000000e+02
2.590000000000000000e+02
2.640000000000000000e+02
2.730000000000000000e+02
2.820000000000000000e+02
2.820000000000000000e+02
2.950000000000000000e+02
2.950000000000000000e+02
2.950000000000000000e+02
2.950000000000000000e+02
2.950000000000000000e+02
2.950000000000000000e+02
2.950000000000000000e+02
2.950000000000000000e+02
2.950000000000000000e+02
2.950000000000000000e+02
2.950000000000000000e+02
2.950000000000000000e+02
2.950000000000000000e+02
2.950000000000000000e+02
2.950000000000000000e+02
2.950000000000000000e+02
2.950000000000000000e+02
2.950000000000000000e+02
2.950000000000000000e+02
2.950000000000000000e+02
2.950000000000000000e+02
2.930000000000000000e+02
2.910000000000000000e+02
2.910000000000000000e+02
2.890000000000000000e+02
2.870000000000000000e+02
2.850000000000000000e+02
2.810000000000000000e+02
2.780000000000000000e+02
2.780000000000000000e+02
2.740000000000000000e+02
2.700000000000000000e+02
2.680000000000000000e+02
2.650000000000000000e+02
2.620000000000000000e+02
2.600000000000000000e+02
2.570000000000000000e+02
2.510000000000000000e+02
2.470000000000000000e+02
2.400000000000000000e+02
2.340000000000000000e+02
2.310000000000000000e+02
2.270000000000000000e+02
2.230000000000000000e+02
2.170000000000000000e+02
2.130000000000000000e+02
2.100000000000000000e+02
2.010000000000000000e+02
1.950000000000000000e+02
1.910000000000000000e+02
1.880000000000000000e+02
1.830000000000000000e+02
1.800000000000000000e+02
1.750000000000000000e+02
1.670000000000000000e+02
1.600000000000000000e+02
1.580000000000000000e+02
1.500000000000000000e+02
1.460000000000000000e+02
1.390000000000000000e+02
1.310000000000000000e+02
1.260000000000000000e+02
1.190000000000000000e+02
1.100000000000000000e+02
