0.000000000000000000e+00
0.000000000000000000e+00
0.000000000000000000e+00
0.000000000000000000e+00
0.000000000000000000e+00
0.000000000000000000e+00
0.000000000000000000e+00
0.000000000000000000e+00
0.000000000000000000e+00
0.000000000000000000e+00
0.000000000000000000e+00
0.000000000000000000e+00
0.000000000000000000e+00
0.000000000000000000e+00
4.000000000000000000e+00
1.200000000000000000e+01
1.700000000000000000e+01
2.800000000000000000e+01
2.800000000000000000e+01
3.300000000000000000e+01
4.400000000000000000e+01
5.300000000000000000e+01
5.300000000000000000e+01
5.900000000000000000e+01
6.900000000000000000e+01
8.000000000000000000e+01
8.400000000000000000e+01
8.400000000000000000e+01
8.600000000000000000e+01
9.300000000000000000e+01
1.050000000000000000e+02
1.050000000000000000e+02
1.150000000000000000e+02
1.210000000000000000e+02
1.290000000000000000e+02
1.350000000000000000e+02
1.350000000000000000e+02
1.400000000000000000e+02
1.470000000000000000e+02
1.540000000000000000e+02
1.600000000000000000e+02
1.600000000000000000e+02
1.670000000000000000e+02
1.750000000000000000e+02
1.850000000000000000e+02
1.850000000000000000e+02
1.940000000000000000e+02
2.010000000000000000e+02
2.060000000000000000e+02
2.210000000000000000e+02
2.210000000000000000e+02
2.320000000000000000e+02
2.350000000000000000e+02
2.480000000000000000e+02
2.480000000000000000e+02
2.550000000000000000e+02
2.600000000000000000e+02
2.690000000000000000e+02
2.820000000000000000e+02
2.820000000000000000e+02
2.910000000000000000e+02
2.950000000000000000e+02
3.070000000000000000e+02
3.070000000000000000e+02
3.120000000000000000e+02
3.120000000000000000e+02
3.120000000000000000e+02
3.120000000000000000e+02
3.120000000000000000e+02
3.120000000000000000e+02
3.120000000000000000e+02
3.120000000000000000e+02
3.120000000000000000e+02
3.120000000000000000e+02
3.120000000000000000e+02
3.120000000000000000e+02
3.120000000000000000e+02
3.120000000000000000e+02
3.120000000000000000e+02
3.110000000000000000e+02
3.110000000000000000e+02
3.090000000000000000e+02
3.080000000000000000e+02
3.070000000000000000e+02
3.040000000000000000e+02
2.990000000000000000e+02
2.990000000000000000e+02
2.980000000000000000e+02
2.940000000000000000e+02
2.890000000000000000e+02
2.870000000000000000e+02
2.850000000000000000e+02
2.810000000000000000e+02
2.790000000000000000e+02
2.780000000000000000e+02
2.760000000000000000e+02
2.740000000000000000e+02
2.710000000000000000e+02
2.700000000000000000e+02
2.660000000000000000e+02
2.620000000000000000e+02
2.610000000000000000e+02
2.590000000000000000e+02
2.570000000000000000e+02
2.540000000000000000e+02
2.510000000000000000e+02
2.480000000000000000e+02
2.460000000000000000e+02
2.400000000000000000e+02
2.320000000000000000e+02
2.290000000000000000e+02
2.240000000000000000e+02
2.190000000000000000e+02
2.120000000000000000e+02
2.060000000000000000e+02
2.000000000000000000e+02
1.910000000000000000e+02
1.860000000000000000e+02
1.800000000000000000e+02
1.740000000000000000e+02
1.700000000000000000e+02
1.610000000000000000e+02
1.570000000000000000e+02
1.500000000000000000e+02
1.440000000000000000e+02
1.360000000000000000e+02
1.320000000000000000e+02
1.280000000000000000e+02
