0.000000000000000000e+00
0.000000000000000000e+00
0.000000000000000000e+00
0.000000000000000000e+00
0.000000000000000000e+00
0.000000000000000000e+00
0.000000000000000000e+00
0.000000000000000000e+00
0.000000000000000000e+00
0.000000000000000000e+00
0.000000000000000000e+00
0.000000000000000000e+00
0.000000000000000000e+00
0.000000000000000000e+00
0.000000000000000000e+00
8.000000000000000000e+00
1.600000000000000000e+01
2.800000000000000000e+01
2.800000000000000000e+01
3.400000000000000000e+01
4.600000000000000000e+01
5.400000000000000000e+01
5.400000000000000000e+01
5.800000000000000000e+01
6.500000000000000000e+01
7.500000000000000000e+01
8.300000000000000000e+01
8.300000000000000000e+01
9.500000000000000000e+01
1.040000000000000000e+02
1.110000000000000000e+02
1.110000000000000000e+02
1.210000000000000000e+02
1.260000000000000000e+02
1.360000000000000000e+02
1.470000000000000000e+02
1.470000000000000000e+02
1.510000000000000000e+02
1.590000000000000000e+02
1.740000000000000000e+02
1.790000000000000000e+02
1.790000000000000000e+02
1.900000000000000000e+02
1.980000000000000000e+02
2.040000000000000000e+02
2.040000000000000000e+02
2.110000000000000000e+02
2.170000000000000000e+02
2.230000000000000000e+02
2.320000000000000000e+02
2.320000000000000000e+02
2.410000000000000000e+02
2.530000000000000000e+02
2.580000000000000000e+02
2.580000000000000000e+02
2.640000000000000000e+02
2.690000000000000000e+02
2.820000000000000000e+02
2.880000000000000000e+02
2.880000000000000000e+02
2.930000000000000000e+02
3.040000000000000000e+02
3.090000000000000000e+02
3.090000000000000000e+02
3.140000000000000000e+02
3.140000000000000000e+02
3.140000000000000000e+02
3.140000000000000000e+02
3.140000000000000000e+02
3.140000000000000000e+02
3.140000000000000000e+02
3.140000000000000000e+02
3.140000000000000000e+02
3.140000000000000000e+02
3.140000000000000000e+02
3.140000000000000000e+02
3.140000000000000000e+02
3.140000000000000000e+02
3.140000000000000000e+02
3.140000000000000000e+02
3.120000000000000000e+02
3.100000000000000000e+02
3.060000000000000000e+02
3.060000000000000000e+02
3.050000000000000000e+02
3.020000000000000000e+02
3.000000000000000000e+02
2.980000000000000000e+02
2.970000000000000000e+02
2.950000000000000000e+02
2.920000000000000000e+02
2.900000000000000000e+02
2.860000000000000000e+02
2.860000000000000000e+02
2.800000000000000000e+02
2.760000000000000000e+02
2.720000000000000000e+02
2.650000000000000000e+02
2.600000000000000000e+02
2.590000000000000000e+02
2.540000000000000000e+02
2.520000000000000000e+02
2.470000000000000000e+02
2.430000000000000000e+02
2.330000000000000000e+02
2.270000000000000000e+02
2.230000000000000000e+02
2.180000000000000000e+02
2.140000000000000000e+02
2.110000000000000000e+02
2.080000000000000000e+02
2.040000000000000000e+02
2.000000000000000000e+02
1.970000000000000000e+02
1.900000000000000000e+02
1.810000000000000000e+02
1.720000000000000000e+02
1.650000000000000000e+02
1.610000000000000000e+02
1.550000000000000000e+02
1.510000000000000000e+02
1.450000000000000000e+02
1.370000000000000000e+02
1.350000000000000000e+02
1.290000000000000000e+02
1.210000000000000000e+02
1.150000000000000000e+02
1.070000000000000000e+02
