0.000000000000000000e+00
0.000000000000000000e+00
0.000000000000000000e+00
0.000000000000000000e+00
0.000000000000000000e+00
0.000000000000000000e+00
0.000000000000000000e+00
0.000000000000000000e+00
0.000000000000000000e+00
0.000000000000000000e+00
1.000000000000000000e+00
2.000000000000000000e+00
1.000000000000000000e+01
1.000000000000000000e+01
2.100000000000000000e+01
2.400000000000000000e+01
3.300000000000000000e+01
4.100000000000000000e+01
4.100000000000000000e+01
5.000000000000000000e+01
5.900000000000000000e+01
6.100000000000000000e+01
6.100000000000000000e+01
6.700000000000000000e+01
7.400000000000000000e+01
8.100000000000000000e+01
9.300000000000000000e+01
9.300000000000000000e+01
1.000000000000000000e+02
1.090000000000000000e+02
1.140000000000000000e+02
1.140000000000000000e+02
1.210000000000000000e+02
1.320000000000000000e+02
1.410000000000000000e+02
1.470000000000000000e+02
1.470000000000000000e+02
1.540000000000000000e+02
1.630000000000000000e+02
1.720000000000000000e+02
1.800000000000000000e+02
1.800000000000000000e+02
1.860000000000000000e+02
1.930000000000000000e+02
1.990000000000000000e+02
1.990000000000000000e+02
2.030000000000000000e+02
2.100000000000000000e+02
2.170000000000000000e+02
2.250000000000000000e+02
2.250000000000000000e+02
2.310000000000000000e+02
2.470000000000000000e+02
2.520000000000000000e+02
2.520000000000000000e+02
2.620000000000000000e+02
2.660000000000000000e+02
2.730000000000000000e+02
2.830000000000000000e+02
2.830000000000000000e+02
2.960000000000000000e+02
3.050000000000000000e+02
3.180000000000000000e+02
3.180000000000000000e+02
3.280000000000000000e+02
3.280000000000000000e+02
3.280000000000000000e+02
3.280000000000000000e+02
3.280000000000000000e+02
3.280000000000000000e+02
3.280000000000000000e+02
3.280000000000000000e+02
3.280000000000000000e+02
3.280000000000000000e+02
3.280000000000000000e+02
3.280000000000000000e+02
3.280000000000000000e+02
3.280000000000000000e+02
3.260000000000000000e+02
3.250000000000000000e+02
3.250000000000000000e+02
3.220000000000000000e+02
3.190000000000000000e+02
3.180000000000000000e+02
3.130000000000000000e+02
3.120000000000000000e+02
3.100000000000000000e+02
3.080000000000000000e+02
3.060000000000000000e+02
3.040000000000000000e+02
3.020000000000000000e+02
3.010000000000000000e+02
2.950000000000000000e+02
2.930000000000000000e+02
2.920000000000000000e+02
2.890000000000000000e+02
2.860000000000000000e+02
2.810000000000000000e+02
2.760000000000000000e+02
2.740000000000000000e+02
2.700000000000000000e+02
2.660000000000000000e+02
2.560000000000000000e+02
2.530000000000000000e+02
2.500000000000000000e+02
2.470000000000000000e+02
2.410000000000000000e+02
2.370000000000000000e+02
2.310000000000000000e+02
2.280000000000000000e+02
2.220000000000000000e+02
2.170000000000000000e+02
2.160000000000000000e+02
2.130000000000000000e+02
2.100000000000000000e+02
2.060000000000000000e+02
1.970000000000000000e+02
1.880000000000000000e+02
1.830000000000000000e+02
1.810000000000000000e+02
1.730000000000000000e+02
1.660000000000000000e+02
1.620000000000000000e+02
1.590000000000000000e+02
1.580000000000000000e+02
1.470000000000000000e+02
1.420000000000000000e+02
1.420000000000000000e+02
