0.000000000000000000e+00
0.000000000000000000e+00
0.000000000000000000e+00
0.000000000000000000e+00
0.000000000000000000e+00
0.000000000000000000e+00
0.000000000000000000e+00
0.000000000000000000e+00
0.000000000000000000e+00
0.000000000000000000e+00
0.000000000000000000e+00
0.000000000000000000e+00
0.000000000000000000e+00
0.000000000000000000e+00
4.000000000000000000e+00
1.000000000000000000e+01
1.300000000000000000e+01
1.800000000000000000e+01
1.800000000000000000e+01
2.200000000000000000e+01
3.700000000000000000e+01
4.400000000000000000e+01
4.400000000000000000e+01
5.500000000000000000e+01
6.200000000000000000e+01
6.800000000000000000e+01
7.600000000000000000e+01
7.600000000000000000e+01
8.600000000000000000e+01
9.400000000000000000e+01
1.030000000000000000e+02
1.030000000000000000e+02
1.090000000000000000e+02
1.190000000000000000e+02
1.330000000000000000e+02
1.400000000000000000e+02
1.400000000000000000e+02
1.460000000000000000e+02
1.570000000000000000e+02
1.670000000000000000e+02
1.740000000000000000e+02
1.740000000000000000e+02
1.820000000000000000e+02
1.890000000000000000e+02
1.940000000000000000e+02
1.940000000000000000e+02
1.990000000000000000e+02
2.090000000000000000e+02
2.150000000000000000e+02
2.230000000000000000e+02
2.230000000000000000e+02
2.300000000000000000e+02
2.410000000000000000e+02
2.470000000000000000e+02
2.470000000000000000e+02
2.500000000000000000e+02
2.550000000000000000e+02
2.610000000000000000e+02
2.710000000000000000e+02
2.710000000000000000e+02
2.790000000000000000e+02
2.890000000000000000e+02
3.100000000000000000e+02
3.100000000000000000e+02
3.120000000000000000e+02
3.120000000000000000e+02
3.120000000000000000e+02
3.120000000000000000e+02
3.120000000000000000e+02
3.120000000000000000e+02
3.120000000000000000e+02
3.120000000000000000e+02
3.120000000000000000e+02
3.120000000000000000e+02
3.120000000000000000e+02
3.120000000000000000e+02
3.120000000000000000e+02
3.120000000000000000e+02
3.120000000000000000e+02
3.110000000000000000e+02
3.110000000000000000e+02
3.080000000000000000e+02
3.080000000000000000e+02
3.080000000000000000e+02
3.080000000000000000e+02
3.070000000000000000e+02
3.060000000000000000e+02
3.020000000000000000e+02
3.020000000000000000e+02
3.000000000000000000e+02
2.970000000000000000e+02
2.930000000000000000e+02
2.900000000000000000e+02
2.890000000000000000e+02
2.860000000000000000e+02
2.840000000000000000e+02
2.840000000000000000e+02
2.790000000000000000e+02
2.760000000000000000e+02
2.660000000000000000e+02
2.640000000000000000e+02
2.590000000000000000e+02
2.560000000000000000e+02
2.510000000000000000e+02
2.400000000000000000e+02
2.330000000000000000e+02
2.290000000000000000e+02
2.200000000000000000e+02
2.170000000000000000e+02
2.130000000000000000e+02
2.080000000000000000e+02
2.040000000000000000e+02
1.950000000000000000e+02
1.880000000000000000e+02
1.800000000000000000e+02
1.760000000000000000e+02
1.720000000000000000e+02
1.680000000000000000e+02
1.640000000000000000e+02
1.620000000000000000e+02
1.570000000000000000e+02
1.500000000000000000e+02
1.410000000000000000e+02
1.330000000000000000e+02
1.280000000000000000e+02
1.240000000000000000e+02
1.210000000000000000e+02
1.150000000000000000e+02
