0.000000000000000000e+00
0.000000000000000000e+00
0.000000000000000000e+00
0.000000000000000000e+00
0.000000000000000000e+00
0.000000000000000000e+00
0.000000000000000000e+00
0.000000000000000000e+00
0.000000000000000000e+00
0.000000000000000000e+00
0.000000000000000000e+00
0.000000000000000000e+00
0.000000000000000000e+00
0.000000000000000000e+00
0.000000000000000000e+00
0.000000000000000000e+00
0.000000000000000000e+00
0.000000000000000000e+00
0.000000000000000000e+00
1.200000000000000000e+01
1.700000000000000000e+01
2.200000000000000000e+01
2.200000000000000000e+01
2.700000000000000000e+01
3.400000000000000000e+01
4.200000000000000000e+01
5.000000000000000000e+01
5.000000000000000000e+01
5.600000000000000000e+01
6.600000000000000000e+01
7.200000000000000000e+01
7.200000000000000000e+01
7.900000000000000000e+01
8.500000000000000000e+01
9.100000000000000000e+01
1.000000000000000000e+02
1.000000000000000000e+02
1.090000000000000000e+02
1.150000000000000000e+02
1.230000000000000000e+02
1.300000000000000000e+02
1.300000000000000000e+02
1.410000000000000000e+02
1.470000000000000000e+02
1.590000000000000000e+02
1.590000000000000000e+02
1.650000000000000000e+02
1.780000000000000000e+02
1.840000000000000000e+02
1.920000000000000000e+02
1.920000000000000000e+02
1.990000000000000000e+02
2.050000000000000000e+02
2.110000000000000000e+02
2.110000000000000000e+02
2.210000000000000000e+02
2.320000000000000000e+02
2.390000000000000000e+02
2.460000000000000000e+02
2.460000000000000000e+02
2.520000000000000000e+02
2.600000000000000000e+02
2.650000000000000000e+02
2.650000000000000000e+02
2.720000000000000000e+02
2.720000000000000000e+02
2.720000000000000000e+02
2.720000000000000000e+02
2.720000000000000000e+02
2.720000000000000000e+02
2.720000000000000000e+02
2.720000000000000000e+02
2.720000000000000000e+02
2.720000000000000000e+02
2.720000000000000000e+02
2.720000000000000000e+02
2.720000000000000000e+02
2.720000000000000000e+02
2.720000000000000000e+02
2.720000000000000000e+02
2.720000000000000000e+02
2.720000000000000000e+02
2.720000000000000000e+02
2.720000000000000000e+02
2.710000000000000000e+02
2.710000000000000000e+02
2.690000000000000000e+02
2.690000000000000000e+02
2.670000000000000000e+02
2.660000000000000000e+02
2.640000000000000000e+02
2.600000000000000000e+02
2.580000000000000000e+02
2.570000000000000000e+02
2.530000000000000000e+02
2.490000000000000000e+02
2.470000000000000000e+02
2.440000000000000000e+02
2.380000000000000000e+02
2.380000000000000000e+02
2.340000000000000000e+02
2.330000000000000000e+02
2.300000000000000000e+02
2.250000000000000000e+02
2.220000000000000000e+02
2.190000000000000000e+02
2.180000000000000000e+02
2.140000000000000000e+02
2.130000000000000000e+02
2.100000000000000000e+02
2.060000000000000000e+02
2.040000000000000000e+02
1.970000000000000000e+02
1.930000000000000000e+02
1.850000000000000000e+02
1.810000000000000000e+02
1.760000000000000000e+02
1.680000000000000000e+02
1.650000000000000000e+02
1.590000000000000000e+02
1.520000000000000000e+02
1.460000000000000000e+02
1.410000000000000000e+02
1.360000000000000000e+02
1.300000000000000000e+02
1.250000000000000000e+02
1.170000000000000000e+02
1.090000000000000000e+02
