0.000000000000000000e+00
0.000000000000000000e+00
0.000000000000000000e+00
0.000000000000000000e+00
0.000000000000000000e+00
0.000000000000000000e+00
0.000000000000000000e+00
0.000000000000000000e+00
0.000000000000000000e+00
0.000000000000000000e+00
0.000000000000000000e+00
0.000000000000000000e+00
0.000000000000000000e+00
0.000000000000000000e+00
0.000000000000000000e+00
0.000000000000000000e+00
0.000000000000000000e+00
0.000000000000000000e+00
0.000000000000000000e+00
2.000000000000000000e+00
7.000000000000000000e+00
1.900000000000000000e+01
1.900000000000000000e+01
2.300000000000000000e+01
3.000000000000000000e+01
3.500000000000000000e+01
4.500000000000000000e+01
4.500000000000000000e+01
5.200000000000000000e+01
6.200000000000000000e+01
6.700000000000000000e+01
6.700000000000000000e+01
7.400000000000000000e+01
8.200000000000000000e+01
9.400000000000000000e+01
1.040000000000000000e+02
1.040000000000000000e+02
1.150000000000000000e+02
1.260000000000000000e+02
1.280000000000000000e+02
1.390000000000000000e+02
1.390000000000000000e+02
1.450000000000000000e+02
1.520000000000000000e+02
1.580000000000000000e+02
1.580000000000000000e+02
1.660000000000000000e+02
1.720000000000000000e+02
1.790000000000000000e+02
1.870000000000000000e+02
1.870000000000000000e+02
1.930000000000000000e+02
2.010000000000000000e+02
2.060000000000000000e+02
2.060000000000000000e+02
2.080000000000000000e+02
2.140000000000000000e+02
2.220000000000000000e+02
2.300000000000000000e+02
2.300000000000000000e+02
2.360000000000000000e+02
2.410000000000000000e+02
2.480000000000000000e+02
2.480000000000000000e+02
2.530000000000000000e+02
2.530000000000000000e+02
2.530000000000000000e+02
2.530000000000000000e+02
2.530000000000000000e+02
2.530000000000000000e+02
2.530000000000000000e+02
2.530000000000000000e+02
2.530000000000000000e+02
2.530000000000000000e+02
2.530000000000000000e+02
2.530000000000000000e+02
2.530000000000000000e+02
2.530000000000000000e+02
2.530000000000000000e+02
2.530000000000000000e+02
2.530000000000000000e+02
2.530000000000000000e+02
2.530000000000000000e+02
2.530000000000000000e+02
2.520000000000000000e+02
2.500000000000000000e+02
2.490000000000000000e+02
2.480000000000000000e+02
2.470000000000000000e+02
2.460000000000000000e+02
2.440000000000000000e+02
2.430000000000000000e+02
2.390000000000000000e+02
2.370000000000000000e+02
2.340000000000000000e+02
2.320000000000000000e+02
2.280000000000000000e+02
2.250000000000000000e+02
2.230000000000000000e+02
2.170000000000000000e+02
2.140000000000000000e+02
2.110000000000000000e+02
2.060000000000000000e+02
2.010000000000000000e+02
1.980000000000000000e+02
1.970000000000000000e+02
1.910000000000000000e+02
1.890000000000000000e+02
1.860000000000000000e+02
1.830000000000000000e+02
1.810000000000000000e+02
1.770000000000000000e+02
1.730000000000000000e+02
1.680000000000000000e+02
1.660000000000000000e+02
1.610000000000000000e+02
1.580000000000000000e+02
1.530000000000000000e+02
1.500000000000000000e+02
1.460000000000000000e+02
1.370000000000000000e+02
1.250000000000000000e+02
1.240000000000000000e+02
1.190000000000000000e+02
1.150000000000000000e+02
1.100000000000000000e+02
1.040000000000000000e+02
1.000000000000000000e+02
