0.000000000000000000e+00
0.000000000000000000e+00
0.000000000000000000e+00
0.000000000000000000e+00
0.000000000000000000e+00
0.000000000000000000e+00
0.000000000000000000e+00
0.000000000000000000e+00
0.000000000000000000e+00
0.000000000000000000e+00
0.000000000000000000e+00
3.000000000000000000e+00
5.000000000000000000e+00
5.000000000000000000e+00
1.200000000000000000e+01
2.300000000000000000e+01
3.100000000000000000e+01
3.900000000000000000e+01
3.900000000000000000e+01
4.400000000000000000e+01
5.300000000000000000e+01
6.100000000000000000e+01
6.100000000000000000e+01
6.900000000000000000e+01
8.000000000000000000e+01
9.300000000000000000e+01
1.080000000000000000e+02
1.080000000000000000e+02
1.140000000000000000e+02
1.170000000000000000e+02
1.220000000000000000e+02
1.220000000000000000e+02
1.310000000000000000e+02
1.400000000000000000e+02
1.450000000000000000e+02
1.510000000000000000e+02
1.510000000000000000e+02
1.570000000000000000e+02
1.580000000000000000e+02
1.660000000000000000e+02
1.730000000000000000e+02
1.730000000000000000e+02
1.800000000000000000e+02
1.860000000000000000e+02
1.910000000000000000e+02
1.910000000000000000e+02
1.990000000000000000e+02
2.080000000000000000e+02
2.140000000000000000e+02
2.220000000000000000e+02
2.220000000000000000e+02
2.280000000000000000e+02
2.360000000000000000e+02
2.420000000000000000e+02
2.420000000000000000e+02
2.500000000000000000e+02
2.580000000000000000e+02
2.780000000000000000e+02
2.850000000000000000e+02
2.850000000000000000e+02
2.970000000000000000e+02
3.050000000000000000e+02
3.130000000000000000e+02
3.130000000000000000e+02
3.200000000000000000e+02
3.200000000000000000e+02
3.200000000000000000e+02
3.200000000000000000e+02
3.200000000000000000e+02
3.200000000000000000e+02
3.200000000000000000e+02
3.200000000000000000e+02
3.200000000000000000e+02
3.200000000000000000e+02
3.200000000000000000e+02
3.200000000000000000e+02
3.200000000000000000e+02
3.200000000000000000e+02
3.190000000000000000e+02
3.180000000000000000e+02
3.150000000000000000e+02
3.140000000000000000e+02
3.140000000000000000e+02
3.120000000000000000e+02
3.090000000000000000e+02
3.040000000000000000e+02
3.020000000000000000e+02
3.020000000000000000e+02
3.000000000000000000e+02
2.910000000000000000e+02
2.850000000000000000e+02
2.830000000000000000e+02
2.800000000000000000e+02
2.750000000000000000e+02
2.690000000000000000e+02
2.650000000000000000e+02
2.560000000000000000e+02
2.540000000000000000e+02
2.510000000000000000e+02
2.500000000000000000e+02
2.470000000000000000e+02
2.430000000000000000e+02
2.410000000000000000e+02
2.370000000000000000e+02
2.310000000000000000e+02
2.280000000000000000e+02
2.220000000000000000e+02
2.120000000000000000e+02
2.070000000000000000e+02
2.030000000000000000e+02
1.980000000000000000e+02
1.930000000000000000e+02
1.860000000000000000e+02
1.840000000000000000e+02
1.800000000000000000e+02
1.760000000000000000e+02
1.710000000000000000e+02
1.680000000000000000e+02
1.670000000000000000e+02
1.600000000000000000e+02
1.580000000000000000e+02
1.490000000000000000e+02
1.450000000000000000e+02
1.350000000000000000e+02
1.290000000000000000e+02
1.200000000000000000e+02
1.140000000000000000e+02
1.090000000000000000e+02
