0.000000000000000000e+00
0.000000000000000000e+00
0.000000000000000000e+00
0.000000000000000000e+00
0.000000000000000000e+00
0.000000000000000000e+00
0.000000000000000000e+00
0.000000000000000000e+00
0.000000000000000000e+00
0.000000000000000000e+00
0.000000000000000000e+00
0.000000000000000000e+00
0.000000000000000000e+00
0.000000000000000000e+00
0.000000000000000000e+00
0.000000000000000000e+00
0.000000000000000000e+00
0.000000000000000000e+00
0.000000000000000000e+00
3.000000000000000000e+00
1.100000000000000000e+01
1.700000000000000000e+01
1.700000000000000000e+01
2.500000000000000000e+01
3.400000000000000000e+01
4.000000000000000000e+01
5.100000000000000000e+01
5.100000000000000000e+01
5.700000000000000000e+01
6.600000000000000000e+01
7.200000000000000000e+01
7.200000000000000000e+01
7.700000000000000000e+01
8.200000000000000000e+01
9.000000000000000000e+01
9.700000000000000000e+01
9.700000000000000000e+01
1.000000000000000000e+02
1.100000000000000000e+02
1.150000000000000000e+02
1.280000000000000000e+02
1.280000000000000000e+02
1.360000000000000000e+02
1.430000000000000000e+02
1.490000000000000000e+02
1.490000000000000000e+02
1.570000000000000000e+02
1.670000000000000000e+02
1.740000000000000000e+02
1.840000000000000000e+02
1.840000000000000000e+02
1.910000000000000000e+02
1.970000000000000000e+02
2.000000000000000000e+02
2.000000000000000000e+02
2.080000000000000000e+02
2.160000000000000000e+02
2.230000000000000000e+02
2.310000000000000000e+02
2.310000000000000000e+02
2.390000000000000000e+02
2.440000000000000000e+02
2.520000000000000000e+02
2.520000000000000000e+02
2.580000000000000000e+02
2.580000000000000000e+02
2.580000000000000000e+02
2.580000000000000000e+02
2.580000000000000000e+02
2.580000000000000000e+02
2.580000000000000000e+02
2.580000000000000000e+02
2.580000000000000000e+02
2.580000000000000000e+02
2.580000000000000000e+02
2.580000000000000000e+02
2.580000000000000000e+02
2.580000000000000000e+02
2.580000000000000000e+02
2.580000000000000000e+02
2.580000000000000000e+02
2.580000000000000000e+02
2.580000000000000000e+02
2.580000000000000000e+02
2.580000000000000000e+02
2.570000000000000000e+02
2.570000000000000000e+02
2.560000000000000000e+02
2.540000000000000000e+02
2.500000000000000000e+02
2.490000000000000000e+02
2.460000000000000000e+02
2.450000000000000000e+02
2.450000000000000000e+02
2.420000000000000000e+02
2.380000000000000000e+02
2.360000000000000000e+02
2.350000000000000000e+02
2.310000000000000000e+02
2.290000000000000000e+02
2.260000000000000000e+02
2.220000000000000000e+02
2.190000000000000000e+02
2.140000000000000000e+02
2.090000000000000000e+02
2.050000000000000000e+02
2.030000000000000000e+02
2.010000000000000000e+02
1.970000000000000000e+02
1.890000000000000000e+02
1.870000000000000000e+02
1.810000000000000000e+02
1.770000000000000000e+02
1.710000000000000000e+02
1.650000000000000000e+02
1.610000000000000000e+02
1.560000000000000000e+02
1.480000000000000000e+02
1.450000000000000000e+02
1.390000000000000000e+02
1.330000000000000000e+02
1.280000000000000000e+02
1.220000000000000000e+02
1.170000000000000000e+02
1.150000000000000000e+02
1.130000000000000000e+02
1.070000000000000000e+02
1.030000000000000000e+02
