0.000000000000000000e+00
0.000000000000000000e+00
0.000000000000000000e+00
0.000000000000000000e+00
0.000000000000000000e+00
0.000000000000000000e+00
0.000000000000000000e+00
0.000000000000000000e+00
0.000000000000000000e+00
0.000000000000000000e+00
0.000000000000000000e+00
0.000000000000000000e+00
0.000000000000000000e+00
0.000000000000000000e+00
1.000000000000000000e+00
1.300000000000000000e+01
2.600000000000000000e+01
3.100000000000000000e+01
3.100000000000000000e+01
3.800000000000000000e+01
4.400000000000000000e+01
4.800000000000000000e+01
4.800000000000000000e+01
5.600000000000000000e+01
6.500000000000000000e+01
7.400000000000000000e+01
8.700000000000000000e+01
8.700000000000000000e+01
9.200000000000000000e+01
9.800000000000000000e+01
1.040000000000000000e+02
1.040000000000000000e+02
1.120000000000000000e+02
1.140000000000000000e+02
1.220000000000000000e+02
1.300000000000000000e+02
1.300000000000000000e+02
1.360000000000000000e+02
1.430000000000000000e+02
1.520000000000000000e+02
1.620000000000000000e+02
1.620000000000000000e+02
1.710000000000000000e+02
1.810000000000000000e+02
1.920000000000000000e+02
1.920000000000000000e+02
2.020000000000000000e+02
2.090000000000000000e+02
2.130000000000000000e+02
2.200000000000000000e+02
2.200000000000000000e+02
2.300000000000000000e+02
2.360000000000000000e+02
2.420000000000000000e+02
2.420000000000000000e+02
2.470000000000000000e+02
2.570000000000000000e+02
2.600000000000000000e+02
2.670000000000000000e+02
2.670000000000000000e+02
2.740000000000000000e+02
2.780000000000000000e+02
2.830000000000000000e+02
2.830000000000000000e+02
2.920000000000000000e+02
2.920000000000000000e+02
2.920000000000000000e+02
2.920000000000000000e+02
2.920000000000000000e+02
2.920000000000000000e+02
2.920000000000000000e+02
2.920000000000000000e+02
2.920000000000000000e+02
2.920000000000000000e+02
2.920000000000000000e+02
2.920000000000000000e+02
2.920000000000000000e+02
2.920000000000000000e+02
2.920000000000000000e+02
2.910000000000000000e+02
2.890000000000000000e+02
2.890000000000000000e+02
2.890000000000000000e+02
2.860000000000000000e+02
2.850000000000000000e+02
2.840000000000000000e+02
2.830000000000000000e+02
2.790000000000000000e+02
2.780000000000000000e+02
2.760000000000000000e+02
2.690000000000000000e+02
2.690000000000000000e+02
2.660000000000000000e+02
2.600000000000000000e+02
2.570000000000000000e+02
2.540000000000000000e+02
2.540000000000000000e+02
2.510000000000000000e+02
2.460000000000000000e+02
2.430000000000000000e+02
2.400000000000000000e+02
2.350000000000000000e+02
2.320000000000000000e+02
2.260000000000000000e+02
2.220000000000000000e+02
2.170000000000000000e+02
2.070000000000000000e+02
2.060000000000000000e+02
1.990000000000000000e+02
1.950000000000000000e+02
1.920000000000000000e+02
1.880000000000000000e+02
1.840000000000000000e+02
1.750000000000000000e+02
1.690000000000000000e+02
1.630000000000000000e+02
1.570000000000000000e+02
1.510000000000000000e+02
1.450000000000000000e+02
1.410000000000000000e+02
1.370000000000000000e+02
1.320000000000000000e+02
1.290000000000000000e+02
1.260000000000000000e+02
1.230000000000000000e+02
1.180000000000000000e+02
1.150000000000000000e+02
1.070000000000000000e+02
