0.000000000000000000e+00
0.000000000000000000e+00
0.000000000000000000e+00
0.000000000000000000e+00
0.000000000000000000e+00
0.000000000000000000e+00
0.000000000000000000e+00
0.000000000000000000e+00
0.000000000000000000e+00
0.000000000000000000e+00
0.000000000000000000e+00
0.000000000000000000e+00
0.000000000000000000e+00
0.000000000000000000e+00
0.000000000000000000e+00
0.000000000000000000e+00
0.000000000000000000e+00
0.000000000000000000e+00
0.000000000000000000e+00
0.000000000000000000e+00
1.000000000000000000e+00
1.000000000000000000e+00
1.000000000000000000e+00
3.000000000000000000e+00
6.000000000000000000e+00
1.400000000000000000e+01
2.000000000000000000e+01
2.000000000000000000e+01
3.700000000000000000e+01
4.200000000000000000e+01
5.000000000000000000e+01
5.000000000000000000e+01
5.900000000000000000e+01
6.300000000000000000e+01
7.200000000000000000e+01
8.300000000000000000e+01
8.300000000000000000e+01
9.400000000000000000e+01
1.000000000000000000e+02
1.030000000000000000e+02
1.140000000000000000e+02
1.140000000000000000e+02
1.240000000000000000e+02
1.310000000000000000e+02
1.400000000000000000e+02
1.400000000000000000e+02
1.450000000000000000e+02
1.550000000000000000e+02
1.660000000000000000e+02
1.790000000000000000e+02
1.790000000000000000e+02
1.910000000000000000e+02
2.040000000000000000e+02
2.080000000000000000e+02
2.080000000000000000e+02
2.150000000000000000e+02
2.210000000000000000e+02
2.270000000000000000e+02
2.330000000000000000e+02
2.330000000000000000e+02
2.390000000000000000e+02
2.440000000000000000e+02
2.520000000000000000e+02
2.520000000000000000e+02
2.650000000000000000e+02
2.650000000000000000e+02
2.650000000000000000e+02
2.650000000000000000e+02
2.650000000000000000e+02
2.650000000000000000e+02
2.650000000000000000e+02
2.650000000000000000e+02
2.650000000000000000e+02
2.650000000000000000e+02
2.650000000000000000e+02
2.650000000000000000e+02
2.650000000000000000e+02
2.650000000000000000e+02
2.650000000000000000e+02
2.650000000000000000e+02
2.650000000000000000e+02
2.650000000000000000e+02
2.650000000000000000e+02
2.650000000000000000e+02
2.650000000000000000e+02
2.650000000000000000e+02
2.650000000000000000e+02
2.650000000000000000e+02
2.650000000000000000e+02
2.640000000000000000e+02
2.630000000000000000e+02
2.630000000000000000e+02
2.620000000000000000e+02
2.600000000000000000e+02
2.570000000000000000e+02
2.570000000000000000e+02
2.540000000000000000e+02
2.520000000000000000e+02
2.500000000000000000e+02
2.440000000000000000e+02
2.420000000000000000e+02
2.400000000000000000e+02
2.360000000000000000e+02
2.350000000000000000e+02
2.310000000000000000e+02
2.290000000000000000e+02
2.240000000000000000e+02
2.200000000000000000e+02
2.150000000000000000e+02
2.110000000000000000e+02
2.060000000000000000e+02
1.950000000000000000e+02
1.910000000000000000e+02
1.880000000000000000e+02
1.790000000000000000e+02
1.760000000000000000e+02
1.690000000000000000e+02
1.580000000000000000e+02
1.550000000000000000e+02
1.490000000000000000e+02
1.420000000000000000e+02
1.330000000000000000e+02
1.310000000000000000e+02
1.280000000000000000e+02
1.210000000000000000e+02
1.170000000000000000e+02
1.130000000000000000e+02
1.080000000000000000e+02
