0.000000000000000000e+00
0.000000000000000000e+00
0.000000000000000000e+00
0.000000000000000000e+00
0.000000000000000000e+00
0.000000000000000000e+00
0.000000000000000000e+00
0.000000000000000000e+00
0.000000000000000000e+00
0.000000000000000000e+00
0.000000000000000000e+00
0.000000000000000000e+00
0.000000000000000000e+00
0.000000000000000000e+00
0.000000000000000000e+00
0.000000000000000000e+00
0.000000000000000000e+00
1.000000000000000000e+00
1.000000000000000000e+00
1.000000000000000000e+01
1.900000000000000000e+01
3.100000000000000000e+01
3.100000000000000000e+01
4.000000000000000000e+01
4.400000000000000000e+01
5.300000000000000000e+01
5.700000000000000000e+01
5.700000000000000000e+01
5.900000000000000000e+01
7.000000000000000000e+01
7.600000000000000000e+01
7.600000000000000000e+01
8.200000000000000000e+01
9.100000000000000000e+01
9.600000000000000000e+01
9.900000000000000000e+01
9.900000000000000000e+01
1.070000000000000000e+02
1.150000000000000000e+02
1.200000000000000000e+02
1.250000000000000000e+02
1.250000000000000000e+02
1.400000000000000000e+02
1.500000000000000000e+02
1.520000000000000000e+02
1.520000000000000000e+02
1.590000000000000000e+02
1.640000000000000000e+02
1.710000000000000000e+02
1.790000000000000000e+02
1.790000000000000000e+02
1.820000000000000000e+02
1.910000000000000000e+02
1.980000000000000000e+02
1.980000000000000000e+02
2.090000000000000000e+02
2.150000000000000000e+02
2.240000000000000000e+02
2.320000000000000000e+02
2.320000000000000000e+02
2.400000000000000000e+02
2.470000000000000000e+02
2.540000000000000000e+02
2.540000000000000000e+02
2.630000000000000000e+02
2.630000000000000000e+02
2.630000000000000000e+02
2.630000000000000000e+02
2.630000000000000000e+02
2.630000000000000000e+02
2.630000000000000000e+02
2.630000000000000000e+02
2.630000000000000000e+02
2.630000000000000000e+02
2.630000000000000000e+02
2.630000000000000000e+02
2.630000000000000000e+02
2.630000000000000000e+02
2.630000000000000000e+02
2.630000000000000000e+02
2.630000000000000000e+02
2.630000000000000000e+02
2.630000000000000000e+02
2.630000000000000000e+02
2.630000000000000000e+02
2.630000000000000000e+02
2.590000000000000000e+02
2.590000000000000000e+02
2.560000000000000000e+02
2.530000000000000000e+02
2.500000000000000000e+02
2.470000000000000000e+02
2.470000000000000000e+02
2.450000000000000000e+02
2.400000000000000000e+02
2.390000000000000000e+02
2.340000000000000000e+02
2.270000000000000000e+02
2.250000000000000000e+02
2.220000000000000000e+02
2.180000000000000000e+02
2.170000000000000000e+02
2.140000000000000000e+02
2.110000000000000000e+02
2.090000000000000000e+02
2.030000000000000000e+02
1.970000000000000000e+02
1.940000000000000000e+02
1.880000000000000000e+02
1.840000000000000000e+02
1.780000000000000000e+02
1.740000000000000000e+02
1.670000000000000000e+02
1.650000000000000000e+02
1.630000000000000000e+02
1.590000000000000000e+02
1.550000000000000000e+02
1.520000000000000000e+02
1.500000000000000000e+02
1.470000000000000000e+02
1.470000000000000000e+02
1.430000000000000000e+02
1.410000000000000000e+02
1.360000000000000000e+02
1.330000000000000000e+02
1.300000000000000000e+02
1.240000000000000000e+02
1.190000000000000000e+02
