0.000000000000000000e+00
0.000000000000000000e+00
0.000000000000000000e+00
0.000000000000000000e+00
0.000000000000000000e+00
0.000000000000000000e+00
0.000000000000000000e+00
0.000000000000000000e+00
0.000000000000000000e+00
0.000000000000000000e+00
0.000000000000000000e+00
0.000000000000000000e+00
0.000000000000000000e+00
0.000000000000000000e+00
0.000000000000000000e+00
0.000000000000000000e+00
0.000000000000000000e+00
0.000000000000000000e+00
0.000000000000000000e+00
0.000000000000000000e+00
0.000000000000000000e+00
0.000000000000000000e+00
0.000000000000000000e+00
0.000000000000000000e+00
6.000000000000000000e+00
1.300000000000000000e+01
1.800000000000000000e+01
1.800000000000000000e+01
2.900000000000000000e+01
3.900000000000000000e+01
5.200000000000000000e+01
5.200000000000000000e+01
6.200000000000000000e+01
7.000000000000000000e+01
7.700000000000000000e+01
8.300000000000000000e+01
8.300000000000000000e+01
9.100000000000000000e+01
9.500000000000000000e+01
1.010000000000000000e+02
1.070000000000000000e+02
1.070000000000000000e+02
1.190000000000000000e+02
1.310000000000000000e+02
1.350000000000000000e+02
1.350000000000000000e+02
1.420000000000000000e+02
1.480000000000000000e+02
1.550000000000000000e+02
1.590000000000000000e+02
1.590000000000000000e+02
1.670000000000000000e+02
1.730000000000000000e+02
1.820000000000000000e+02
1.820000000000000000e+02
1.880000000000000000e+02
1.960000000000000000e+02
2.020000000000000000e+02
2.070000000000000000e+02
2.070000000000000000e+02
2.130000000000000000e+02
2.240000000000000000e+02
2.340000000000000000e+02
2.340000000000000000e+02
2.380000000000000000e+02
2.380000000000000000e+02
2.380000000000000000e+02
2.380000000000000000e+02
2.380000000000000000e+02
2.380000000000000000e+02
2.380000000000000000e+02
2.380000000000000000e+02
2.380000000000000000e+02
2.380000000000000000e+02
2.380000000000000000e+02
2.380000000000000000e+02
2.380000000000000000e+02
2.380000000000000000e+02
2.380000000000000000e+02
2.380000000000000000e+02
2.380000000000000000e+02
2.380000000000000000e+02
2.380000000000000000e+02
2.380000000000000000e+02
2.380000000000000000e+02
2.380000000000000000e+02
2.380000000000000000e+02
2.380000000000000000e+02
2.380000000000000000e+02
2.380000000000000000e+02
2.360000000000000000e+02
2.360000000000000000e+02
2.350000000000000000e+02
2.340000000000000000e+02
2.310000000000000000e+02
2.310000000000000000e+02
2.280000000000000000e+02
2.220000000000000000e+02
2.200000000000000000e+02
2.180000000000000000e+02
2.160000000000000000e+02
2.140000000000000000e+02
2.120000000000000000e+02
2.080000000000000000e+02
2.010000000000000000e+02
1.980000000000000000e+02
1.940000000000000000e+02
1.890000000000000000e+02
1.870000000000000000e+02
1.840000000000000000e+02
1.830000000000000000e+02
1.760000000000000000e+02
1.690000000000000000e+02
1.670000000000000000e+02
1.630000000000000000e+02
1.590000000000000000e+02
1.560000000000000000e+02
1.470000000000000000e+02
1.460000000000000000e+02
1.460000000000000000e+02
1.410000000000000000e+02
1.370000000000000000e+02
1.270000000000000000e+02
1.240000000000000000e+02
1.200000000000000000e+02
1.170000000000000000e+02
1.120000000000000000e+02
1.070000000000000000e+02
