0.000000000000000000e+00
0.000000000000000000e+00
0.000000000000000000e+00
0.000000000000000000e+00
0.000000000000000000e+00
0.000000000000000000e+00
0.000000000000000000e+00
0.000000000000000000e+00
0.000000000000000000e+00
0.000000000000000000e+00
0.000000000000000000e+00
0.000000000000000000e+00
1.000000000000000000e+00
1.000000000000000000e+00
1.000000000000000000e+00
1.100000000000000000e+01
1.800000000000000000e+01
2.300000000000000000e+01
2.300000000000000000e+01
3.200000000000000000e+01
3.400000000000000000e+01
3.600000000000000000e+01
3.600000000000000000e+01
3.900000000000000000e+01
4.700000000000000000e+01
5.800000000000000000e+01
6.600000000000000000e+01
6.600000000000000000e+01
7.800000000000000000e+01
8.600000000000000000e+01
9.400000000000000000e+01
9.400000000000000000e+01
1.040000000000000000e+02
1.150000000000000000e+02
1.240000000000000000e+02
1.310000000000000000e+02
1.310000000000000000e+02
1.410000000000000000e+02
1.440000000000000000e+02
1.510000000000000000e+02
1.550000000000000000e+02
1.550000000000000000e+02
1.660000000000000000e+02
1.750000000000000000e+02
1.850000000000000000e+02
1.850000000000000000e+02
1.960000000000000000e+02
2.060000000000000000e+02
2.120000000000000000e+02
2.200000000000000000e+02
2.200000000000000000e+02
2.250000000000000000e+02
2.370000000000000000e+02
2.460000000000000000e+02
2.460000000000000000e+02
2.520000000000000000e+02
2.580000000000000000e+02
2.640000000000000000e+02
2.710000000000000000e+02
2.710000000000000000e+02
2.790000000000000000e+02
2.920000000000000000e+02
3.030000000000000000e+02
3.030000000000000000e+02
3.090000000000000000e+02
3.090000000000000000e+02
3.090000000000000000e+02
3.090000000000000000e+02
3.090000000000000000e+02
3.090000000000000000e+02
3.090000000000000000e+02
3.090000000000000000e+02
3.090000000000000000e+02
3.090000000000000000e+02
3.090000000000000000e+02
3.090000000000000000e+02
3.090000000000000000e+02
3.090000000000000000e+02
3.090000000000000000e+02
3.090000000000000000e+02
3.090000000000000000e+02
3.090000000000000000e+02
3.080000000000000000e+02
3.080000000000000000e+02
3.070000000000000000e+02
3.040000000000000000e+02
3.040000000000000000e+02
3.040000000000000000e+02
3.010000000000000000e+02
3.000000000000000000e+02
2.990000000000000000e+02
2.950000000000000000e+02
2.940000000000000000e+02
2.910000000000000000e+02
2.890000000000000000e+02
2.840000000000000000e+02
2.780000000000000000e+02
2.740000000000000000e+02
2.730000000000000000e+02
2.670000000000000000e+02
2.610000000000000000e+02
2.570000000000000000e+02
2.540000000000000000e+02
2.490000000000000000e+02
2.440000000000000000e+02
2.400000000000000000e+02
2.380000000000000000e+02
2.300000000000000000e+02
2.250000000000000000e+02
2.230000000000000000e+02
2.190000000000000000e+02
2.170000000000000000e+02
2.140000000000000000e+02
2.090000000000000000e+02
2.050000000000000000e+02
1.970000000000000000e+02
1.880000000000000000e+02
1.840000000000000000e+02
1.780000000000000000e+02
1.730000000000000000e+02
1.660000000000000000e+02
1.610000000000000000e+02
1.600000000000000000e+02
1.530000000000000000e+02
1.500000000000000000e+02
1.380000000000000000e+02
1.320000000000000000e+02
1.280000000000000000e+02
