0.000000000000000000e+00
0.000000000000000000e+00
0.000000000000000000e+00
0.000000000000000000e+00
0.000000000000000000e+00
0.000000000000000000e+00
0.000000000000000000e+00
0.000000000000000000e+00
0.000000000000000000e+00
0.000000000000000000e+00
0.000000000000000000e+00
3.000000000000000000e+00
9.000000000000000000e+00
9.000000000000000000e+00
1.200000000000000000e+01
1.800000000000000000e+01
2.300000000000000000e+01
3.000000000000000000e+01
3.000000000000000000e+01
3.600000000000000000e+01
4.100000000000000000e+01
4.700000000000000000e+01
4.700000000000000000e+01
5.500000000000000000e+01
6.200000000000000000e+01
6.700000000000000000e+01
7.900000000000000000e+01
7.900000000000000000e+01
8.600000000000000000e+01
8.900000000000000000e+01
9.200000000000000000e+01
9.200000000000000000e+01
9.900000000000000000e+01
1.080000000000000000e+02
1.170000000000000000e+02
1.220000000000000000e+02
1.220000000000000000e+02
1.360000000000000000e+02
1.440000000000000000e+02
1.530000000000000000e+02
1.600000000000000000e+02
1.600000000000000000e+02
1.660000000000000000e+02
1.760000000000000000e+02
1.870000000000000000e+02
1.870000000000000000e+02
1.950000000000000000e+02
2.010000000000000000e+02
2.100000000000000000e+02
2.220000000000000000e+02
2.220000000000000000e+02
2.350000000000000000e+02
2.450000000000000000e+02
2.550000000000000000e+02
2.550000000000000000e+02
2.600000000000000000e+02
2.680000000000000000e+02
2.730000000000000000e+02
2.820000000000000000e+02
2.820000000000000000e+02
2.880000000000000000e+02
2.950000000000000000e+02
3.080000000000000000e+02
3.080000000000000000e+02
3.140000000000000000e+02
3.140000000000000000e+02
3.140000000000000000e+02
3.140000000000000000e+02
3.140000000000000000e+02
3.140000000000000000e+02
3.140000000000000000e+02
3.140000000000000000e+02
3.140000000000000000e+02
3.140000000000000000e+02
3.140000000000000000e+02
3.140000000000000000e+02
3.140000000000000000e+02
3.140000000000000000e+02
3.130000000000000000e+02
3.120000000000000000e+02
3.120000000000000000e+02
3.120000000000000000e+02
3.110000000000000000e+02
3.110000000000000000e+02
3.070000000000000000e+02
3.070000000000000000e+02
3.040000000000000000e+02
3.010000000000000000e+02
3.000000000000000000e+02
2.980000000000000000e+02
2.950000000000000000e+02
2.950000000000000000e+02
2.920000000000000000e+02
2.880000000000000000e+02
2.860000000000000000e+02
2.810000000000000000e+02
2.770000000000000000e+02
2.730000000000000000e+02
2.660000000000000000e+02
2.600000000000000000e+02
2.570000000000000000e+02
2.570000000000000000e+02
2.530000000000000000e+02
2.490000000000000000e+02
2.440000000000000000e+02
2.390000000000000000e+02
2.360000000000000000e+02
2.300000000000000000e+02
2.260000000000000000e+02
2.230000000000000000e+02
2.150000000000000000e+02
2.110000000000000000e+02
2.080000000000000000e+02
2.030000000000000000e+02
1.960000000000000000e+02
1.930000000000000000e+02
1.870000000000000000e+02
1.790000000000000000e+02
1.730000000000000000e+02
1.660000000000000000e+02
1.590000000000000000e+02
1.560000000000000000e+02
1.480000000000000000e+02
1.450000000000000000e+02
1.350000000000000000e+02
1.320000000000000000e+02
1.280000000000000000e+02
1.200000000000000000e+02
