0.000000000000000000e+00
0.000000000000000000e+00
0.000000000000000000e+00
0.000000000000000000e+00
0.000000000000000000e+00
0.000000000000000000e+00
0.000000000000000000e+00
0.000000000000000000e+00
0.000000000000000000e+00
0.000000000000000000e+00
0.000000000000000000e+00
0.000000000000000000e+00
0.000000000000000000e+00
0.000000000000000000e+00
0.000000000000000000e+00
0.000000000000000000e+00
0.000000000000000000e+00
1.000000000000000000e+00
1.000000000000000000e+00
2.000000000000000000e+00
6.000000000000000000e+00
1.400000000000000000e+01
1.400000000000000000e+01
2.300000000000000000e+01
3.100000000000000000e+01
3.900000000000000000e+01
4.600000000000000000e+01
4.600000000000000000e+01
5.200000000000000000e+01
5.300000000000000000e+01
6.100000000000000000e+01
6.100000000000000000e+01
6.900000000000000000e+01
7.500000000000000000e+01
8.200000000000000000e+01
8.900000000000000000e+01
8.900000000000000000e+01
9.900000000000000000e+01
1.120000000000000000e+02
1.180000000000000000e+02
1.290000000000000000e+02
1.290000000000000000e+02
1.390000000000000000e+02
1.480000000000000000e+02
1.530000000000000000e+02
1.530000000000000000e+02
1.610000000000000000e+02
1.670000000000000000e+02
1.770000000000000000e+02
1.880000000000000000e+02
1.880000000000000000e+02
1.970000000000000000e+02
2.050000000000000000e+02
2.120000000000000000e+02
2.120000000000000000e+02
2.200000000000000000e+02
2.290000000000000000e+02
2.420000000000000000e+02
2.510000000000000000e+02
2.510000000000000000e+02
2.620000000000000000e+02
2.690000000000000000e+02
2.740000000000000000e+02
2.740000000000000000e+02
2.780000000000000000e+02
2.780000000000000000e+02
2.780000000000000000e+02
2.780000000000000000e+02
2.780000000000000000e+02
2.780000000000000000e+02
2.780000000000000000e+02
2.780000000000000000e+02
2.780000000000000000e+02
2.780000000000000000e+02
2.780000000000000000e+02
2.780000000000000000e+02
2.780000000000000000e+02
2.780000000000000000e+02
2.780000000000000000e+02
2.780000000000000000e+02
2.780000000000000000e+02
2.780000000000000000e+02
2.780000000000000000e+02
2.780000000000000000e+02
2.780000000000000000e+02
2.780000000000000000e+02
2.780000000000000000e+02
2.770000000000000000e+02
2.730000000000000000e+02
2.730000000000000000e+02
2.710000000000000000e+02
2.680000000000000000e+02
2.660000000000000000e+02
2.660000000000000000e+02
2.650000000000000000e+02
2.640000000000000000e+02
2.570000000000000000e+02
2.520000000000000000e+02
2.500000000000000000e+02
2.490000000000000000e+02
2.420000000000000000e+02
2.370000000000000000e+02
2.350000000000000000e+02
2.300000000000000000e+02
2.250000000000000000e+02
2.200000000000000000e+02
2.140000000000000000e+02
2.110000000000000000e+02
2.070000000000000000e+02
2.040000000000000000e+02
1.990000000000000000e+02
1.910000000000000000e+02
1.850000000000000000e+02
1.790000000000000000e+02
1.730000000000000000e+02
1.710000000000000000e+02
1.650000000000000000e+02
1.610000000000000000e+02
1.530000000000000000e+02
1.500000000000000000e+02
1.470000000000000000e+02
1.440000000000000000e+02
1.410000000000000000e+02
1.350000000000000000e+02
1.280000000000000000e+02
1.260000000000000000e+02
1.220000000000000000e+02
1.160000000000000000e+02
