0.000000000000000000e+00
0.000000000000000000e+00
0.000000000000000000e+00
0.000000000000000000e+00
0.000000000000000000e+00
0.000000000000000000e+00
0.000000000000000000e+00
0.000000000000000000e+00
0.000000000000000000e+00
0.000000000000000000e+00
0.000000000000000000e+00
0.000000000000000000e+00
0.000000000000000000e+00
0.000000000000000000e+00
0.000000000000000000e+00
0.000000000000000000e+00
0.000000000000000000e+00
5.000000000000000000e+00
5.000000000000000000e+00
1.200000000000000000e+01
2.400000000000000000e+01
3.200000000000000000e+01
3.200000000000000000e+01
4.000000000000000000e+01
4.700000000000000000e+01
5.100000000000000000e+01
5.600000000000000000e+01
5.600000000000000000e+01
6.400000000000000000e+01
7.200000000000000000e+01
7.800000000000000000e+01
7.800000000000000000e+01
8.900000000000000000e+01
9.500000000000000000e+01
1.010000000000000000e+02
1.110000000000000000e+02
1.110000000000000000e+02
1.230000000000000000e+02
1.260000000000000000e+02
1.320000000000000000e+02
1.410000000000000000e+02
1.410000000000000000e+02
1.510000000000000000e+02
1.590000000000000000e+02
1.610000000000000000e+02
1.610000000000000000e+02
1.680000000000000000e+02
1.800000000000000000e+02
1.860000000000000000e+02
1.950000000000000000e+02
1.950000000000000000e+02
2.040000000000000000e+02
2.120000000000000000e+02
2.200000000000000000e+02
2.200000000000000000e+02
2.270000000000000000e+02
2.350000000000000000e+02
2.440000000000000000e+02
2.470000000000000000e+02
2.470000000000000000e+02
2.520000000000000000e+02
2.610000000000000000e+02
2.670000000000000000e+02
2.670000000000000000e+02
2.770000000000000000e+02
2.770000000000000000e+02
2.770000000000000000e+02
2.770000000000000000e+02
2.770000000000000000e+02
2.770000000000000000e+02
2.770000000000000000e+02
2.770000000000000000e+02
2.770000000000000000e+02
2.770000000000000000e+02
2.770000000000000000e+02
2.770000000000000000e+02
2.770000000000000000e+02
2.770000000000000000e+02
2.770000000000000000e+02
2.770000000000000000e+02
2.770000000000000000e+02
2.770000000000000000e+02
2.760000000000000000e+02
2.750000000000000000e+02
2.740000000000000000e+02
2.730000000000000000e+02
2.720000000000000000e+02
2.690000000000000000e+02
2.660000000000000000e+02
2.650000000000000000e+02
2.620000000000000000e+02
2.610000000000000000e+02
2.600000000000000000e+02
2.570000000000000000e+02
2.520000000000000000e+02
2.510000000000000000e+02
2.500000000000000000e+02
2.500000000000000000e+02
2.500000000000000000e+02
2.480000000000000000e+02
2.460000000000000000e+02
2.440000000000000000e+02
2.370000000000000000e+02
2.310000000000000000e+02
2.250000000000000000e+02
2.220000000000000000e+02
2.170000000000000000e+02
2.120000000000000000e+02
2.060000000000000000e+02
2.010000000000000000e+02
1.980000000000000000e+02
1.910000000000000000e+02
1.870000000000000000e+02
1.830000000000000000e+02
1.770000000000000000e+02
1.740000000000000000e+02
1.710000000000000000e+02
1.670000000000000000e+02
1.600000000000000000e+02
1.550000000000000000e+02
1.470000000000000000e+02
1.370000000000000000e+02
1.350000000000000000e+02
1.280000000000000000e+02
1.180000000000000000e+02
1.120000000000000000e+02
1.040000000000000000e+02
9.900000000000000000e+01
