0.000000000000000000e+00
0.000000000000000000e+00
0.000000000000000000e+00
0.000000000000000000e+00
0.000000000000000000e+00
0.000000000000000000e+00
0.000000000000000000e+00
2.000000000000000000e+00
4.000000000000000000e+00
4.000000000000000000e+00
1.000000000000000000e+01
1.700000000000000000e+01
2.300000000000000000e+01
2.300000000000000000e+01
3.200000000000000000e+01
3.900000000000000000e+01
4.600000000000000000e+01
5.300000000000000000e+01
5.300000000000000000e+01
5.900000000000000000e+01
6.800000000000000000e+01
7.500000000000000000e+01
7.500000000000000000e+01
8.200000000000000000e+01
9.000000000000000000e+01
9.800000000000000000e+01
1.040000000000000000e+02
1.040000000000000000e+02
1.140000000000000000e+02
1.200000000000000000e+02
1.310000000000000000e+02
1.310000000000000000e+02
1.390000000000000000e+02
1.450000000000000000e+02
1.530000000000000000e+02
1.650000000000000000e+02
1.650000000000000000e+02
1.760000000000000000e+02
1.890000000000000000e+02
2.020000000000000000e+02
2.110000000000000000e+02
2.110000000000000000e+02
2.170000000000000000e+02
2.210000000000000000e+02
2.260000000000000000e+02
2.260000000000000000e+02
2.350000000000000000e+02
2.430000000000000000e+02
2.510000000000000000e+02
2.610000000000000000e+02
2.610000000000000000e+02
2.650000000000000000e+02
2.720000000000000000e+02
2.820000000000000000e+02
2.820000000000000000e+02
2.930000000000000000e+02
3.000000000000000000e+02
3.020000000000000000e+02
3.080000000000000000e+02
3.080000000000000000e+02
3.100000000000000000e+02
3.170000000000000000e+02
3.250000000000000000e+02
3.250000000000000000e+02
3.310000000000000000e+02
3.310000000000000000e+02
3.310000000000000000e+02
3.310000000000000000e+02
3.310000000000000000e+02
3.310000000000000000e+02
3.310000000000000000e+02
3.310000000000000000e+02
3.310000000000000000e+02
3.310000000000000000e+02
3.310000000000000000e+02
3.300000000000000000e+02
3.300000000000000000e+02
3.290000000000000000e+02
3.290000000000000000e+02
3.280000000000000000e+02
3.260000000000000000e+02
3.250000000000000000e+02
3.220000000000000000e+02
3.190000000000000000e+02
3.150000000000000000e+02
3.110000000000000000e+02
3.080000000000000000e+02
3.060000000000000000e+02
3.030000000000000000e+02
3.000000000000000000e+02
2.970000000000000000e+02
2.930000000000000000e+02
2.890000000000000000e+02
2.850000000000000000e+02
2.810000000000000000e+02
2.780000000000000000e+02
2.770000000000000000e+02
2.720000000000000000e+02
2.680000000000000000e+02
2.650000000000000000e+02
2.610000000000000000e+02
2.540000000000000000e+02
2.490000000000000000e+02
2.440000000000000000e+02
2.360000000000000000e+02
2.340000000000000000e+02
2.280000000000000000e+02
2.240000000000000000e+02
2.230000000000000000e+02
2.190000000000000000e+02
2.100000000000000000e+02
2.040000000000000000e+02
1.980000000000000000e+02
1.940000000000000000e+02
1.900000000000000000e+02
1.850000000000000000e+02
1.780000000000000000e+02
1.770000000000000000e+02
1.700000000000000000e+02
1.580000000000000000e+02
1.540000000000000000e+02
1.490000000000000000e+02
1.420000000000000000e+02
1.330000000000000000e+02
1.280000000000000000e+02
1.240000000000000000e+02
1.170000000000000000e+02
1.110000000000000000e+02
