0.000000000000000000e+00
0.000000000000000000e+00
0.000000000000000000e+00
0.000000000000000000e+00
0.000000000000000000e+00
0.000000000000000000e+00
0.000000000000000000e+00
0.000000000000000000e+00
0.000000000000000000e+00
0.000000000000000000e+00
0.000000000000000000e+00
0.000000000000000000e+00
0.000000000000000000e+00
0.000000000000000000e+00
0.000000000000000000e+00
0.000000000000000000e+00
0.000000000000000000e+00
0.000000000000000000e+00
0.000000000000000000e+00
0.000000000000000000e+00
0.000000000000000000e+00
0.000000000000000000e+00
0.000000000000000000e+00
0.000000000000000000e+00
0.000000000000000000e+00
0.000000000000000000e+00
0.000000000000000000e+00
0.000000000000000000e+00
0.000000000000000000e+00
0.000000000000000000e+00
0.000000000000000000e+00
0.000000000000000000e+00
8.000000000000000000e+00
1.600000000000000000e+01
2.400000000000000000e+01
3.100000000000000000e+01
3.100000000000000000e+01
3.900000000000000000e+01
4.200000000000000000e+01
5.000000000000000000e+01
5.900000000000000000e+01
5.900000000000000000e+01
6.800000000000000000e+01
7.600000000000000000e+01
8.100000000000000000e+01
8.100000000000000000e+01
8.800000000000000000e+01
9.400000000000000000e+01
1.010000000000000000e+02
1.120000000000000000e+02
1.120000000000000000e+02
1.170000000000000000e+02
1.230000000000000000e+02
1.310000000000000000e+02
1.310000000000000000e+02
1.350000000000000000e+02
1.460000000000000000e+02
1.570000000000000000e+02
1.690000000000000000e+02
1.690000000000000000e+02
1.800000000000000000e+02
1.890000000000000000e+02
1.920000000000000000e+02
1.920000000000000000e+02
2.040000000000000000e+02
2.040000000000000000e+02
2.040000000000000000e+02
2.040000000000000000e+02
2.040000000000000000e+02
2.040000000000000000e+02
2.040000000000000000e+02
2.040000000000000000e+02
2.040000000000000000e+02
2.040000000000000000e+02
2.040000000000000000e+02
2.040000000000000000e+02
2.040000000000000000e+02
2.040000000000000000e+02
2.040000000000000000e+02
2.040000000000000000e+02
2.040000000000000000e+02
2.040000000000000000e+02
2.040000000000000000e+02
2.040000000000000000e+02
2.040000000000000000e+02
2.040000000000000000e+02
2.040000000000000000e+02
2.040000000000000000e+02
2.040000000000000000e+02
2.040000000000000000e+02
2.040000000000000000e+02
2.040000000000000000e+02
2.040000000000000000e+02
2.040000000000000000e+02
2.040000000000000000e+02
2.040000000000000000e+02
2.040000000000000000e+02
2.030000000000000000e+02
2.030000000000000000e+02
2.020000000000000000e+02
2.020000000000000000e+02
2.010000000000000000e+02
1.990000000000000000e+02
1.950000000000000000e+02
1.900000000000000000e+02
1.890000000000000000e+02
1.880000000000000000e+02
1.880000000000000000e+02
1.860000000000000000e+02
1.830000000000000000e+02
1.790000000000000000e+02
1.720000000000000000e+02
1.720000000000000000e+02
1.710000000000000000e+02
1.660000000000000000e+02
1.610000000000000000e+02
1.570000000000000000e+02
1.530000000000000000e+02
1.520000000000000000e+02
1.490000000000000000e+02
1.460000000000000000e+02
1.400000000000000000e+02
1.370000000000000000e+02
1.310000000000000000e+02
1.270000000000000000e+02
1.230000000000000000e+02
1.180000000000000000e+02
1.070000000000000000e+02
