0.000000000000000000e+00
0.000000000000000000e+00
0.000000000000000000e+00
0.000000000000000000e+00
0.000000000000000000e+00
0.000000000000000000e+00
0.000000000000000000e+00
0.000000000000000000e+00
0.000000000000000000e+00
0.000000000000000000e+00
0.000000000000000000e+00
0.000000000000000000e+00
0.000000000000000000e+00
0.000000000000000000e+00
0.000000000000000000e+00
0.000000000000000000e+00
0.000000000000000000e+00
0.000000000000000000e+00
0.000000000000000000e+00
0.000000000000000000e+00
3.000000000000000000e+00
1.100000000000000000e+01
1.100000000000000000e+01
2.000000000000000000e+01
2.500000000000000000e+01
3.300000000000000000e+01
3.600000000000000000e+01
3.600000000000000000e+01
4.300000000000000000e+01
5.000000000000000000e+01
5.800000000000000000e+01
5.800000000000000000e+01
6.800000000000000000e+01
7.300000000000000000e+01
7.900000000000000000e+01
8.900000000000000000e+01
8.900000000000000000e+01
9.300000000000000000e+01
1.010000000000000000e+02
1.070000000000000000e+02
1.150000000000000000e+02
1.150000000000000000e+02
1.200000000000000000e+02
1.330000000000000000e+02
1.440000000000000000e+02
1.440000000000000000e+02
1.560000000000000000e+02
1.620000000000000000e+02
1.700000000000000000e+02
1.780000000000000000e+02
1.780000000000000000e+02
1.870000000000000000e+02
1.960000000000000000e+02
2.030000000000000000e+02
2.030000000000000000e+02
2.080000000000000000e+02
2.170000000000000000e+02
2.240000000000000000e+02
2.310000000000000000e+02
2.310000000000000000e+02
2.370000000000000000e+02
2.430000000000000000e+02
2.500000000000000000e+02
2.500000000000000000e+02
2.540000000000000000e+02
2.540000000000000000e+02
2.540000000000000000e+02
2.540000000000000000e+02
2.540000000000000000e+02
2.540000000000000000e+02
2.540000000000000000e+02
2.540000000000000000e+02
2.540000000000000000e+02
2.540000000000000000e+02
2.540000000000000000e+02
2.540000000000000000e+02
2.540000000000000000e+02
2.540000000000000000e+02
2.540000000000000000e+02
2.540000000000000000e+02
2.540000000000000000e+02
2.540000000000000000e+02
2.540000000000000000e+02
2.540000000000000000e+02
2.540000000000000000e+02
2.540000000000000000e+02
2.540000000000000000e+02
2.540000000000000000e+02
2.530000000000000000e+02
2.510000000000000000e+02
2.490000000000000000e+02
2.480000000000000000e+02
2.480000000000000000e+02
2.450000000000000000e+02
2.450000000000000000e+02
2.410000000000000000e+02
2.390000000000000000e+02
2.380000000000000000e+02
2.340000000000000000e+02
2.300000000000000000e+02
2.280000000000000000e+02
2.240000000000000000e+02
2.190000000000000000e+02
2.170000000000000000e+02
2.160000000000000000e+02
2.130000000000000000e+02
2.110000000000000000e+02
2.070000000000000000e+02
2.020000000000000000e+02
1.980000000000000000e+02
1.930000000000000000e+02
1.910000000000000000e+02
1.890000000000000000e+02
1.850000000000000000e+02
1.820000000000000000e+02
1.800000000000000000e+02
1.720000000000000000e+02
1.650000000000000000e+02
1.600000000000000000e+02
1.530000000000000000e+02
1.440000000000000000e+02
1.360000000000000000e+02
1.280000000000000000e+02
1.260000000000000000e+02
1.210000000000000000e+02
1.180000000000000000e+02
1.140000000000000000e+02
1.100000000000000000e+02
