0.000000000000000000e+00
0.000000000000000000e+00
0.000000000000000000e+00
0.000000000000000000e+00
0.000000000000000000e+00
0.000000000000000000e+00
0.000000000000000000e+00
0.000000000000000000e+00
0.000000000000000000e+00
0.000000000000000000e+00
0.000000000000000000e+00
0.000000000000000000e+00
0.000000000000000000e+00
0.000000000000000000e+00
0.000000000000000000e+00
0.000000000000000000e+00
1.000000000000000000e+00
5.000000000000000000e+00
5.000000000000000000e+00
1.300000000000000000e+01
1.700000000000000000e+01
2.700000000000000000e+01
2.700000000000000000e+01
3.100000000000000000e+01
3.500000000000000000e+01
4.400000000000000000e+01
5.200000000000000000e+01
5.200000000000000000e+01
6.700000000000000000e+01
7.700000000000000000e+01
8.400000000000000000e+01
8.400000000000000000e+01
9.400000000000000000e+01
1.010000000000000000e+02
1.120000000000000000e+02
1.180000000000000000e+02
1.180000000000000000e+02
1.230000000000000000e+02
1.360000000000000000e+02
1.430000000000000000e+02
1.500000000000000000e+02
1.500000000000000000e+02
1.610000000000000000e+02
1.650000000000000000e+02
1.700000000000000000e+02
1.700000000000000000e+02
1.770000000000000000e+02
1.810000000000000000e+02
1.930000000000000000e+02
1.960000000000000000e+02
1.960000000000000000e+02
2.050000000000000000e+02
2.110000000000000000e+02
2.170000000000000000e+02
2.170000000000000000e+02
2.190000000000000000e+02
2.320000000000000000e+02
2.410000000000000000e+02
2.550000000000000000e+02
2.550000000000000000e+02
2.620000000000000000e+02
2.710000000000000000e+02
2.790000000000000000e+02
2.790000000000000000e+02
2.840000000000000000e+02
2.840000000000000000e+02
2.840000000000000000e+02
2.840000000000000000e+02
2.840000000000000000e+02
2.840000000000000000e+02
2.840000000000000000e+02
2.840000000000000000e+02
2.840000000000000000e+02
2.840000000000000000e+02
2.840000000000000000e+02
2.840000000000000000e+02
2.840000000000000000e+02
2.840000000000000000e+02
2.840000000000000000e+02
2.840000000000000000e+02
2.840000000000000000e+02
2.840000000000000000e+02
2.840000000000000000e+02
2.840000000000000000e+02
2.840000000000000000e+02
2.830000000000000000e+02
2.820000000000000000e+02
2.810000000000000000e+02
2.810000000000000000e+02
2.790000000000000000e+02
2.770000000000000000e+02
2.760000000000000000e+02
2.740000000000000000e+02
2.720000000000000000e+02
2.690000000000000000e+02
2.670000000000000000e+02
2.650000000000000000e+02
2.630000000000000000e+02
2.620000000000000000e+02
2.590000000000000000e+02
2.570000000000000000e+02
2.520000000000000000e+02
2.490000000000000000e+02
2.450000000000000000e+02
2.400000000000000000e+02
2.360000000000000000e+02
2.330000000000000000e+02
2.240000000000000000e+02
2.130000000000000000e+02
2.080000000000000000e+02
2.030000000000000000e+02
1.960000000000000000e+02
1.930000000000000000e+02
1.850000000000000000e+02
1.810000000000000000e+02
1.740000000000000000e+02
1.700000000000000000e+02
1.670000000000000000e+02
1.530000000000000000e+02
1.470000000000000000e+02
1.420000000000000000e+02
1.380000000000000000e+02
1.310000000000000000e+02
1.250000000000000000e+02
1.190000000000000000e+02
1.110000000000000000e+02
1.040000000000000000e+02
9.700000000000000000e+01
