0.000000000000000000e+00
0.000000000000000000e+00
0.000000000000000000e+00
0.000000000000000000e+00
0.000000000000000000e+00
0.000000000000000000e+00
0.000000000000000000e+00
0.000000000000000000e+00
0.000000000000000000e+00
0.000000000000000000e+00
0.000000000000000000e+00
0.000000000000000000e+00
0.000000000000000000e+00
0.000000000000000000e+00
0.000000000000000000e+00
0.000000000000000000e+00
0.000000000000000000e+00
0.000000000000000000e+00
0.000000000000000000e+00
0.000000000000000000e+00
0.000000000000000000e+00
0.000000000000000000e+00
0.000000000000000000e+00
0.000000000000000000e+00
7.000000000000000000e+00
1.300000000000000000e+01
2.200000000000000000e+01
2.200000000000000000e+01
2.900000000000000000e+01
3.700000000000000000e+01
4.600000000000000000e+01
4.600000000000000000e+01
5.200000000000000000e+01
6.200000000000000000e+01
7.200000000000000000e+01
7.800000000000000000e+01
7.800000000000000000e+01
8.300000000000000000e+01
9.100000000000000000e+01
9.400000000000000000e+01
1.020000000000000000e+02
1.020000000000000000e+02
1.080000000000000000e+02
1.180000000000000000e+02
1.280000000000000000e+02
1.280000000000000000e+02
1.330000000000000000e+02
1.450000000000000000e+02
1.510000000000000000e+02
1.640000000000000000e+02
1.640000000000000000e+02
1.690000000000000000e+02
1.750000000000000000e+02
1.790000000000000000e+02
1.790000000000000000e+02
1.870000000000000000e+02
1.960000000000000000e+02
1.990000000000000000e+02
2.090000000000000000e+02
2.090000000000000000e+02
2.190000000000000000e+02
2.250000000000000000e+02
2.310000000000000000e+02
2.310000000000000000e+02
2.330000000000000000e+02
2.330000000000000000e+02
2.330000000000000000e+02
2.330000000000000000e+02
2.330000000000000000e+02
2.330000000000000000e+02
2.330000000000000000e+02
2.330000000000000000e+02
2.330000000000000000e+02
2.330000000000000000e+02
2.330000000000000000e+02
2.330000000000000000e+02
2.330000000000000000e+02
2.330000000000000000e+02
2.330000000000000000e+02
2.330000000000000000e+02
2.330000000000000000e+02
2.330000000000000000e+02
2.330000000000000000e+02
2.330000000000000000e+02
2.330000000000000000e+02
2.330000000000000000e+02
2.330000000000000000e+02
2.330000000000000000e+02
2.330000000000000000e+02
2.300000000000000000e+02
2.300000000000000000e+02
2.300000000000000000e+02
2.300000000000000000e+02
2.300000000000000000e+02
2.270000000000000000e+02
2.260000000000000000e+02
2.240000000000000000e+02
2.220000000000000000e+02
2.200000000000000000e+02
2.200000000000000000e+02
2.190000000000000000e+02
2.130000000000000000e+02
2.120000000000000000e+02
2.100000000000000000e+02
2.050000000000000000e+02
2.000000000000000000e+02
1.950000000000000000e+02
1.910000000000000000e+02
1.840000000000000000e+02
1.790000000000000000e+02
1.760000000000000000e+02
1.730000000000000000e+02
1.660000000000000000e+02
1.610000000000000000e+02
1.580000000000000000e+02
1.540000000000000000e+02
1.500000000000000000e+02
1.440000000000000000e+02
1.410000000000000000e+02
1.400000000000000000e+02
1.320000000000000000e+02
1.300000000000000000e+02
1.260000000000000000e+02
1.200000000000000000e+02
1.150000000000000000e+02
1.130000000000000000e+02
1.060000000000000000e+02
9.800000000000000000e+01
