0.000000000000000000e+00
0.000000000000000000e+00
0.000000000000000000e+00
0.000000000000000000e+00
0.000000000000000000e+00
0.000000000000000000e+00
0.000000000000000000e+00
0.000000000000000000e+00
0.000000000000000000e+00
0.000000000000000000e+00
0.000000000000000000e+00
0.000000000000000000e+00
0.000000000000000000e+00
0.000000000000000000e+00
0.000000000000000000e+00
0.000000000000000000e+00
0.000000000000000000e+00
0.000000000000000000e+00
0.000000000000000000e+00
0.000000000000000000e+00
0.000000000000000000e+00
0.000000000000000000e+00
0.000000000000000000e+00
0.000000000000000000e+00
3.000000000000000000e+00
1.000000000000000000e+01
2.200000000000000000e+01
2.200000000000000000e+01
2.400000000000000000e+01
3.100000000000000000e+01
4.100000000000000000e+01
4.100000000000000000e+01
5.800000000000000000e+01
6.400000000000000000e+01
7.300000000000000000e+01
7.600000000000000000e+01
7.600000000000000000e+01
8.100000000000000000e+01
8.700000000000000000e+01
9.200000000000000000e+01
9.500000000000000000e+01
9.500000000000000000e+01
1.070000000000000000e+02
1.240000000000000000e+02
1.270000000000000000e+02
1.270000000000000000e+02
1.360000000000000000e+02
1.430000000000000000e+02
1.490000000000000000e+02
1.610000000000000000e+02
1.610000000000000000e+02
1.710000000000000000e+02
1.780000000000000000e+02
1.870000000000000000e+02
1.870000000000000000e+02
1.950000000000000000e+02
2.050000000000000000e+02
2.090000000000000000e+02
2.160000000000000000e+02
2.160000000000000000e+02
2.240000000000000000e+02
2.310000000000000000e+02
2.370000000000000000e+02
2.370000000000000000e+02
2.470000000000000000e+02
2.470000000000000000e+02
2.470000000000000000e+02
2.470000000000000000e+02
2.470000000000000000e+02
2.470000000000000000e+02
2.470000000000000000e+02
2.470000000000000000e+02
2.470000000000000000e+02
2.470000000000000000e+02
2.470000000000000000e+02
2.470000000000000000e+02
2.470000000000000000e+02
2.470000000000000000e+02
2.470000000000000000e+02
2.470000000000000000e+02
2.470000000000000000e+02
2.470000000000000000e+02
2.470000000000000000e+02
2.470000000000000000e+02
2.470000000000000000e+02
2.470000000000000000e+02
2.470000000000000000e+02
2.470000000000000000e+02
2.470000000000000000e+02
2.470000000000000000e+02
2.440000000000000000e+02
2.430000000000000000e+02
2.430000000000000000e+02
2.430000000000000000e+02
2.410000000000000000e+02
2.390000000000000000e+02
2.390000000000000000e+02
2.360000000000000000e+02
2.360000000000000000e+02
2.360000000000000000e+02
2.330000000000000000e+02
2.300000000000000000e+02
2.260000000000000000e+02
2.240000000000000000e+02
2.210000000000000000e+02
2.200000000000000000e+02
2.160000000000000000e+02
2.090000000000000000e+02
2.070000000000000000e+02
2.010000000000000000e+02
1.960000000000000000e+02
1.910000000000000000e+02
1.860000000000000000e+02
1.800000000000000000e+02
1.770000000000000000e+02
1.650000000000000000e+02
1.600000000000000000e+02
1.580000000000000000e+02
1.510000000000000000e+02
1.460000000000000000e+02
1.400000000000000000e+02
1.350000000000000000e+02
1.310000000000000000e+02
1.260000000000000000e+02
1.220000000000000000e+02
1.210000000000000000e+02
1.180000000000000000e+02
1.140000000000000000e+02
