0.000000000000000000e+00
0.000000000000000000e+00
0.000000000000000000e+00
0.000000000000000000e+00
0.000000000000000000e+00
0.000000000000000000e+00
0.000000000000000000e+00
0.000000000000000000e+00
0.000000000000000000e+00
0.000000000000000000e+00
0.000000000000000000e+00
0.000000000000000000e+00
0.000000000000000000e+00
0.000000000000000000e+00
0.000000000000000000e+00
8.000000000000000000e+00
1.500000000000000000e+01
2.300000000000000000e+01
2.300000000000000000e+01
3.200000000000000000e+01
3.400000000000000000e+01
4.100000000000000000e+01
4.100000000000000000e+01
4.900000000000000000e+01
5.800000000000000000e+01
6.700000000000000000e+01
7.400000000000000000e+01
7.400000000000000000e+01
8.900000000000000000e+01
9.600000000000000000e+01
1.010000000000000000e+02
1.010000000000000000e+02
1.060000000000000000e+02
1.120000000000000000e+02
1.210000000000000000e+02
1.310000000000000000e+02
1.310000000000000000e+02
1.400000000000000000e+02
1.480000000000000000e+02
1.570000000000000000e+02
1.690000000000000000e+02
1.690000000000000000e+02
1.730000000000000000e+02
1.800000000000000000e+02
1.880000000000000000e+02
1.880000000000000000e+02
1.960000000000000000e+02
2.010000000000000000e+02
2.090000000000000000e+02
2.170000000000000000e+02
2.170000000000000000e+02
2.220000000000000000e+02
2.310000000000000000e+02
2.340000000000000000e+02
2.340000000000000000e+02
2.380000000000000000e+02
2.450000000000000000e+02
2.510000000000000000e+02
2.570000000000000000e+02
2.570000000000000000e+02
2.620000000000000000e+02
2.730000000000000000e+02
2.840000000000000000e+02
2.840000000000000000e+02
2.940000000000000000e+02
2.940000000000000000e+02
2.940000000000000000e+02
2.940000000000000000e+02
2.940000000000000000e+02
2.940000000000000000e+02
2.940000000000000000e+02
2.940000000000000000e+02
2.940000000000000000e+02
2.940000000000000000e+02
2.940000000000000000e+02
2.940000000000000000e+02
2.940000000000000000e+02
2.940000000000000000e+02
2.940000000000000000e+02
2.940000000000000000e+02
2.920000000000000000e+02
2.890000000000000000e+02
2.880000000000000000e+02
2.870000000000000000e+02
2.850000000000000000e+02
2.810000000000000000e+02
2.800000000000000000e+02
2.780000000000000000e+02
2.750000000000000000e+02
2.750000000000000000e+02
2.720000000000000000e+02
2.690000000000000000e+02
2.650000000000000000e+02
2.640000000000000000e+02
2.610000000000000000e+02
2.560000000000000000e+02
2.510000000000000000e+02
2.450000000000000000e+02
2.420000000000000000e+02
2.380000000000000000e+02
2.370000000000000000e+02
2.340000000000000000e+02
2.320000000000000000e+02
2.270000000000000000e+02
2.220000000000000000e+02
2.200000000000000000e+02
2.090000000000000000e+02
2.030000000000000000e+02
1.970000000000000000e+02
1.920000000000000000e+02
1.890000000000000000e+02
1.830000000000000000e+02
1.780000000000000000e+02
1.730000000000000000e+02
1.690000000000000000e+02
1.660000000000000000e+02
1.570000000000000000e+02
1.550000000000000000e+02
1.490000000000000000e+02
1.470000000000000000e+02
1.460000000000000000e+02
1.390000000000000000e+02
1.340000000000000000e+02
1.310000000000000000e+02
1.290000000000000000e+02
1.260000000000000000e+02
1.210000000000000000e+02
1.140000000000000000e+02
