0.000000000000000000e+00
0.000000000000000000e+00
0.000000000000000000e+00
0.000000000000000000e+00
0.000000000000000000e+00
0.000000000000000000e+00
0.000000000000000000e+00
0.000000000000000000e+00
0.000000000000000000e+00
0.000000000000000000e+00
3.000000000000000000e+00
1.000000000000000000e+01
2.000000000000000000e+01
2.000000000000000000e+01
2.900000000000000000e+01
3.600000000000000000e+01
4.400000000000000000e+01
5.200000000000000000e+01
5.200000000000000000e+01
5.700000000000000000e+01
6.700000000000000000e+01
7.300000000000000000e+01
7.300000000000000000e+01
7.800000000000000000e+01
8.300000000000000000e+01
9.100000000000000000e+01
1.010000000000000000e+02
1.010000000000000000e+02
1.080000000000000000e+02
1.160000000000000000e+02
1.300000000000000000e+02
1.300000000000000000e+02
1.350000000000000000e+02
1.470000000000000000e+02
1.520000000000000000e+02
1.600000000000000000e+02
1.600000000000000000e+02
1.670000000000000000e+02
1.750000000000000000e+02
1.870000000000000000e+02
1.920000000000000000e+02
1.920000000000000000e+02
1.940000000000000000e+02
2.010000000000000000e+02
2.100000000000000000e+02
2.100000000000000000e+02
2.220000000000000000e+02
2.270000000000000000e+02
2.320000000000000000e+02
2.390000000000000000e+02
2.390000000000000000e+02
2.500000000000000000e+02
2.580000000000000000e+02
2.640000000000000000e+02
2.640000000000000000e+02
2.680000000000000000e+02
2.750000000000000000e+02
2.800000000000000000e+02
2.860000000000000000e+02
2.860000000000000000e+02
2.910000000000000000e+02
3.030000000000000000e+02
3.080000000000000000e+02
3.080000000000000000e+02
3.140000000000000000e+02
3.140000000000000000e+02
3.140000000000000000e+02
3.140000000000000000e+02
3.140000000000000000e+02
3.140000000000000000e+02
3.140000000000000000e+02
3.140000000000000000e+02
3.140000000000000000e+02
3.140000000000000000e+02
3.140000000000000000e+02
3.130000000000000000e+02
3.120000000000000000e+02
3.110000000000000000e+02
3.090000000000000000e+02
3.090000000000000000e+02
3.080000000000000000e+02
3.050000000000000000e+02
3.000000000000000000e+02
2.990000000000000000e+02
2.980000000000000000e+02
2.950000000000000000e+02
2.940000000000000000e+02
2.920000000000000000e+02
2.890000000000000000e+02
2.880000000000000000e+02
2.850000000000000000e+02
2.820000000000000000e+02
2.800000000000000000e+02
2.770000000000000000e+02
2.700000000000000000e+02
2.630000000000000000e+02
2.600000000000000000e+02
2.560000000000000000e+02
2.510000000000000000e+02
2.480000000000000000e+02
2.450000000000000000e+02
2.420000000000000000e+02
2.390000000000000000e+02
2.350000000000000000e+02
2.280000000000000000e+02
2.220000000000000000e+02
2.190000000000000000e+02
2.150000000000000000e+02
2.100000000000000000e+02
2.060000000000000000e+02
1.990000000000000000e+02
1.940000000000000000e+02
1.920000000000000000e+02
1.840000000000000000e+02
1.760000000000000000e+02
1.730000000000000000e+02
1.700000000000000000e+02
1.660000000000000000e+02
1.610000000000000000e+02
1.550000000000000000e+02
1.510000000000000000e+02
1.440000000000000000e+02
1.370000000000000000e+02
1.340000000000000000e+02
1.270000000000000000e+02
1.240000000000000000e+02
1.170000000000000000e+02
1.120000000000000000e+02
