0.000000000000000000e+00
0.000000000000000000e+00
0.000000000000000000e+00
0.000000000000000000e+00
0.000000000000000000e+00
0.000000000000000000e+00
0.000000000000000000e+00
0.000000000000000000e+00
0.000000000000000000e+00
0.000000000000000000e+00
0.000000000000000000e+00
0.000000000000000000e+00
0.000000000000000000e+00
0.000000000000000000e+00
0.000000000000000000e+00
0.000000000000000000e+00
0.000000000000000000e+00
0.000000000000000000e+00
0.000000000000000000e+00
0.000000000000000000e+00
0.000000000000000000e+00
0.000000000000000000e+00
0.000000000000000000e+00
0.000000000000000000e+00
0.000000000000000000e+00
0.000000000000000000e+00
0.000000000000000000e+00
0.000000000000000000e+00
5.000000000000000000e+00
1.200000000000000000e+01
1.900000000000000000e+01
1.900000000000000000e+01
2.800000000000000000e+01
3.700000000000000000e+01
4.200000000000000000e+01
4.900000000000000000e+01
4.900000000000000000e+01
5.300000000000000000e+01
6.200000000000000000e+01
6.700000000000000000e+01
7.400000000000000000e+01
7.400000000000000000e+01
8.100000000000000000e+01
9.200000000000000000e+01
1.000000000000000000e+02
1.000000000000000000e+02
1.120000000000000000e+02
1.180000000000000000e+02
1.210000000000000000e+02
1.280000000000000000e+02
1.280000000000000000e+02
1.360000000000000000e+02
1.470000000000000000e+02
1.560000000000000000e+02
1.560000000000000000e+02
1.650000000000000000e+02
1.730000000000000000e+02
1.830000000000000000e+02
1.900000000000000000e+02
1.900000000000000000e+02
1.960000000000000000e+02
1.990000000000000000e+02
2.060000000000000000e+02
2.060000000000000000e+02
2.090000000000000000e+02
2.090000000000000000e+02
2.090000000000000000e+02
2.090000000000000000e+02
2.090000000000000000e+02
2.090000000000000000e+02
2.090000000000000000e+02
2.090000000000000000e+02
2.090000000000000000e+02
2.090000000000000000e+02
2.090000000000000000e+02
2.090000000000000000e+02
2.090000000000000000e+02
2.090000000000000000e+02
2.090000000000000000e+02
2.090000000000000000e+02
2.090000000000000000e+02
2.090000000000000000e+02
2.090000000000000000e+02
2.090000000000000000e+02
2.090000000000000000e+02
2.090000000000000000e+02
2.090000000000000000e+02
2.090000000000000000e+02
2.090000000000000000e+02
2.090000000000000000e+02
2.090000000000000000e+02
2.090000000000000000e+02
2.090000000000000000e+02
2.090000000000000000e+02
2.080000000000000000e+02
2.060000000000000000e+02
2.040000000000000000e+02
2.010000000000000000e+02
1.980000000000000000e+02
1.950000000000000000e+02
1.950000000000000000e+02
1.940000000000000000e+02
1.900000000000000000e+02
1.870000000000000000e+02
1.790000000000000000e+02
1.760000000000000000e+02
1.730000000000000000e+02
1.710000000000000000e+02
1.680000000000000000e+02
1.620000000000000000e+02
1.580000000000000000e+02
1.570000000000000000e+02
1.550000000000000000e+02
1.540000000000000000e+02
1.530000000000000000e+02
1.500000000000000000e+02
1.460000000000000000e+02
1.400000000000000000e+02
1.330000000000000000e+02
1.270000000000000000e+02
1.230000000000000000e+02
1.160000000000000000e+02
1.120000000000000000e+02
1.090000000000000000e+02
1.060000000000000000e+02
9.900000000000000000e+01
9.500000000000000000e+01
9.300000000000000000e+01
