0.000000000000000000e+00
0.000000000000000000e+00
0.000000000000000000e+00
0.000000000000000000e+00
0.000000000000000000e+00
0.000000000000000000e+00
0.000000000000000000e+00
0.000000000000000000e+00
0.000000000000000000e+00
0.000000000000000000e+00
0.000000000000000000e+00
0.000000000000000000e+00
0.000000000000000000e+00
0.000000000000000000e+00
0.000000000000000000e+00
0.000000000000000000e+00
0.000000000000000000e+00
0.000000000000000000e+00
0.000000000000000000e+00
0.000000000000000000e+00
0.000000000000000000e+00
0.000000000000000000e+00
0.000000000000000000e+00
3.000000000000000000e+00
1.100000000000000000e+01
1.900000000000000000e+01
2.600000000000000000e+01
2.600000000000000000e+01
3.600000000000000000e+01
4.500000000000000000e+01
4.900000000000000000e+01
4.900000000000000000e+01
5.600000000000000000e+01
6.200000000000000000e+01
7.300000000000000000e+01
8.200000000000000000e+01
8.200000000000000000e+01
9.000000000000000000e+01
1.000000000000000000e+02
1.040000000000000000e+02
1.160000000000000000e+02
1.160000000000000000e+02
1.220000000000000000e+02
1.300000000000000000e+02
1.370000000000000000e+02
1.370000000000000000e+02
1.430000000000000000e+02
1.500000000000000000e+02
1.550000000000000000e+02
1.650000000000000000e+02
1.650000000000000000e+02
1.700000000000000000e+02
1.780000000000000000e+02
1.840000000000000000e+02
1.840000000000000000e+02
1.920000000000000000e+02
2.020000000000000000e+02
2.100000000000000000e+02
2.200000000000000000e+02
2.200000000000000000e+02
2.280000000000000000e+02
2.340000000000000000e+02
2.420000000000000000e+02
2.420000000000000000e+02
2.480000000000000000e+02
2.480000000000000000e+02
2.480000000000000000e+02
2.480000000000000000e+02
2.480000000000000000e+02
2.480000000000000000e+02
2.480000000000000000e+02
2.480000000000000000e+02
2.480000000000000000e+02
2.480000000000000000e+02
2.480000000000000000e+02
2.480000000000000000e+02
2.480000000000000000e+02
2.480000000000000000e+02
2.480000000000000000e+02
2.480000000000000000e+02
2.480000000000000000e+02
2.480000000000000000e+02
2.480000000000000000e+02
2.480000000000000000e+02
2.480000000000000000e+02
2.480000000000000000e+02
2.480000000000000000e+02
2.480000000000000000e+02
2.460000000000000000e+02
2.460000000000000000e+02
2.460000000000000000e+02
2.460000000000000000e+02
2.430000000000000000e+02
2.410000000000000000e+02
2.380000000000000000e+02
2.380000000000000000e+02
2.370000000000000000e+02
2.340000000000000000e+02
2.320000000000000000e+02
2.300000000000000000e+02
2.280000000000000000e+02
2.220000000000000000e+02
2.190000000000000000e+02
2.150000000000000000e+02
2.100000000000000000e+02
2.060000000000000000e+02
2.000000000000000000e+02
1.950000000000000000e+02
1.920000000000000000e+02
1.910000000000000000e+02
1.890000000000000000e+02
1.840000000000000000e+02
1.790000000000000000e+02
1.760000000000000000e+02
1.750000000000000000e+02
1.670000000000000000e+02
1.600000000000000000e+02
1.570000000000000000e+02
1.520000000000000000e+02
1.490000000000000000e+02
1.420000000000000000e+02
1.370000000000000000e+02
1.290000000000000000e+02
1.250000000000000000e+02
1.200000000000000000e+02
1.160000000000000000e+02
1.120000000000000000e+02
1.080000000000000000e+02
