0.000000000000000000e+00
0.000000000000000000e+00
0.000000000000000000e+00
0.000000000000000000e+00
0.000000000000000000e+00
0.000000000000000000e+00
0.000000000000000000e+00
0.000000000000000000e+00
0.000000000000000000e+00
0.000000000000000000e+00
2.000000000000000000e+00
5.000000000000000000e+00
1.200000000000000000e+01
1.200000000000000000e+01
2.000000000000000000e+01
2.400000000000000000e+01
2.900000000000000000e+01
3.800000000000000000e+01
3.800000000000000000e+01
4.700000000000000000e+01
5.400000000000000000e+01
6.100000000000000000e+01
6.100000000000000000e+01
7.300000000000000000e+01
8.300000000000000000e+01
8.700000000000000000e+01
9.600000000000000000e+01
9.600000000000000000e+01
1.000000000000000000e+02
1.080000000000000000e+02
1.180000000000000000e+02
1.180000000000000000e+02
1.290000000000000000e+02
1.350000000000000000e+02
1.410000000000000000e+02
1.470000000000000000e+02
1.470000000000000000e+02
1.540000000000000000e+02
1.630000000000000000e+02
1.690000000000000000e+02
1.790000000000000000e+02
1.790000000000000000e+02
1.890000000000000000e+02
1.920000000000000000e+02
1.980000000000000000e+02
1.980000000000000000e+02
2.080000000000000000e+02
2.140000000000000000e+02
2.220000000000000000e+02
2.310000000000000000e+02
2.310000000000000000e+02
2.380000000000000000e+02
2.460000000000000000e+02
2.550000000000000000e+02
2.550000000000000000e+02
2.630000000000000000e+02
2.670000000000000000e+02
2.800000000000000000e+02
2.850000000000000000e+02
2.850000000000000000e+02
2.930000000000000000e+02
3.010000000000000000e+02
3.080000000000000000e+02
3.080000000000000000e+02
3.190000000000000000e+02
3.190000000000000000e+02
3.190000000000000000e+02
3.190000000000000000e+02
3.190000000000000000e+02
3.190000000000000000e+02
3.190000000000000000e+02
3.190000000000000000e+02
3.190000000000000000e+02
3.190000000000000000e+02
3.190000000000000000e+02
3.180000000000000000e+02
3.160000000000000000e+02
3.160000000000000000e+02
3.160000000000000000e+02
3.160000000000000000e+02
3.130000000000000000e+02
3.110000000000000000e+02
3.100000000000000000e+02
3.080000000000000000e+02
3.080000000000000000e+02
3.060000000000000000e+02
3.020000000000000000e+02
3.000000000000000000e+02
2.980000000000000000e+02
2.960000000000000000e+02
2.940000000000000000e+02
2.890000000000000000e+02
2.880000000000000000e+02
2.870000000000000000e+02
2.850000000000000000e+02
2.790000000000000000e+02
2.750000000000000000e+02
2.700000000000000000e+02
2.650000000000000000e+02
2.590000000000000000e+02
2.580000000000000000e+02
2.490000000000000000e+02
2.470000000000000000e+02
2.400000000000000000e+02
2.360000000000000000e+02
2.310000000000000000e+02
2.270000000000000000e+02
2.260000000000000000e+02
2.240000000000000000e+02
2.190000000000000000e+02
2.130000000000000000e+02
2.090000000000000000e+02
2.030000000000000000e+02
1.980000000000000000e+02
1.940000000000000000e+02
1.840000000000000000e+02
1.830000000000000000e+02
1.790000000000000000e+02
1.720000000000000000e+02
1.710000000000000000e+02
1.700000000000000000e+02
1.660000000000000000e+02
1.640000000000000000e+02
1.550000000000000000e+02
1.470000000000000000e+02
1.420000000000000000e+02
1.390000000000000000e+02
1.300000000000000000e+02
