0.000000000000000000e+00
0.000000000000000000e+00
0.000000000000000000e+00
0.000000000000000000e+00
0.000000000000000000e+00
0.000000000000000000e+00
0.000000000000000000e+00
0.000000000000000000e+00
0.000000000000000000e+00
0.000000000000000000e+00
0.000000000000000000e+00
0.000000000000000000e+00
0.000000000000000000e+00
0.000000000000000000e+00
1.000000000000000000e+00
1.300000000000000000e+01
1.900000000000000000e+01
2.500000000000000000e+01
2.500000000000000000e+01
3.000000000000000000e+01
3.800000000000000000e+01
4.500000000000000000e+01
4.500000000000000000e+01
5.700000000000000000e+01
6.900000000000000000e+01
7.600000000000000000e+01
8.500000000000000000e+01
8.500000000000000000e+01
9.300000000000000000e+01
9.800000000000000000e+01
1.050000000000000000e+02
1.050000000000000000e+02
1.110000000000000000e+02
1.240000000000000000e+02
1.330000000000000000e+02
1.380000000000000000e+02
1.380000000000000000e+02
1.420000000000000000e+02
1.480000000000000000e+02
1.510000000000000000e+02
1.570000000000000000e+02
1.570000000000000000e+02
1.660000000000000000e+02
1.740000000000000000e+02
1.820000000000000000e+02
1.820000000000000000e+02
1.880000000000000000e+02
1.980000000000000000e+02
2.030000000000000000e+02
2.080000000000000000e+02
2.080000000000000000e+02
2.140000000000000000e+02
2.220000000000000000e+02
2.310000000000000000e+02
2.310000000000000000e+02
2.370000000000000000e+02
2.420000000000000000e+02
2.490000000000000000e+02
2.560000000000000000e+02
2.560000000000000000e+02
2.650000000000000000e+02
2.760000000000000000e+02
2.850000000000000000e+02
2.850000000000000000e+02
2.930000000000000000e+02
2.930000000000000000e+02
2.930000000000000000e+02
2.930000000000000000e+02
2.930000000000000000e+02
2.930000000000000000e+02
2.930000000000000000e+02
2.930000000000000000e+02
2.930000000000000000e+02
2.930000000000000000e+02
2.930000000000000000e+02
2.930000000000000000e+02
2.930000000000000000e+02
2.930000000000000000e+02
2.930000000000000000e+02
2.930000000000000000e+02
2.920000000000000000e+02
2.910000000000000000e+02
2.890000000000000000e+02
2.880000000000000000e+02
2.860000000000000000e+02
2.850000000000000000e+02
2.840000000000000000e+02
2.840000000000000000e+02
2.800000000000000000e+02
2.790000000000000000e+02
2.760000000000000000e+02
2.710000000000000000e+02
2.700000000000000000e+02
2.660000000000000000e+02
2.620000000000000000e+02
2.570000000000000000e+02
2.540000000000000000e+02
2.530000000000000000e+02
2.490000000000000000e+02
2.450000000000000000e+02
2.390000000000000000e+02
2.330000000000000000e+02
2.280000000000000000e+02
2.220000000000000000e+02
2.200000000000000000e+02
2.160000000000000000e+02
2.130000000000000000e+02
2.100000000000000000e+02
2.050000000000000000e+02
2.000000000000000000e+02
1.940000000000000000e+02
1.880000000000000000e+02
1.860000000000000000e+02
1.790000000000000000e+02
1.760000000000000000e+02
1.730000000000000000e+02
1.660000000000000000e+02
1.620000000000000000e+02
1.570000000000000000e+02
1.520000000000000000e+02
1.470000000000000000e+02
1.420000000000000000e+02
1.400000000000000000e+02
1.350000000000000000e+02
1.290000000000000000e+02
1.220000000000000000e+02
1.140000000000000000e+02
1.080000000000000000e+02
