0.000000000000000000e+00
0.000000000000000000e+00
0.000000000000000000e+00
0.000000000000000000e+00
0.000000000000000000e+00
0.000000000000000000e+00
0.000000000000000000e+00
0.000000000000000000e+00
0.000000000000000000e+00
0.000000000000000000e+00
0.000000000000000000e+00
0.000000000000000000e+00
0.000000000000000000e+00
0.000000000000000000e+00
0.000000000000000000e+00
0.000000000000000000e+00
0.000000000000000000e+00
0.000000000000000000e+00
0.000000000000000000e+00
0.000000000000000000e+00
0.000000000000000000e+00
0.000000000000000000e+00
0.000000000000000000e+00
0.000000000000000000e+00
0.000000000000000000e+00
0.000000000000000000e+00
0.000000000000000000e+00
0.000000000000000000e+00
0.000000000000000000e+00
0.000000000000000000e+00
0.000000000000000000e+00
0.000000000000000000e+00
0.000000000000000000e+00
0.000000000000000000e+00
0.000000000000000000e+00
0.000000000000000000e+00
0.000000000000000000e+00
0.000000000000000000e+00
0.000000000000000000e+00
0.000000000000000000e+00
0.000000000000000000e+00
0.000000000000000000e+00
0.000000000000000000e+00
0.000000000000000000e+00
0.000000000000000000e+00
0.000000000000000000e+00
0.000000000000000000e+00
0.000000000000000000e+00
0.000000000000000000e+00
4.000000000000000000e+00
4.000000000000000000e+00
1.000000000000000000e+01
1.500000000000000000e+01
2.100000000000000000e+01
2.100000000000000000e+01
2.500000000000000000e+01
2.900000000000000000e+01
3.900000000000000000e+01
4.600000000000000000e+01
4.600000000000000000e+01
5.800000000000000000e+01
7.100000000000000000e+01
7.500000000000000000e+01
7.500000000000000000e+01
8.400000000000000000e+01
8.400000000000000000e+01
8.400000000000000000e+01
8.400000000000000000e+01
8.400000000000000000e+01
8.400000000000000000e+01
8.400000000000000000e+01
8.400000000000000000e+01
8.400000000000000000e+01
8.400000000000000000e+01
8.400000000000000000e+01
8.400000000000000000e+01
8.400000000000000000e+01
8.400000000000000000e+01
8.400000000000000000e+01
8.400000000000000000e+01
8.400000000000000000e+01
8.400000000000000000e+01
8.400000000000000000e+01
8.400000000000000000e+01
8.400000000000000000e+01
8.400000000000000000e+01
8.400000000000000000e+01
8.400000000000000000e+01
8.400000000000000000e+01
8.400000000000000000e+01
8.400000000000000000e+01
8.400000000000000000e+01
8.400000000000000000e+01
8.400000000000000000e+01
8.400000000000000000e+01
8.400000000000000000e+01
8.400000000000000000e+01
8.400000000000000000e+01
8.400000000000000000e+01
8.400000000000000000e+01
8.400000000000000000e+01
8.400000000000000000e+01
8.400000000000000000e+01
8.400000000000000000e+01
8.400000000000000000e+01
8.400000000000000000e+01
8.400000000000000000e+01
8.400000000000000000e+01
8.400000000000000000e+01
8.400000000000000000e+01
8.400000000000000000e+01
8.400000000000000000e+01
8.400000000000000000e+01
8.400000000000000000e+01
8.400000000000000000e+01
8.400000000000000000e+01
8.400000000000000000e+01
8.400000000000000000e+01
8.400000000000000000e+01
8.400000000000000000e+01
8.400000000000000000e+01
8.400000000000000000e+01
8.400000000000000000e+01
8.400000000000000000e+01
8.200000000000000000e+01
8.200000000000000000e+01
8.200000000000000000e+01
8.100000000000000000e+01
