0.000000000000000000e+00
0.000000000000000000e+00
0.000000000000000000e+00
0.000000000000000000e+00
0.000000000000000000e+00
0.000000000000000000e+00
0.000000000000000000e+00
0.000000000000000000e+00
0.000000000000000000e+00
0.000000000000000000e+00
0.000000000000000000e+00
0.000000000000000000e+00
0.000000000000000000e+00
0.000000000000000000e+00
3.000000000000000000e+00
1.000000000000000000e+01
2.100000000000000000e+01
2.500000000000000000e+01
2.500000000000000000e+01
3.300000000000000000e+01
3.900000000000000000e+01
4.500000000000000000e+01
4.500000000000000000e+01
5.100000000000000000e+01
6.200000000000000000e+01
7.100000000000000000e+01
8.000000000000000000e+01
8.000000000000000000e+01
8.700000000000000000e+01
9.000000000000000000e+01
9.300000000000000000e+01
9.300000000000000000e+01
1.030000000000000000e+02
1.090000000000000000e+02
1.160000000000000000e+02
1.190000000000000000e+02
1.190000000000000000e+02
1.290000000000000000e+02
1.360000000000000000e+02
1.450000000000000000e+02
1.490000000000000000e+02
1.490000000000000000e+02
1.590000000000000000e+02
1.690000000000000000e+02
1.830000000000000000e+02
1.830000000000000000e+02
1.890000000000000000e+02
1.970000000000000000e+02
2.030000000000000000e+02
2.120000000000000000e+02
2.120000000000000000e+02
2.150000000000000000e+02
2.230000000000000000e+02
2.310000000000000000e+02
2.310000000000000000e+02
2.350000000000000000e+02
2.440000000000000000e+02
2.540000000000000000e+02
2.600000000000000000e+02
2.600000000000000000e+02
2.690000000000000000e+02
2.770000000000000000e+02
2.830000000000000000e+02
2.830000000000000000e+02
2.890000000000000000e+02
2.890000000000000000e+02
2.890000000000000000e+02
2.890000000000000000e+02
2.890000000000000000e+02
2.890000000000000000e+02
2.890000000000000000e+02
2.890000000000000000e+02
2.890000000000000000e+02
2.890000000000000000e+02
2.890000000000000000e+02
2.890000000000000000e+02
2.890000000000000000e+02
2.890000000000000000e+02
2.890000000000000000e+02
2.890000000000000000e+02
2.880000000000000000e+02
2.860000000000000000e+02
2.860000000000000000e+02
2.840000000000000000e+02
2.820000000000000000e+02
2.770000000000000000e+02
2.740000000000000000e+02
2.700000000000000000e+02
2.700000000000000000e+02
2.650000000000000000e+02
2.640000000000000000e+02
2.610000000000000000e+02
2.580000000000000000e+02
2.550000000000000000e+02
2.520000000000000000e+02
2.510000000000000000e+02
2.480000000000000000e+02
2.450000000000000000e+02
2.400000000000000000e+02
2.340000000000000000e+02
2.300000000000000000e+02
2.200000000000000000e+02
2.150000000000000000e+02
2.110000000000000000e+02
2.100000000000000000e+02
2.080000000000000000e+02
2.040000000000000000e+02
2.000000000000000000e+02
1.950000000000000000e+02
1.950000000000000000e+02
1.860000000000000000e+02
1.810000000000000000e+02
1.770000000000000000e+02
1.760000000000000000e+02
1.720000000000000000e+02
1.670000000000000000e+02
1.620000000000000000e+02
1.590000000000000000e+02
1.520000000000000000e+02
1.420000000000000000e+02
1.360000000000000000e+02
1.330000000000000000e+02
1.300000000000000000e+02
1.230000000000000000e+02
1.160000000000000000e+02
1.120000000000000000e+02
1.060000000000000000e+02
9.800000000000000000e+01
