0.000000000000000000e+00
0.000000000000000000e+00
0.000000000000000000e+00
0.000000000000000000e+00
0.000000000000000000e+00
0.000000000000000000e+00
0.000000000000000000e+00
0.000000000000000000e+00
0.000000000000000000e+00
0.000000000000000000e+00
0.000000000000000000e+00
0.000000000000000000e+00
2.000000000000000000e+00
2.000000000000000000e+00
7.000000000000000000e+00
1.000000000000000000e+01
1.800000000000000000e+01
2.600000000000000000e+01
2.600000000000000000e+01
3.100000000000000000e+01
4.000000000000000000e+01
4.600000000000000000e+01
4.600000000000000000e+01
5.300000000000000000e+01
6.000000000000000000e+01
6.600000000000000000e+01
7.500000000000000000e+01
7.500000000000000000e+01
8.600000000000000000e+01
9.500000000000000000e+01
9.800000000000000000e+01
9.800000000000000000e+01
1.090000000000000000e+02
1.140000000000000000e+02
1.250000000000000000e+02
1.340000000000000000e+02
1.340000000000000000e+02
1.440000000000000000e+02
1.530000000000000000e+02
1.610000000000000000e+02
1.650000000000000000e+02
1.650000000000000000e+02
1.710000000000000000e+02
1.830000000000000000e+02
1.900000000000000000e+02
1.900000000000000000e+02
1.960000000000000000e+02
2.080000000000000000e+02
2.150000000000000000e+02
2.190000000000000000e+02
2.190000000000000000e+02
2.300000000000000000e+02
2.330000000000000000e+02
2.380000000000000000e+02
2.380000000000000000e+02
2.460000000000000000e+02
2.490000000000000000e+02
2.560000000000000000e+02
2.640000000000000000e+02
2.640000000000000000e+02
2.720000000000000000e+02
2.780000000000000000e+02
2.840000000000000000e+02
2.840000000000000000e+02
2.880000000000000000e+02
2.880000000000000000e+02
2.880000000000000000e+02
2.880000000000000000e+02
2.880000000000000000e+02
2.880000000000000000e+02
2.880000000000000000e+02
2.880000000000000000e+02
2.880000000000000000e+02
2.880000000000000000e+02
2.880000000000000000e+02
2.880000000000000000e+02
2.880000000000000000e+02
2.880000000000000000e+02
2.880000000000000000e+02
2.860000000000000000e+02
2.850000000000000000e+02
2.840000000000000000e+02
2.840000000000000000e+02
2.820000000000000000e+02
2.790000000000000000e+02
2.780000000000000000e+02
2.770000000000000000e+02
2.750000000000000000e+02
2.690000000000000000e+02
2.680000000000000000e+02
2.670000000000000000e+02
2.630000000000000000e+02
2.600000000000000000e+02
2.550000000000000000e+02
2.520000000000000000e+02
2.490000000000000000e+02
2.460000000000000000e+02
2.420000000000000000e+02
2.360000000000000000e+02
2.320000000000000000e+02
2.300000000000000000e+02
2.290000000000000000e+02
2.250000000000000000e+02
2.210000000000000000e+02
2.190000000000000000e+02
2.170000000000000000e+02
2.080000000000000000e+02
2.030000000000000000e+02
1.990000000000000000e+02
1.960000000000000000e+02
1.930000000000000000e+02
1.850000000000000000e+02
1.820000000000000000e+02
1.760000000000000000e+02
1.700000000000000000e+02
1.660000000000000000e+02
1.640000000000000000e+02
1.580000000000000000e+02
1.520000000000000000e+02
1.460000000000000000e+02
1.390000000000000000e+02
1.350000000000000000e+02
1.250000000000000000e+02
1.210000000000000000e+02
1.150000000000000000e+02
1.140000000000000000e+02
1.100000000000000000e+02
1.050000000000000000e+02
