0.000000000000000000e+00
0.000000000000000000e+00
0.000000000000000000e+00
0.000000000000000000e+00
0.000000000000000000e+00
0.000000000000000000e+00
0.000000000000000000e+00
0.000000000000000000e+00
0.000000000000000000e+00
0.000000000000000000e+00
0.000000000000000000e+00
0.000000000000000000e+00
0.000000000000000000e+00
0.000000000000000000e+00
0.000000000000000000e+00
0.000000000000000000e+00
0.000000000000000000e+00
3.000000000000000000e+00
3.000000000000000000e+00
1.700000000000000000e+01
2.100000000000000000e+01
2.700000000000000000e+01
2.700000000000000000e+01
3.100000000000000000e+01
4.000000000000000000e+01
4.700000000000000000e+01
5.600000000000000000e+01
5.600000000000000000e+01
6.500000000000000000e+01
7.400000000000000000e+01
7.900000000000000000e+01
7.900000000000000000e+01
8.600000000000000000e+01
9.700000000000000000e+01
1.070000000000000000e+02
1.140000000000000000e+02
1.140000000000000000e+02
1.230000000000000000e+02
1.290000000000000000e+02
1.360000000000000000e+02
1.400000000000000000e+02
1.400000000000000000e+02
1.480000000000000000e+02
1.560000000000000000e+02
1.640000000000000000e+02
1.640000000000000000e+02
1.780000000000000000e+02
1.890000000000000000e+02
1.950000000000000000e+02
2.040000000000000000e+02
2.040000000000000000e+02
2.090000000000000000e+02
2.160000000000000000e+02
2.230000000000000000e+02
2.230000000000000000e+02
2.320000000000000000e+02
2.420000000000000000e+02
2.480000000000000000e+02
2.510000000000000000e+02
2.510000000000000000e+02
2.570000000000000000e+02
2.750000000000000000e+02
2.820000000000000000e+02
2.820000000000000000e+02
2.870000000000000000e+02
2.870000000000000000e+02
2.870000000000000000e+02
2.870000000000000000e+02
2.870000000000000000e+02
2.870000000000000000e+02
2.870000000000000000e+02
2.870000000000000000e+02
2.870000000000000000e+02
2.870000000000000000e+02
2.870000000000000000e+02
2.870000000000000000e+02
2.870000000000000000e+02
2.870000000000000000e+02
2.870000000000000000e+02
2.870000000000000000e+02
2.870000000000000000e+02
2.870000000000000000e+02
2.870000000000000000e+02
2.870000000000000000e+02
2.860000000000000000e+02
2.860000000000000000e+02
2.830000000000000000e+02
2.820000000000000000e+02
2.820000000000000000e+02
2.800000000000000000e+02
2.790000000000000000e+02
2.780000000000000000e+02
2.760000000000000000e+02
2.730000000000000000e+02
2.700000000000000000e+02
2.680000000000000000e+02
2.640000000000000000e+02
2.570000000000000000e+02
2.540000000000000000e+02
2.490000000000000000e+02
2.470000000000000000e+02
2.450000000000000000e+02
2.430000000000000000e+02
2.390000000000000000e+02
2.370000000000000000e+02
2.340000000000000000e+02
2.270000000000000000e+02
2.230000000000000000e+02
2.180000000000000000e+02
2.130000000000000000e+02
2.060000000000000000e+02
2.040000000000000000e+02
1.990000000000000000e+02
1.980000000000000000e+02
1.940000000000000000e+02
1.890000000000000000e+02
1.830000000000000000e+02
1.770000000000000000e+02
1.760000000000000000e+02
1.700000000000000000e+02
1.620000000000000000e+02
1.580000000000000000e+02
1.530000000000000000e+02
1.480000000000000000e+02
1.430000000000000000e+02
1.390000000000000000e+02
1.290000000000000000e+02
1.250000000000000000e+02
