0.000000000000000000e+00
0.000000000000000000e+00
0.000000000000000000e+00
0.000000000000000000e+00
0.000000000000000000e+00
0.000000000000000000e+00
0.000000000000000000e+00
0.000000000000000000e+00
0.000000000000000000e+00
0.000000000000000000e+00
0.000000000000000000e+00
0.000000000000000000e+00
0.000000000000000000e+00
0.000000000000000000e+00
0.000000000000000000e+00
0.000000000000000000e+00
0.000000000000000000e+00
0.000000000000000000e+00
0.000000000000000000e+00
3.000000000000000000e+00
8.000000000000000000e+00
1.000000000000000000e+01
1.000000000000000000e+01
1.800000000000000000e+01
2.500000000000000000e+01
4.100000000000000000e+01
5.000000000000000000e+01
5.000000000000000000e+01
5.500000000000000000e+01
6.000000000000000000e+01
6.700000000000000000e+01
6.700000000000000000e+01
7.000000000000000000e+01
7.900000000000000000e+01
9.100000000000000000e+01
1.010000000000000000e+02
1.010000000000000000e+02
1.110000000000000000e+02
1.170000000000000000e+02
1.260000000000000000e+02
1.330000000000000000e+02
1.330000000000000000e+02
1.390000000000000000e+02
1.460000000000000000e+02
1.590000000000000000e+02
1.590000000000000000e+02
1.680000000000000000e+02
1.770000000000000000e+02
1.810000000000000000e+02
1.870000000000000000e+02
1.870000000000000000e+02
1.970000000000000000e+02
2.020000000000000000e+02
2.140000000000000000e+02
2.140000000000000000e+02
2.250000000000000000e+02
2.360000000000000000e+02
2.430000000000000000e+02
2.500000000000000000e+02
2.500000000000000000e+02
2.620000000000000000e+02
2.690000000000000000e+02
2.800000000000000000e+02
2.800000000000000000e+02
2.860000000000000000e+02
2.860000000000000000e+02
2.860000000000000000e+02
2.860000000000000000e+02
2.860000000000000000e+02
2.860000000000000000e+02
2.860000000000000000e+02
2.860000000000000000e+02
2.860000000000000000e+02
2.860000000000000000e+02
2.860000000000000000e+02
2.860000000000000000e+02
2.860000000000000000e+02
2.860000000000000000e+02
2.860000000000000000e+02
2.860000000000000000e+02
2.860000000000000000e+02
2.860000000000000000e+02
2.860000000000000000e+02
2.860000000000000000e+02
2.860000000000000000e+02
2.860000000000000000e+02
2.860000000000000000e+02
2.850000000000000000e+02
2.840000000000000000e+02
2.820000000000000000e+02
2.770000000000000000e+02
2.750000000000000000e+02
2.730000000000000000e+02
2.700000000000000000e+02
2.670000000000000000e+02
2.640000000000000000e+02
2.620000000000000000e+02
2.560000000000000000e+02
2.500000000000000000e+02
2.480000000000000000e+02
2.460000000000000000e+02
2.450000000000000000e+02
2.410000000000000000e+02
2.390000000000000000e+02
2.350000000000000000e+02
2.330000000000000000e+02
2.300000000000000000e+02
2.260000000000000000e+02
2.240000000000000000e+02
2.190000000000000000e+02
2.130000000000000000e+02
2.100000000000000000e+02
2.080000000000000000e+02
2.050000000000000000e+02
2.000000000000000000e+02
1.980000000000000000e+02
1.950000000000000000e+02
1.880000000000000000e+02
1.800000000000000000e+02
1.740000000000000000e+02
1.650000000000000000e+02
1.590000000000000000e+02
1.540000000000000000e+02
1.490000000000000000e+02
1.420000000000000000e+02
1.350000000000000000e+02
1.290000000000000000e+02
1.230000000000000000e+02
