0.000000000000000000e+00
0.000000000000000000e+00
0.000000000000000000e+00
0.000000000000000000e+00
0.000000000000000000e+00
0.000000000000000000e+00
0.000000000000000000e+00
0.000000000000000000e+00
0.000000000000000000e+00
0.000000000000000000e+00
0.000000000000000000e+00
0.000000000000000000e+00
0.000000000000000000e+00
0.000000000000000000e+00
0.000000000000000000e+00
0.000000000000000000e+00
0.000000000000000000e+00
0.000000000000000000e+00
0.000000000000000000e+00
0.000000000000000000e+00
0.000000000000000000e+00
0.000000000000000000e+00
0.000000000000000000e+00
0.000000000000000000e+00
0.000000000000000000e+00
0.000000000000000000e+00
0.000000000000000000e+00
0.000000000000000000e+00
0.000000000000000000e+00
0.000000000000000000e+00
0.000000000000000000e+00
0.000000000000000000e+00
7.000000000000000000e+00
9.000000000000000000e+00
1.600000000000000000e+01
2.600000000000000000e+01
2.600000000000000000e+01
3.500000000000000000e+01
4.700000000000000000e+01
5.200000000000000000e+01
6.100000000000000000e+01
6.100000000000000000e+01
6.900000000000000000e+01
7.300000000000000000e+01
8.300000000000000000e+01
8.300000000000000000e+01
9.200000000000000000e+01
9.800000000000000000e+01
1.040000000000000000e+02
1.110000000000000000e+02
1.110000000000000000e+02
1.210000000000000000e+02
1.270000000000000000e+02
1.310000000000000000e+02
1.310000000000000000e+02
1.370000000000000000e+02
1.460000000000000000e+02
1.550000000000000000e+02
1.620000000000000000e+02
1.620000000000000000e+02
1.660000000000000000e+02
1.780000000000000000e+02
1.850000000000000000e+02
1.850000000000000000e+02
1.890000000000000000e+02
1.890000000000000000e+02
1.890000000000000000e+02
1.890000000000000000e+02
1.890000000000000000e+02
1.890000000000000000e+02
1.890000000000000000e+02
1.890000000000000000e+02
1.890000000000000000e+02
1.890000000000000000e+02
1.890000000000000000e+02
1.890000000000000000e+02
1.890000000000000000e+02
1.890000000000000000e+02
1.890000000000000000e+02
1.890000000000000000e+02
1.890000000000000000e+02
1.890000000000000000e+02
1.890000000000000000e+02
1.890000000000000000e+02
1.890000000000000000e+02
1.890000000000000000e+02
1.890000000000000000e+02
1.890000000000000000e+02
1.890000000000000000e+02
1.890000000000000000e+02
1.890000000000000000e+02
1.890000000000000000e+02
1.890000000000000000e+02
1.890000000000000000e+02
1.890000000000000000e+02
1.890000000000000000e+02
1.890000000000000000e+02
1.890000000000000000e+02
1.880000000000000000e+02
1.870000000000000000e+02
1.860000000000000000e+02
1.830000000000000000e+02
1.830000000000000000e+02
1.820000000000000000e+02
1.810000000000000000e+02
1.810000000000000000e+02
1.800000000000000000e+02
1.770000000000000000e+02
1.760000000000000000e+02
1.740000000000000000e+02
1.690000000000000000e+02
1.660000000000000000e+02
1.620000000000000000e+02
1.570000000000000000e+02
1.540000000000000000e+02
1.530000000000000000e+02
1.450000000000000000e+02
1.410000000000000000e+02
1.400000000000000000e+02
1.360000000000000000e+02
1.320000000000000000e+02
1.280000000000000000e+02
1.250000000000000000e+02
1.220000000000000000e+02
1.180000000000000000e+02
1.150000000000000000e+02
1.100000000000000000e+02
1.010000000000000000e+02
