0.000000000000000000e+00
0.000000000000000000e+00
0.000000000000000000e+00
0.000000000000000000e+00
0.000000000000000000e+00
0.000000000000000000e+00
0.000000000000000000e+00
0.000000000000000000e+00
0.000000000000000000e+00
0.000000000000000000e+00
0.000000000000000000e+00
0.000000000000000000e+00
0.000000000000000000e+00
0.000000000000000000e+00
0.000000000000000000e+00
0.000000000000000000e+00
0.000000000000000000e+00
0.000000000000000000e+00
0.000000000000000000e+00
0.000000000000000000e+00
0.000000000000000000e+00
0.000000000000000000e+00
0.000000000000000000e+00
6.000000000000000000e+00
1.800000000000000000e+01
2.500000000000000000e+01
2.800000000000000000e+01
2.800000000000000000e+01
3.600000000000000000e+01
4.100000000000000000e+01
4.900000000000000000e+01
4.900000000000000000e+01
5.500000000000000000e+01
6.100000000000000000e+01
7.100000000000000000e+01
8.200000000000000000e+01
8.200000000000000000e+01
8.900000000000000000e+01
9.800000000000000000e+01
1.110000000000000000e+02
1.210000000000000000e+02
1.210000000000000000e+02
1.270000000000000000e+02
1.320000000000000000e+02
1.450000000000000000e+02
1.450000000000000000e+02
1.540000000000000000e+02
1.620000000000000000e+02
1.710000000000000000e+02
1.850000000000000000e+02
1.850000000000000000e+02
1.930000000000000000e+02
1.960000000000000000e+02
2.010000000000000000e+02
2.010000000000000000e+02
2.110000000000000000e+02
2.200000000000000000e+02
2.280000000000000000e+02
2.370000000000000000e+02
2.370000000000000000e+02
2.540000000000000000e+02
2.580000000000000000e+02
2.650000000000000000e+02
2.650000000000000000e+02
2.740000000000000000e+02
2.740000000000000000e+02
2.740000000000000000e+02
2.740000000000000000e+02
2.740000000000000000e+02
2.740000000000000000e+02
2.740000000000000000e+02
2.740000000000000000e+02
2.740000000000000000e+02
2.740000000000000000e+02
2.740000000000000000e+02
2.740000000000000000e+02
2.740000000000000000e+02
2.740000000000000000e+02
2.740000000000000000e+02
2.740000000000000000e+02
2.740000000000000000e+02
2.740000000000000000e+02
2.740000000000000000e+02
2.740000000000000000e+02
2.740000000000000000e+02
2.740000000000000000e+02
2.740000000000000000e+02
2.740000000000000000e+02
2.710000000000000000e+02
2.690000000000000000e+02
2.690000000000000000e+02
2.690000000000000000e+02
2.690000000000000000e+02
2.680000000000000000e+02
2.660000000000000000e+02
2.640000000000000000e+02
2.630000000000000000e+02
2.590000000000000000e+02
2.570000000000000000e+02
2.560000000000000000e+02
2.530000000000000000e+02
2.490000000000000000e+02
2.450000000000000000e+02
2.410000000000000000e+02
2.380000000000000000e+02
2.350000000000000000e+02
2.290000000000000000e+02
2.270000000000000000e+02
2.250000000000000000e+02
2.190000000000000000e+02
2.140000000000000000e+02
2.060000000000000000e+02
2.020000000000000000e+02
1.970000000000000000e+02
1.880000000000000000e+02
1.850000000000000000e+02
1.820000000000000000e+02
1.770000000000000000e+02
1.680000000000000000e+02
1.600000000000000000e+02
1.570000000000000000e+02
1.490000000000000000e+02
1.410000000000000000e+02
1.380000000000000000e+02
1.250000000000000000e+02
1.200000000000000000e+02
1.170000000000000000e+02
1.150000000000000000e+02
