0.000000000000000000e+00
0.000000000000000000e+00
0.000000000000000000e+00
0.000000000000000000e+00
0.000000000000000000e+00
0.000000000000000000e+00
0.000000000000000000e+00
0.000000000000000000e+00
0.000000000000000000e+00
0.000000000000000000e+00
0.000000000000000000e+00
0.000000000000000000e+00
0.000000000000000000e+00
0.000000000000000000e+00
0.000000000000000000e+00
0.000000000000000000e+00
0.000000000000000000e+00
0.000000000000000000e+00
0.000000000000000000e+00
3.000000000000000000e+00
6.000000000000000000e+00
2.000000000000000000e+01
2.000000000000000000e+01
2.200000000000000000e+01
2.800000000000000000e+01
4.000000000000000000e+01
4.500000000000000000e+01
4.500000000000000000e+01
4.900000000000000000e+01
6.100000000000000000e+01
7.300000000000000000e+01
7.300000000000000000e+01
8.000000000000000000e+01
9.100000000000000000e+01
9.800000000000000000e+01
1.020000000000000000e+02
1.020000000000000000e+02
1.080000000000000000e+02
1.160000000000000000e+02
1.250000000000000000e+02
1.330000000000000000e+02
1.330000000000000000e+02
1.360000000000000000e+02
1.450000000000000000e+02
1.480000000000000000e+02
1.480000000000000000e+02
1.590000000000000000e+02
1.670000000000000000e+02
1.780000000000000000e+02
1.860000000000000000e+02
1.860000000000000000e+02
1.930000000000000000e+02
2.000000000000000000e+02
2.100000000000000000e+02
2.100000000000000000e+02
2.200000000000000000e+02
2.260000000000000000e+02
2.320000000000000000e+02
2.390000000000000000e+02
2.390000000000000000e+02
2.440000000000000000e+02
2.580000000000000000e+02
2.690000000000000000e+02
2.690000000000000000e+02
2.770000000000000000e+02
2.770000000000000000e+02
2.770000000000000000e+02
2.770000000000000000e+02
2.770000000000000000e+02
2.770000000000000000e+02
2.770000000000000000e+02
2.770000000000000000e+02
2.770000000000000000e+02
2.770000000000000000e+02
2.770000000000000000e+02
2.770000000000000000e+02
2.770000000000000000e+02
2.770000000000000000e+02
2.770000000000000000e+02
2.770000000000000000e+02
2.770000000000000000e+02
2.770000000000000000e+02
2.770000000000000000e+02
2.770000000000000000e+02
2.770000000000000000e+02
2.770000000000000000e+02
2.760000000000000000e+02
2.760000000000000000e+02
2.750000000000000000e+02
2.730000000000000000e+02
2.730000000000000000e+02
2.720000000000000000e+02
2.700000000000000000e+02
2.670000000000000000e+02
2.630000000000000000e+02
2.600000000000000000e+02
2.550000000000000000e+02
2.540000000000000000e+02
2.480000000000000000e+02
2.440000000000000000e+02
2.420000000000000000e+02
2.380000000000000000e+02
2.350000000000000000e+02
2.270000000000000000e+02
2.200000000000000000e+02
2.140000000000000000e+02
2.110000000000000000e+02
2.070000000000000000e+02
2.050000000000000000e+02
2.000000000000000000e+02
1.930000000000000000e+02
1.890000000000000000e+02
1.870000000000000000e+02
1.840000000000000000e+02
1.780000000000000000e+02
1.730000000000000000e+02
1.700000000000000000e+02
1.660000000000000000e+02
1.610000000000000000e+02
1.550000000000000000e+02
1.530000000000000000e+02
1.440000000000000000e+02
1.360000000000000000e+02
1.350000000000000000e+02
1.290000000000000000e+02
1.260000000000000000e+02
1.180000000000000000e+02
1.130000000000000000e+02
