0.000000000000000000e+00
0.000000000000000000e+00
0.000000000000000000e+00
0.000000000000000000e+00
0.000000000000000000e+00
0.000000000000000000e+00
0.000000000000000000e+00
0.000000000000000000e+00
0.000000000000000000e+00
0.000000000000000000e+00
0.000000000000000000e+00
0.000000000000000000e+00
0.000000000000000000e+00
0.000000000000000000e+00
0.000000000000000000e+00
0.000000000000000000e+00
0.000000000000000000e+00
0.000000000000000000e+00
0.000000000000000000e+00
0.000000000000000000e+00
0.000000000000000000e+00
0.000000000000000000e+00
0.000000000000000000e+00
0.000000000000000000e+00
0.000000000000000000e+00
0.000000000000000000e+00
0.000000000000000000e+00
0.000000000000000000e+00
1.500000000000000000e+01
1.800000000000000000e+01
3.000000000000000000e+01
3.000000000000000000e+01
3.700000000000000000e+01
4.100000000000000000e+01
5.300000000000000000e+01
5.700000000000000000e+01
5.700000000000000000e+01
6.200000000000000000e+01
6.900000000000000000e+01
7.500000000000000000e+01
8.400000000000000000e+01
8.400000000000000000e+01
9.700000000000000000e+01
1.050000000000000000e+02
1.120000000000000000e+02
1.120000000000000000e+02
1.190000000000000000e+02
1.260000000000000000e+02
1.330000000000000000e+02
1.410000000000000000e+02
1.410000000000000000e+02
1.480000000000000000e+02
1.560000000000000000e+02
1.610000000000000000e+02
1.610000000000000000e+02
1.670000000000000000e+02
1.740000000000000000e+02
1.840000000000000000e+02
1.880000000000000000e+02
1.880000000000000000e+02
1.890000000000000000e+02
1.950000000000000000e+02
2.040000000000000000e+02
2.040000000000000000e+02
2.090000000000000000e+02
2.090000000000000000e+02
2.090000000000000000e+02
2.090000000000000000e+02
2.090000000000000000e+02
2.090000000000000000e+02
2.090000000000000000e+02
2.090000000000000000e+02
2.090000000000000000e+02
2.090000000000000000e+02
2.090000000000000000e+02
2.090000000000000000e+02
2.090000000000000000e+02
2.090000000000000000e+02
2.090000000000000000e+02
2.090000000000000000e+02
2.090000000000000000e+02
2.090000000000000000e+02
2.090000000000000000e+02
2.090000000000000000e+02
2.090000000000000000e+02
2.090000000000000000e+02
2.090000000000000000e+02
2.090000000000000000e+02
2.090000000000000000e+02
2.090000000000000000e+02
2.090000000000000000e+02
2.090000000000000000e+02
2.080000000000000000e+02
2.070000000000000000e+02
2.050000000000000000e+02
2.040000000000000000e+02
2.030000000000000000e+02
2.030000000000000000e+02
2.020000000000000000e+02
2.000000000000000000e+02
1.990000000000000000e+02
1.980000000000000000e+02
1.960000000000000000e+02
1.950000000000000000e+02
1.920000000000000000e+02
1.890000000000000000e+02
1.850000000000000000e+02
1.840000000000000000e+02
1.810000000000000000e+02
1.800000000000000000e+02
1.790000000000000000e+02
1.770000000000000000e+02
1.720000000000000000e+02
1.640000000000000000e+02
1.600000000000000000e+02
1.560000000000000000e+02
1.510000000000000000e+02
1.500000000000000000e+02
1.450000000000000000e+02
1.400000000000000000e+02
1.350000000000000000e+02
1.330000000000000000e+02
1.280000000000000000e+02
1.220000000000000000e+02
1.200000000000000000e+02
1.170000000000000000e+02
1.120000000000000000e+02
1.090000000000000000e+02
