0.000000000000000000e+00
0.000000000000000000e+00
0.000000000000000000e+00
0.000000000000000000e+00
0.000000000000000000e+00
0.000000000000000000e+00
0.000000000000000000e+00
0.000000000000000000e+00
0.000000000000000000e+00
0.000000000000000000e+00
0.000000000000000000e+00
0.000000000000000000e+00
0.000000000000000000e+00
0.000000000000000000e+00
1.000000000000000000e+00
7.000000000000000000e+00
1.800000000000000000e+01
2.800000000000000000e+01
2.800000000000000000e+01
3.200000000000000000e+01
3.700000000000000000e+01
4.500000000000000000e+01
4.500000000000000000e+01
5.300000000000000000e+01
6.400000000000000000e+01
7.500000000000000000e+01
7.900000000000000000e+01
7.900000000000000000e+01
9.000000000000000000e+01
9.700000000000000000e+01
1.030000000000000000e+02
1.030000000000000000e+02
1.090000000000000000e+02
1.170000000000000000e+02
1.230000000000000000e+02
1.300000000000000000e+02
1.300000000000000000e+02
1.350000000000000000e+02
1.430000000000000000e+02
1.520000000000000000e+02
1.620000000000000000e+02
1.620000000000000000e+02
1.690000000000000000e+02
1.800000000000000000e+02
1.830000000000000000e+02
1.830000000000000000e+02
1.930000000000000000e+02
1.990000000000000000e+02
2.060000000000000000e+02
2.150000000000000000e+02
2.150000000000000000e+02
2.230000000000000000e+02
2.250000000000000000e+02
2.280000000000000000e+02
2.280000000000000000e+02
2.320000000000000000e+02
2.360000000000000000e+02
2.450000000000000000e+02
2.500000000000000000e+02
2.500000000000000000e+02
2.560000000000000000e+02
2.640000000000000000e+02
2.730000000000000000e+02
2.730000000000000000e+02
2.800000000000000000e+02
2.800000000000000000e+02
2.800000000000000000e+02
2.800000000000000000e+02
2.800000000000000000e+02
2.800000000000000000e+02
2.800000000000000000e+02
2.800000000000000000e+02
2.800000000000000000e+02
2.800000000000000000e+02
2.800000000000000000e+02
2.800000000000000000e+02
2.800000000000000000e+02
2.800000000000000000e+02
2.800000000000000000e+02
2.800000000000000000e+02
2.770000000000000000e+02
2.770000000000000000e+02
2.770000000000000000e+02
2.770000000000000000e+02
2.770000000000000000e+02
2.760000000000000000e+02
2.710000000000000000e+02
2.680000000000000000e+02
2.660000000000000000e+02
2.620000000000000000e+02
2.600000000000000000e+02
2.600000000000000000e+02
2.570000000000000000e+02
2.540000000000000000e+02
2.510000000000000000e+02
2.470000000000000000e+02
2.450000000000000000e+02
2.400000000000000000e+02
2.390000000000000000e+02
2.330000000000000000e+02
2.290000000000000000e+02
2.260000000000000000e+02
2.200000000000000000e+02
2.150000000000000000e+02
2.130000000000000000e+02
2.130000000000000000e+02
2.100000000000000000e+02
2.040000000000000000e+02
2.000000000000000000e+02
1.930000000000000000e+02
1.860000000000000000e+02
1.790000000000000000e+02
1.720000000000000000e+02
1.670000000000000000e+02
1.650000000000000000e+02
1.590000000000000000e+02
1.550000000000000000e+02
1.490000000000000000e+02
1.450000000000000000e+02
1.420000000000000000e+02
1.370000000000000000e+02
1.320000000000000000e+02
1.270000000000000000e+02
1.200000000000000000e+02
1.170000000000000000e+02
1.130000000000000000e+02
1.080000000000000000e+02
1.060000000000000000e+02
