0.000000000000000000e+00
0.000000000000000000e+00
0.000000000000000000e+00
0.000000000000000000e+00
0.000000000000000000e+00
0.000000000000000000e+00
0.000000000000000000e+00
0.000000000000000000e+00
0.000000000000000000e+00
0.000000000000000000e+00
0.000000000000000000e+00
0.000000000000000000e+00
0.000000000000000000e+00
0.000000000000000000e+00
0.000000000000000000e+00
0.000000000000000000e+00
0.000000000000000000e+00
0.000000000000000000e+00
0.000000000000000000e+00
9.000000000000000000e+00
1.600000000000000000e+01
2.700000000000000000e+01
2.700000000000000000e+01
3.200000000000000000e+01
3.500000000000000000e+01
4.200000000000000000e+01
4.900000000000000000e+01
4.900000000000000000e+01
5.700000000000000000e+01
7.000000000000000000e+01
8.300000000000000000e+01
8.300000000000000000e+01
9.300000000000000000e+01
1.000000000000000000e+02
1.120000000000000000e+02
1.200000000000000000e+02
1.200000000000000000e+02
1.290000000000000000e+02
1.330000000000000000e+02
1.430000000000000000e+02
1.520000000000000000e+02
1.520000000000000000e+02
1.580000000000000000e+02
1.660000000000000000e+02
1.700000000000000000e+02
1.700000000000000000e+02
1.780000000000000000e+02
1.860000000000000000e+02
1.970000000000000000e+02
2.040000000000000000e+02
2.040000000000000000e+02
2.090000000000000000e+02
2.140000000000000000e+02
2.230000000000000000e+02
2.230000000000000000e+02
2.320000000000000000e+02
2.390000000000000000e+02
2.460000000000000000e+02
2.490000000000000000e+02
2.490000000000000000e+02
2.590000000000000000e+02
2.680000000000000000e+02
2.760000000000000000e+02
2.760000000000000000e+02
2.830000000000000000e+02
2.830000000000000000e+02
2.830000000000000000e+02
2.830000000000000000e+02
2.830000000000000000e+02
2.830000000000000000e+02
2.830000000000000000e+02
2.830000000000000000e+02
2.830000000000000000e+02
2.830000000000000000e+02
2.830000000000000000e+02
2.830000000000000000e+02
2.830000000000000000e+02
2.830000000000000000e+02
2.830000000000000000e+02
2.830000000000000000e+02
2.830000000000000000e+02
2.830000000000000000e+02
2.830000000000000000e+02
2.830000000000000000e+02
2.830000000000000000e+02
2.830000000000000000e+02
2.790000000000000000e+02
2.780000000000000000e+02
2.770000000000000000e+02
2.760000000000000000e+02
2.730000000000000000e+02
2.700000000000000000e+02
2.690000000000000000e+02
2.660000000000000000e+02
2.610000000000000000e+02
2.590000000000000000e+02
2.570000000000000000e+02
2.530000000000000000e+02
2.500000000000000000e+02
2.450000000000000000e+02
2.420000000000000000e+02
2.380000000000000000e+02
2.280000000000000000e+02
2.220000000000000000e+02
2.160000000000000000e+02
2.140000000000000000e+02
2.120000000000000000e+02
2.060000000000000000e+02
2.010000000000000000e+02
1.950000000000000000e+02
1.890000000000000000e+02
1.830000000000000000e+02
1.820000000000000000e+02
1.760000000000000000e+02
1.730000000000000000e+02
1.660000000000000000e+02
1.630000000000000000e+02
1.600000000000000000e+02
1.530000000000000000e+02
1.490000000000000000e+02
1.440000000000000000e+02
1.400000000000000000e+02
1.370000000000000000e+02
1.340000000000000000e+02
1.290000000000000000e+02
1.260000000000000000e+02
1.240000000000000000e+02
1.170000000000000000e+02
