0.000000000000000000e+00
0.000000000000000000e+00
0.000000000000000000e+00
0.000000000000000000e+00
0.000000000000000000e+00
0.000000000000000000e+00
0.000000000000000000e+00
0.000000000000000000e+00
0.000000000000000000e+00
0.000000000000000000e+00
0.000000000000000000e+00
0.000000000000000000e+00
0.000000000000000000e+00
0.000000000000000000e+00
0.000000000000000000e+00
0.000000000000000000e+00
0.000000000000000000e+00
0.000000000000000000e+00
0.000000000000000000e+00
0.000000000000000000e+00
1.000000000000000000e+00
1.000000000000000000e+00
1.000000000000000000e+00
5.000000000000000000e+00
1.200000000000000000e+01
2.000000000000000000e+01
2.600000000000000000e+01
2.600000000000000000e+01
3.200000000000000000e+01
4.200000000000000000e+01
5.000000000000000000e+01
5.000000000000000000e+01
5.900000000000000000e+01
6.900000000000000000e+01
7.600000000000000000e+01
8.800000000000000000e+01
8.800000000000000000e+01
9.700000000000000000e+01
1.040000000000000000e+02
1.130000000000000000e+02
1.200000000000000000e+02
1.200000000000000000e+02
1.280000000000000000e+02
1.350000000000000000e+02
1.420000000000000000e+02
1.420000000000000000e+02
1.500000000000000000e+02
1.570000000000000000e+02
1.630000000000000000e+02
1.740000000000000000e+02
1.740000000000000000e+02
1.800000000000000000e+02
1.840000000000000000e+02
1.960000000000000000e+02
1.960000000000000000e+02
2.040000000000000000e+02
2.170000000000000000e+02
2.220000000000000000e+02
2.320000000000000000e+02
2.320000000000000000e+02
2.400000000000000000e+02
2.470000000000000000e+02
2.570000000000000000e+02
2.570000000000000000e+02
2.650000000000000000e+02
2.650000000000000000e+02
2.650000000000000000e+02
2.650000000000000000e+02
2.650000000000000000e+02
2.650000000000000000e+02
2.650000000000000000e+02
2.650000000000000000e+02
2.650000000000000000e+02
2.650000000000000000e+02
2.650000000000000000e+02
2.650000000000000000e+02
2.650000000000000000e+02
2.650000000000000000e+02
2.650000000000000000e+02
2.650000000000000000e+02
2.650000000000000000e+02
2.650000000000000000e+02
2.650000000000000000e+02
2.650000000000000000e+02
2.650000000000000000e+02
2.650000000000000000e+02
2.650000000000000000e+02
2.650000000000000000e+02
2.630000000000000000e+02
2.630000000000000000e+02
2.620000000000000000e+02
2.620000000000000000e+02
2.620000000000000000e+02
2.610000000000000000e+02
2.590000000000000000e+02
2.590000000000000000e+02
2.590000000000000000e+02
2.560000000000000000e+02
2.530000000000000000e+02
2.500000000000000000e+02
2.480000000000000000e+02
2.430000000000000000e+02
2.410000000000000000e+02
2.370000000000000000e+02
2.310000000000000000e+02
2.270000000000000000e+02
2.240000000000000000e+02
2.200000000000000000e+02
2.180000000000000000e+02
2.150000000000000000e+02
2.120000000000000000e+02
2.080000000000000000e+02
2.050000000000000000e+02
2.000000000000000000e+02
1.930000000000000000e+02
1.830000000000000000e+02
1.780000000000000000e+02
1.710000000000000000e+02
1.640000000000000000e+02
1.590000000000000000e+02
1.560000000000000000e+02
1.510000000000000000e+02
1.430000000000000000e+02
1.380000000000000000e+02
1.330000000000000000e+02
1.250000000000000000e+02
1.200000000000000000e+02
1.170000000000000000e+02
