0.000000000000000000e+00
0.000000000000000000e+00
0.000000000000000000e+00
0.000000000000000000e+00
0.000000000000000000e+00
0.000000000000000000e+00
0.000000000000000000e+00
0.000000000000000000e+00
0.000000000000000000e+00
0.000000000000000000e+00
0.000000000000000000e+00
0.000000000000000000e+00
0.000000000000000000e+00
0.000000000000000000e+00
0.000000000000000000e+00
0.000000000000000000e+00
0.000000000000000000e+00
0.000000000000000000e+00
0.000000000000000000e+00
0.000000000000000000e+00
0.000000000000000000e+00
0.000000000000000000e+00
0.000000000000000000e+00
8.000000000000000000e+00
1.200000000000000000e+01
1.900000000000000000e+01
2.700000000000000000e+01
2.700000000000000000e+01
3.300000000000000000e+01
4.900000000000000000e+01
5.500000000000000000e+01
5.500000000000000000e+01
6.100000000000000000e+01
6.900000000000000000e+01
7.900000000000000000e+01
9.300000000000000000e+01
9.300000000000000000e+01
9.800000000000000000e+01
1.030000000000000000e+02
1.100000000000000000e+02
1.170000000000000000e+02
1.170000000000000000e+02
1.220000000000000000e+02
1.280000000000000000e+02
1.360000000000000000e+02
1.360000000000000000e+02
1.450000000000000000e+02
1.560000000000000000e+02
1.700000000000000000e+02
1.820000000000000000e+02
1.820000000000000000e+02
1.840000000000000000e+02
1.920000000000000000e+02
1.990000000000000000e+02
1.990000000000000000e+02
2.060000000000000000e+02
2.080000000000000000e+02
2.150000000000000000e+02
2.270000000000000000e+02
2.270000000000000000e+02
2.310000000000000000e+02
2.370000000000000000e+02
2.460000000000000000e+02
2.460000000000000000e+02
2.520000000000000000e+02
2.520000000000000000e+02
2.520000000000000000e+02
2.520000000000000000e+02
2.520000000000000000e+02
2.520000000000000000e+02
2.520000000000000000e+02
2.520000000000000000e+02
2.520000000000000000e+02
2.520000000000000000e+02
2.520000000000000000e+02
2.520000000000000000e+02
2.520000000000000000e+02
2.520000000000000000e+02
2.520000000000000000e+02
2.520000000000000000e+02
2.520000000000000000e+02
2.520000000000000000e+02
2.520000000000000000e+02
2.520000000000000000e+02
2.520000000000000000e+02
2.520000000000000000e+02
2.520000000000000000e+02
2.520000000000000000e+02
2.500000000000000000e+02
2.500000000000000000e+02
2.500000000000000000e+02
2.480000000000000000e+02
2.470000000000000000e+02
2.450000000000000000e+02
2.450000000000000000e+02
2.420000000000000000e+02
2.350000000000000000e+02
2.340000000000000000e+02
2.300000000000000000e+02
2.280000000000000000e+02
2.250000000000000000e+02
2.200000000000000000e+02
2.180000000000000000e+02
2.130000000000000000e+02
2.130000000000000000e+02
2.080000000000000000e+02
2.040000000000000000e+02
2.000000000000000000e+02
1.960000000000000000e+02
1.950000000000000000e+02
1.920000000000000000e+02
1.900000000000000000e+02
1.860000000000000000e+02
1.820000000000000000e+02
1.740000000000000000e+02
1.710000000000000000e+02
1.650000000000000000e+02
1.620000000000000000e+02
1.560000000000000000e+02
1.530000000000000000e+02
1.450000000000000000e+02
1.400000000000000000e+02
1.330000000000000000e+02
1.270000000000000000e+02
1.260000000000000000e+02
1.220000000000000000e+02
1.180000000000000000e+02
1.130000000000000000e+02
