0.000000000000000000e+00
0.000000000000000000e+00
0.000000000000000000e+00
0.000000000000000000e+00
0.000000000000000000e+00
0.000000000000000000e+00
0.000000000000000000e+00
0.000000000000000000e+00
0.000000000000000000e+00
0.000000000000000000e+00
0.000000000000000000e+00
0.000000000000000000e+00
0.000000000000000000e+00
0.000000000000000000e+00
0.000000000000000000e+00
0.000000000000000000e+00
0.000000000000000000e+00
2.000000000000000000e+00
2.000000000000000000e+00
9.000000000000000000e+00
2.000000000000000000e+01
3.100000000000000000e+01
3.100000000000000000e+01
3.600000000000000000e+01
4.500000000000000000e+01
5.100000000000000000e+01
5.900000000000000000e+01
5.900000000000000000e+01
7.700000000000000000e+01
8.300000000000000000e+01
8.900000000000000000e+01
8.900000000000000000e+01
9.600000000000000000e+01
1.020000000000000000e+02
1.120000000000000000e+02
1.180000000000000000e+02
1.180000000000000000e+02
1.230000000000000000e+02
1.280000000000000000e+02
1.360000000000000000e+02
1.410000000000000000e+02
1.410000000000000000e+02
1.430000000000000000e+02
1.500000000000000000e+02
1.530000000000000000e+02
1.530000000000000000e+02
1.560000000000000000e+02
1.610000000000000000e+02
1.690000000000000000e+02
1.750000000000000000e+02
1.750000000000000000e+02
1.810000000000000000e+02
1.860000000000000000e+02
1.970000000000000000e+02
1.970000000000000000e+02
2.020000000000000000e+02
2.090000000000000000e+02
2.190000000000000000e+02
2.280000000000000000e+02
2.280000000000000000e+02
2.340000000000000000e+02
2.420000000000000000e+02
2.580000000000000000e+02
2.580000000000000000e+02
2.640000000000000000e+02
2.640000000000000000e+02
2.640000000000000000e+02
2.640000000000000000e+02
2.640000000000000000e+02
2.640000000000000000e+02
2.640000000000000000e+02
2.640000000000000000e+02
2.640000000000000000e+02
2.640000000000000000e+02
2.640000000000000000e+02
2.640000000000000000e+02
2.640000000000000000e+02
2.640000000000000000e+02
2.640000000000000000e+02
2.640000000000000000e+02
2.640000000000000000e+02
2.640000000000000000e+02
2.640000000000000000e+02
2.630000000000000000e+02
2.620000000000000000e+02
2.600000000000000000e+02
2.590000000000000000e+02
2.590000000000000000e+02
2.580000000000000000e+02
2.550000000000000000e+02
2.540000000000000000e+02
2.530000000000000000e+02
2.490000000000000000e+02
2.440000000000000000e+02
2.400000000000000000e+02
2.340000000000000000e+02
2.290000000000000000e+02
2.260000000000000000e+02
2.240000000000000000e+02
2.190000000000000000e+02
2.160000000000000000e+02
2.120000000000000000e+02
2.090000000000000000e+02
2.030000000000000000e+02
1.990000000000000000e+02
1.880000000000000000e+02
1.840000000000000000e+02
1.800000000000000000e+02
1.770000000000000000e+02
1.740000000000000000e+02
1.680000000000000000e+02
1.650000000000000000e+02
1.630000000000000000e+02
1.570000000000000000e+02
1.560000000000000000e+02
1.470000000000000000e+02
1.430000000000000000e+02
1.400000000000000000e+02
1.350000000000000000e+02
1.280000000000000000e+02
1.260000000000000000e+02
1.210000000000000000e+02
1.160000000000000000e+02
1.100000000000000000e+02
1.090000000000000000e+02
1.060000000000000000e+02
1.000000000000000000e+02
9.100000000000000000e+01
