0.000000000000000000e+00
0.000000000000000000e+00
0.000000000000000000e+00
0.000000000000000000e+00
0.000000000000000000e+00
0.000000000000000000e+00
0.000000000000000000e+00
0.000000000000000000e+00
0.000000000000000000e+00
0.000000000000000000e+00
0.000000000000000000e+00
0.000000000000000000e+00
0.000000000000000000e+00
0.000000000000000000e+00
0.000000000000000000e+00
0.000000000000000000e+00
0.000000000000000000e+00
0.000000000000000000e+00
0.000000000000000000e+00
0.000000000000000000e+00
0.000000000000000000e+00
0.000000000000000000e+00
0.000000000000000000e+00
0.000000000000000000e+00
0.000000000000000000e+00
0.000000000000000000e+00
0.000000000000000000e+00
0.000000000000000000e+00
3.000000000000000000e+00
8.000000000000000000e+00
1.100000000000000000e+01
1.100000000000000000e+01
1.700000000000000000e+01
2.500000000000000000e+01
3.100000000000000000e+01
3.700000000000000000e+01
3.700000000000000000e+01
4.300000000000000000e+01
4.900000000000000000e+01
5.900000000000000000e+01
6.300000000000000000e+01
6.300000000000000000e+01
7.200000000000000000e+01
8.000000000000000000e+01
8.500000000000000000e+01
8.500000000000000000e+01
8.900000000000000000e+01
9.500000000000000000e+01
1.050000000000000000e+02
1.100000000000000000e+02
1.100000000000000000e+02
1.170000000000000000e+02
1.290000000000000000e+02
1.380000000000000000e+02
1.380000000000000000e+02
1.470000000000000000e+02
1.530000000000000000e+02
1.620000000000000000e+02
1.730000000000000000e+02
1.730000000000000000e+02
1.790000000000000000e+02
1.870000000000000000e+02
1.950000000000000000e+02
1.950000000000000000e+02
2.050000000000000000e+02
2.050000000000000000e+02
2.050000000000000000e+02
2.050000000000000000e+02
2.050000000000000000e+02
2.050000000000000000e+02
2.050000000000000000e+02
2.050000000000000000e+02
2.050000000000000000e+02
2.050000000000000000e+02
2.050000000000000000e+02
2.050000000000000000e+02
2.050000000000000000e+02
2.050000000000000000e+02
2.050000000000000000e+02
2.050000000000000000e+02
2.050000000000000000e+02
2.050000000000000000e+02
2.050000000000000000e+02
2.050000000000000000e+02
2.050000000000000000e+02
2.050000000000000000e+02
2.050000000000000000e+02
2.050000000000000000e+02
2.050000000000000000e+02
2.050000000000000000e+02
2.050000000000000000e+02
2.050000000000000000e+02
2.050000000000000000e+02
2.040000000000000000e+02
2.020000000000000000e+02
2.010000000000000000e+02
2.010000000000000000e+02
1.990000000000000000e+02
1.990000000000000000e+02
1.980000000000000000e+02
1.960000000000000000e+02
1.950000000000000000e+02
1.940000000000000000e+02
1.910000000000000000e+02
1.890000000000000000e+02
1.870000000000000000e+02
1.850000000000000000e+02
1.850000000000000000e+02
1.840000000000000000e+02
1.820000000000000000e+02
1.780000000000000000e+02
1.770000000000000000e+02
1.730000000000000000e+02
1.720000000000000000e+02
1.690000000000000000e+02
1.650000000000000000e+02
1.600000000000000000e+02
1.550000000000000000e+02
1.500000000000000000e+02
1.460000000000000000e+02
1.380000000000000000e+02
1.320000000000000000e+02
1.290000000000000000e+02
1.270000000000000000e+02
1.180000000000000000e+02
1.100000000000000000e+02
1.050000000000000000e+02
1.010000000000000000e+02
