0.000000000000000000e+00
0.000000000000000000e+00
0.000000000000000000e+00
0.000000000000000000e+00
0.000000000000000000e+00
0.000000000000000000e+00
0.000000000000000000e+00
0.000000000000000000e+00
0.000000000000000000e+00
0.000000000000000000e+00
0.000000000000000000e+00
0.000000000000000000e+00
0.000000000000000000e+00
0.000000000000000000e+00
0.000000000000000000e+00
1.000000000000000000e+00
5.000000000000000000e+00
9.000000000000000000e+00
9.000000000000000000e+00
2.000000000000000000e+01
2.200000000000000000e+01
3.000000000000000000e+01
3.000000000000000000e+01
3.600000000000000000e+01
4.200000000000000000e+01
4.600000000000000000e+01
5.700000000000000000e+01
5.700000000000000000e+01
6.500000000000000000e+01
7.100000000000000000e+01
7.700000000000000000e+01
7.700000000000000000e+01
8.200000000000000000e+01
9.000000000000000000e+01
9.800000000000000000e+01
1.070000000000000000e+02
1.070000000000000000e+02
1.100000000000000000e+02
1.140000000000000000e+02
1.210000000000000000e+02
1.310000000000000000e+02
1.310000000000000000e+02
1.450000000000000000e+02
1.540000000000000000e+02
1.600000000000000000e+02
1.600000000000000000e+02
1.650000000000000000e+02
1.760000000000000000e+02
1.890000000000000000e+02
1.980000000000000000e+02
1.980000000000000000e+02
2.050000000000000000e+02
2.090000000000000000e+02
2.140000000000000000e+02
2.140000000000000000e+02
2.240000000000000000e+02
2.270000000000000000e+02
2.340000000000000000e+02
2.460000000000000000e+02
2.460000000000000000e+02
2.570000000000000000e+02
2.720000000000000000e+02
2.860000000000000000e+02
2.860000000000000000e+02
2.930000000000000000e+02
2.930000000000000000e+02
2.930000000000000000e+02
2.930000000000000000e+02
2.930000000000000000e+02
2.930000000000000000e+02
2.930000000000000000e+02
2.930000000000000000e+02
2.930000000000000000e+02
2.930000000000000000e+02
2.930000000000000000e+02
2.930000000000000000e+02
2.930000000000000000e+02
2.930000000000000000e+02
2.930000000000000000e+02
2.930000000000000000e+02
2.930000000000000000e+02
2.920000000000000000e+02
2.910000000000000000e+02
2.910000000000000000e+02
2.910000000000000000e+02
2.910000000000000000e+02
2.900000000000000000e+02
2.870000000000000000e+02
2.840000000000000000e+02
2.830000000000000000e+02
2.800000000000000000e+02
2.790000000000000000e+02
2.770000000000000000e+02
2.760000000000000000e+02
2.700000000000000000e+02
2.690000000000000000e+02
2.650000000000000000e+02
2.620000000000000000e+02
2.580000000000000000e+02
2.570000000000000000e+02
2.530000000000000000e+02
2.480000000000000000e+02
2.440000000000000000e+02
2.420000000000000000e+02
2.360000000000000000e+02
2.340000000000000000e+02
2.310000000000000000e+02
2.270000000000000000e+02
2.250000000000000000e+02
2.210000000000000000e+02
2.170000000000000000e+02
2.140000000000000000e+02
2.080000000000000000e+02
2.030000000000000000e+02
1.960000000000000000e+02
1.930000000000000000e+02
1.880000000000000000e+02
1.840000000000000000e+02
1.790000000000000000e+02
1.730000000000000000e+02
1.700000000000000000e+02
1.660000000000000000e+02
1.520000000000000000e+02
1.510000000000000000e+02
1.410000000000000000e+02
1.330000000000000000e+02
1.240000000000000000e+02
1.180000000000000000e+02
