0.000000000000000000e+00
0.000000000000000000e+00
0.000000000000000000e+00
0.000000000000000000e+00
0.000000000000000000e+00
0.000000000000000000e+00
0.000000000000000000e+00
0.000000000000000000e+00
0.000000000000000000e+00
0.000000000000000000e+00
0.000000000000000000e+00
0.000000000000000000e+00
0.000000000000000000e+00
0.000000000000000000e+00
0.000000000000000000e+00
0.000000000000000000e+00
0.000000000000000000e+00
0.000000000000000000e+00
0.000000000000000000e+00
0.000000000000000000e+00
0.000000000000000000e+00
0.000000000000000000e+00
0.000000000000000000e+00
0.000000000000000000e+00
0.000000000000000000e+00
0.000000000000000000e+00
2.000000000000000000e+00
2.000000000000000000e+00
8.000000000000000000e+00
1.300000000000000000e+01
1.600000000000000000e+01
1.600000000000000000e+01
2.100000000000000000e+01
2.700000000000000000e+01
2.900000000000000000e+01
3.700000000000000000e+01
3.700000000000000000e+01
4.300000000000000000e+01
5.100000000000000000e+01
6.200000000000000000e+01
6.500000000000000000e+01
6.500000000000000000e+01
7.200000000000000000e+01
8.300000000000000000e+01
9.400000000000000000e+01
9.400000000000000000e+01
1.010000000000000000e+02
1.070000000000000000e+02
1.170000000000000000e+02
1.260000000000000000e+02
1.260000000000000000e+02
1.360000000000000000e+02
1.490000000000000000e+02
1.610000000000000000e+02
1.610000000000000000e+02
1.690000000000000000e+02
1.740000000000000000e+02
1.800000000000000000e+02
1.870000000000000000e+02
1.870000000000000000e+02
1.970000000000000000e+02
2.070000000000000000e+02
2.160000000000000000e+02
2.160000000000000000e+02
2.220000000000000000e+02
2.220000000000000000e+02
2.220000000000000000e+02
2.220000000000000000e+02
2.220000000000000000e+02
2.220000000000000000e+02
2.220000000000000000e+02
2.220000000000000000e+02
2.220000000000000000e+02
2.220000000000000000e+02
2.220000000000000000e+02
2.220000000000000000e+02
2.220000000000000000e+02
2.220000000000000000e+02
2.220000000000000000e+02
2.220000000000000000e+02
2.220000000000000000e+02
2.220000000000000000e+02
2.220000000000000000e+02
2.220000000000000000e+02
2.220000000000000000e+02
2.220000000000000000e+02
2.220000000000000000e+02
2.220000000000000000e+02
2.220000000000000000e+02
2.220000000000000000e+02
2.220000000000000000e+02
2.220000000000000000e+02
2.220000000000000000e+02
2.210000000000000000e+02
2.210000000000000000e+02
2.190000000000000000e+02
2.190000000000000000e+02
2.180000000000000000e+02
2.170000000000000000e+02
2.170000000000000000e+02
2.150000000000000000e+02
2.140000000000000000e+02
2.140000000000000000e+02
2.090000000000000000e+02
2.070000000000000000e+02
2.060000000000000000e+02
2.020000000000000000e+02
1.980000000000000000e+02
1.940000000000000000e+02
1.920000000000000000e+02
1.870000000000000000e+02
1.850000000000000000e+02
1.790000000000000000e+02
1.750000000000000000e+02
1.710000000000000000e+02
1.650000000000000000e+02
1.630000000000000000e+02
1.610000000000000000e+02
1.550000000000000000e+02
1.490000000000000000e+02
1.440000000000000000e+02
1.400000000000000000e+02
1.340000000000000000e+02
1.280000000000000000e+02
1.230000000000000000e+02
1.150000000000000000e+02
1.100000000000000000e+02
1.040000000000000000e+02
