0.000000000000000000e+00
0.000000000000000000e+00
0.000000000000000000e+00
0.000000000000000000e+00
0.000000000000000000e+00
0.000000000000000000e+00
0.000000000000000000e+00
0.000000000000000000e+00
0.000000000000000000e+00
0.000000000000000000e+00
0.000000000000000000e+00
0.000000000000000000e+00
0.000000000000000000e+00
0.000000000000000000e+00
0.000000000000000000e+00
0.000000000000000000e+00
0.000000000000000000e+00
0.000000000000000000e+00
0.000000000000000000e+00
0.000000000000000000e+00
0.000000000000000000e+00
0.000000000000000000e+00
0.000000000000000000e+00
0.000000000000000000e+00
5.000000000000000000e+00
1.200000000000000000e+01
2.200000000000000000e+01
2.200000000000000000e+01
3.300000000000000000e+01
3.800000000000000000e+01
4.900000000000000000e+01
4.900000000000000000e+01
5.800000000000000000e+01
6.800000000000000000e+01
7.600000000000000000e+01
8.300000000000000000e+01
8.300000000000000000e+01
9.500000000000000000e+01
1.030000000000000000e+02
1.120000000000000000e+02
1.190000000000000000e+02
1.190000000000000000e+02
1.280000000000000000e+02
1.370000000000000000e+02
1.470000000000000000e+02
1.470000000000000000e+02
1.560000000000000000e+02
1.660000000000000000e+02
1.720000000000000000e+02
1.800000000000000000e+02
1.800000000000000000e+02
1.880000000000000000e+02
1.930000000000000000e+02
1.970000000000000000e+02
1.970000000000000000e+02
2.020000000000000000e+02
2.090000000000000000e+02
2.160000000000000000e+02
2.230000000000000000e+02
2.230000000000000000e+02
2.280000000000000000e+02
2.340000000000000000e+02
2.410000000000000000e+02
2.410000000000000000e+02
2.490000000000000000e+02
2.490000000000000000e+02
2.490000000000000000e+02
2.490000000000000000e+02
2.490000000000000000e+02
2.490000000000000000e+02
2.490000000000000000e+02
2.490000000000000000e+02
2.490000000000000000e+02
2.490000000000000000e+02
2.490000000000000000e+02
2.490000000000000000e+02
2.490000000000000000e+02
2.490000000000000000e+02
2.490000000000000000e+02
2.490000000000000000e+02
2.490000000000000000e+02
2.490000000000000000e+02
2.490000000000000000e+02
2.490000000000000000e+02
2.490000000000000000e+02
2.490000000000000000e+02
2.490000000000000000e+02
2.490000000000000000e+02
2.480000000000000000e+02
2.470000000000000000e+02
2.470000000000000000e+02
2.450000000000000000e+02
2.450000000000000000e+02
2.420000000000000000e+02
2.410000000000000000e+02
2.400000000000000000e+02
2.390000000000000000e+02
2.350000000000000000e+02
2.320000000000000000e+02
2.290000000000000000e+02
2.250000000000000000e+02
2.200000000000000000e+02
2.190000000000000000e+02
2.150000000000000000e+02
2.070000000000000000e+02
2.020000000000000000e+02
1.990000000000000000e+02
1.980000000000000000e+02
1.920000000000000000e+02
1.870000000000000000e+02
1.810000000000000000e+02
1.770000000000000000e+02
1.730000000000000000e+02
1.650000000000000000e+02
1.550000000000000000e+02
1.510000000000000000e+02
1.490000000000000000e+02
1.460000000000000000e+02
1.420000000000000000e+02
1.350000000000000000e+02
1.280000000000000000e+02
1.240000000000000000e+02
1.190000000000000000e+02
1.150000000000000000e+02
1.110000000000000000e+02
1.070000000000000000e+02
1.030000000000000000e+02
9.700000000000000000e+01
