0.000000000000000000e+00
0.000000000000000000e+00
0.000000000000000000e+00
0.000000000000000000e+00
0.000000000000000000e+00
0.000000000000000000e+00
0.000000000000000000e+00
0.000000000000000000e+00
0.000000000000000000e+00
0.000000000000000000e+00
0.000000000000000000e+00
0.000000000000000000e+00
0.000000000000000000e+00
0.000000000000000000e+00
0.000000000000000000e+00
0.000000000000000000e+00
0.000000000000000000e+00
0.000000000000000000e+00
0.000000000000000000e+00
1.100000000000000000e+01
1.500000000000000000e+01
2.200000000000000000e+01
2.200000000000000000e+01
2.700000000000000000e+01
3.200000000000000000e+01
3.600000000000000000e+01
4.200000000000000000e+01
4.200000000000000000e+01
4.700000000000000000e+01
5.500000000000000000e+01
6.400000000000000000e+01
6.400000000000000000e+01
7.600000000000000000e+01
8.400000000000000000e+01
9.200000000000000000e+01
9.600000000000000000e+01
9.600000000000000000e+01
1.020000000000000000e+02
1.080000000000000000e+02
1.120000000000000000e+02
1.200000000000000000e+02
1.200000000000000000e+02
1.270000000000000000e+02
1.330000000000000000e+02
1.400000000000000000e+02
1.400000000000000000e+02
1.540000000000000000e+02
1.600000000000000000e+02
1.700000000000000000e+02
1.750000000000000000e+02
1.750000000000000000e+02
1.840000000000000000e+02
1.920000000000000000e+02
2.000000000000000000e+02
2.000000000000000000e+02
2.100000000000000000e+02
2.200000000000000000e+02
2.260000000000000000e+02
2.350000000000000000e+02
2.350000000000000000e+02
2.480000000000000000e+02
2.540000000000000000e+02
2.660000000000000000e+02
2.660000000000000000e+02
2.740000000000000000e+02
2.740000000000000000e+02
2.740000000000000000e+02
2.740000000000000000e+02
2.740000000000000000e+02
2.740000000000000000e+02
2.740000000000000000e+02
2.740000000000000000e+02
2.740000000000000000e+02
2.740000000000000000e+02
2.740000000000000000e+02
2.740000000000000000e+02
2.740000000000000000e+02
2.740000000000000000e+02
2.740000000000000000e+02
2.740000000000000000e+02
2.740000000000000000e+02
2.740000000000000000e+02
2.740000000000000000e+02
2.730000000000000000e+02
2.720000000000000000e+02
2.710000000000000000e+02
2.710000000000000000e+02
2.690000000000000000e+02
2.680000000000000000e+02
2.680000000000000000e+02
2.660000000000000000e+02
2.660000000000000000e+02
2.650000000000000000e+02
2.640000000000000000e+02
2.620000000000000000e+02
2.600000000000000000e+02
2.590000000000000000e+02
2.550000000000000000e+02
2.520000000000000000e+02
2.450000000000000000e+02
2.410000000000000000e+02
2.370000000000000000e+02
2.350000000000000000e+02
2.320000000000000000e+02
2.300000000000000000e+02
2.280000000000000000e+02
2.260000000000000000e+02
2.240000000000000000e+02
2.220000000000000000e+02
2.180000000000000000e+02
2.120000000000000000e+02
2.090000000000000000e+02
2.010000000000000000e+02
1.980000000000000000e+02
1.970000000000000000e+02
1.930000000000000000e+02
1.870000000000000000e+02
1.820000000000000000e+02
1.760000000000000000e+02
1.710000000000000000e+02
1.660000000000000000e+02
1.630000000000000000e+02
1.590000000000000000e+02
1.540000000000000000e+02
1.500000000000000000e+02
1.480000000000000000e+02
1.400000000000000000e+02
1.320000000000000000e+02
