9.000000000000000000e+00
9.000000000000000000e+00
9.000000000000000000e+00
9.000000000000000000e+00
9.000000000000000000e+00
9.000000000000000000e+00
9.000000000000000000e+00
9.000000000000000000e+00
9.000000000000000000e+00
9.000000000000000000e+00
9.000000000000000000e+00
9.000000000000000000e+00
9.000000000000000000e+00
9.000000000000000000e+00
9.000000000000000000e+00
9.000000000000000000e+00
9.000000000000000000e+00
9.000000000000000000e+00
9.000000000000000000e+00
9.000000000000000000e+00
9.000000000000000000e+00
1.100000000000000000e+01
1.100000000000000000e+01
1.300000000000000000e+01
1.600000000000000000e+01
2.700000000000000000e+01
3.100000000000000000e+01
3.100000000000000000e+01
3.900000000000000000e+01
4.500000000000000000e+01
5.500000000000000000e+01
5.500000000000000000e+01
6.600000000000000000e+01
7.800000000000000000e+01
8.500000000000000000e+01
9.600000000000000000e+01
9.600000000000000000e+01
1.010000000000000000e+02
1.060000000000000000e+02
1.160000000000000000e+02
1.270000000000000000e+02
1.270000000000000000e+02
1.340000000000000000e+02
1.430000000000000000e+02
1.500000000000000000e+02
1.500000000000000000e+02
1.590000000000000000e+02
1.680000000000000000e+02
1.770000000000000000e+02
1.900000000000000000e+02
1.900000000000000000e+02
2.000000000000000000e+02
2.090000000000000000e+02
2.180000000000000000e+02
2.180000000000000000e+02
2.270000000000000000e+02
2.360000000000000000e+02
2.410000000000000000e+02
2.480000000000000000e+02
2.480000000000000000e+02
2.580000000000000000e+02
2.630000000000000000e+02
2.680000000000000000e+02
2.680000000000000000e+02
2.620000000000000000e+02
2.620000000000000000e+02
2.620000000000000000e+02
2.620000000000000000e+02
2.620000000000000000e+02
2.620000000000000000e+02
2.620000000000000000e+02
2.620000000000000000e+02
2.620000000000000000e+02
2.620000000000000000e+02
2.620000000000000000e+02
2.620000000000000000e+02
2.620000000000000000e+02
2.620000000000000000e+02
2.620000000000000000e+02
2.620000000000000000e+02
2.620000000000000000e+02
2.620000000000000000e+02
2.620000000000000000e+02
2.620000000000000000e+02
2.620000000000000000e+02
2.620000000000000000e+02
2.620000000000000000e+02
2.620000000000000000e+02
2.620000000000000000e+02
2.620000000000000000e+02
2.600000000000000000e+02
2.600000000000000000e+02
2.600000000000000000e+02
2.590000000000000000e+02
2.580000000000000000e+02
2.570000000000000000e+02
2.540000000000000000e+02
2.520000000000000000e+02
2.490000000000000000e+02
2.480000000000000000e+02
2.450000000000000000e+02
2.410000000000000000e+02
2.400000000000000000e+02
2.380000000000000000e+02
2.320000000000000000e+02
2.280000000000000000e+02
2.230000000000000000e+02
2.190000000000000000e+02
2.160000000000000000e+02
2.130000000000000000e+02
2.070000000000000000e+02
2.040000000000000000e+02
2.010000000000000000e+02
1.950000000000000000e+02
1.890000000000000000e+02
1.860000000000000000e+02
1.800000000000000000e+02
1.730000000000000000e+02
1.640000000000000000e+02
1.540000000000000000e+02
1.500000000000000000e+02
1.440000000000000000e+02
1.370000000000000000e+02
1.260000000000000000e+02
1.170000000000000000e+02
1.140000000000000000e+02
1.110000000000000000e+02
1.060000000000000000e+02
