0.000000000000000000e+00
0.000000000000000000e+00
0.000000000000000000e+00
0.000000000000000000e+00
0.000000000000000000e+00
0.000000000000000000e+00
0.000000000000000000e+00
0.000000000000000000e+00
1.000000000000000000e+00
1.000000000000000000e+00
4.000000000000000000e+00
1.000000000000000000e+01
1.400000000000000000e+01
1.400000000000000000e+01
1.900000000000000000e+01
2.200000000000000000e+01
2.600000000000000000e+01
3.400000000000000000e+01
3.400000000000000000e+01
4.800000000000000000e+01
5.100000000000000000e+01
5.700000000000000000e+01
5.700000000000000000e+01
6.500000000000000000e+01
7.600000000000000000e+01
8.100000000000000000e+01
8.800000000000000000e+01
8.800000000000000000e+01
1.010000000000000000e+02
1.050000000000000000e+02
1.200000000000000000e+02
1.200000000000000000e+02
1.330000000000000000e+02
1.390000000000000000e+02
1.480000000000000000e+02
1.550000000000000000e+02
1.550000000000000000e+02
1.640000000000000000e+02
1.750000000000000000e+02
1.840000000000000000e+02
1.910000000000000000e+02
1.910000000000000000e+02
2.000000000000000000e+02
2.040000000000000000e+02
2.080000000000000000e+02
2.080000000000000000e+02
2.180000000000000000e+02
2.250000000000000000e+02
2.330000000000000000e+02
2.380000000000000000e+02
2.380000000000000000e+02
2.500000000000000000e+02
2.590000000000000000e+02
2.690000000000000000e+02
2.690000000000000000e+02
2.750000000000000000e+02
2.830000000000000000e+02
2.890000000000000000e+02
2.950000000000000000e+02
2.950000000000000000e+02
3.020000000000000000e+02
3.120000000000000000e+02
3.220000000000000000e+02
3.220000000000000000e+02
3.280000000000000000e+02
3.280000000000000000e+02
3.280000000000000000e+02
3.280000000000000000e+02
3.280000000000000000e+02
3.280000000000000000e+02
3.280000000000000000e+02
3.280000000000000000e+02
3.280000000000000000e+02
3.280000000000000000e+02
3.280000000000000000e+02
3.280000000000000000e+02
3.270000000000000000e+02
3.250000000000000000e+02
3.250000000000000000e+02
3.250000000000000000e+02
3.250000000000000000e+02
3.240000000000000000e+02
3.220000000000000000e+02
3.200000000000000000e+02
3.190000000000000000e+02
3.160000000000000000e+02
3.120000000000000000e+02
3.110000000000000000e+02
3.090000000000000000e+02
3.060000000000000000e+02
3.030000000000000000e+02
2.990000000000000000e+02
2.960000000000000000e+02
2.940000000000000000e+02
2.930000000000000000e+02
2.890000000000000000e+02
2.840000000000000000e+02
2.800000000000000000e+02
2.760000000000000000e+02
2.700000000000000000e+02
2.630000000000000000e+02
2.580000000000000000e+02
2.560000000000000000e+02
2.490000000000000000e+02
2.450000000000000000e+02
2.400000000000000000e+02
2.330000000000000000e+02
2.270000000000000000e+02
2.250000000000000000e+02
2.210000000000000000e+02
2.180000000000000000e+02
2.120000000000000000e+02
2.030000000000000000e+02
2.000000000000000000e+02
1.960000000000000000e+02
1.920000000000000000e+02
1.890000000000000000e+02
1.800000000000000000e+02
1.720000000000000000e+02
1.650000000000000000e+02
1.580000000000000000e+02
1.570000000000000000e+02
1.540000000000000000e+02
1.490000000000000000e+02
1.460000000000000000e+02
1.390000000000000000e+02
1.350000000000000000e+02
1.290000000000000000e+02
