0.000000000000000000e+00
0.000000000000000000e+00
0.000000000000000000e+00
0.000000000000000000e+00
0.000000000000000000e+00
0.000000000000000000e+00
0.000000000000000000e+00
0.000000000000000000e+00
0.000000000000000000e+00
0.000000000000000000e+00
0.000000000000000000e+00
0.000000000000000000e+00
0.000000000000000000e+00
0.000000000000000000e+00
0.000000000000000000e+00
0.000000000000000000e+00
0.000000000000000000e+00
0.000000000000000000e+00
0.000000000000000000e+00
0.000000000000000000e+00
0.000000000000000000e+00
0.000000000000000000e+00
0.000000000000000000e+00
7.000000000000000000e+00
1.400000000000000000e+01
1.900000000000000000e+01
2.900000000000000000e+01
2.900000000000000000e+01
3.800000000000000000e+01
5.100000000000000000e+01
5.400000000000000000e+01
5.400000000000000000e+01
6.200000000000000000e+01
6.900000000000000000e+01
7.800000000000000000e+01
8.700000000000000000e+01
8.700000000000000000e+01
9.900000000000000000e+01
1.070000000000000000e+02
1.130000000000000000e+02
1.200000000000000000e+02
1.200000000000000000e+02
1.300000000000000000e+02
1.360000000000000000e+02
1.440000000000000000e+02
1.440000000000000000e+02
1.550000000000000000e+02
1.670000000000000000e+02
1.720000000000000000e+02
1.750000000000000000e+02
1.750000000000000000e+02
1.840000000000000000e+02
1.880000000000000000e+02
1.980000000000000000e+02
1.980000000000000000e+02
2.030000000000000000e+02
2.060000000000000000e+02
2.140000000000000000e+02
2.190000000000000000e+02
2.190000000000000000e+02
2.250000000000000000e+02
2.290000000000000000e+02
2.370000000000000000e+02
2.370000000000000000e+02
2.450000000000000000e+02
2.450000000000000000e+02
2.450000000000000000e+02
2.450000000000000000e+02
2.450000000000000000e+02
2.450000000000000000e+02
2.450000000000000000e+02
2.450000000000000000e+02
2.450000000000000000e+02
2.450000000000000000e+02
2.450000000000000000e+02
2.450000000000000000e+02
2.450000000000000000e+02
2.450000000000000000e+02
2.450000000000000000e+02
2.450000000000000000e+02
2.450000000000000000e+02
2.450000000000000000e+02
2.450000000000000000e+02
2.450000000000000000e+02
2.450000000000000000e+02
2.450000000000000000e+02
2.450000000000000000e+02
2.450000000000000000e+02
2.440000000000000000e+02
2.430000000000000000e+02
2.430000000000000000e+02
2.430000000000000000e+02
2.420000000000000000e+02
2.400000000000000000e+02
2.370000000000000000e+02
2.330000000000000000e+02
2.300000000000000000e+02
2.270000000000000000e+02
2.250000000000000000e+02
2.200000000000000000e+02
2.150000000000000000e+02
2.120000000000000000e+02
2.080000000000000000e+02
2.020000000000000000e+02
1.910000000000000000e+02
1.890000000000000000e+02
1.820000000000000000e+02
1.790000000000000000e+02
1.790000000000000000e+02
1.740000000000000000e+02
1.700000000000000000e+02
1.690000000000000000e+02
1.610000000000000000e+02
1.560000000000000000e+02
1.510000000000000000e+02
1.460000000000000000e+02
1.420000000000000000e+02
1.410000000000000000e+02
1.370000000000000000e+02
1.320000000000000000e+02
1.280000000000000000e+02
1.270000000000000000e+02
1.250000000000000000e+02
1.220000000000000000e+02
1.170000000000000000e+02
1.100000000000000000e+02
1.050000000000000000e+02
1.000000000000000000e+02
