0.000000000000000000e+00
0.000000000000000000e+00
0.000000000000000000e+00
0.000000000000000000e+00
0.000000000000000000e+00
0.000000000000000000e+00
0.000000000000000000e+00
1.000000000000000000e+00
1.000000000000000000e+00
1.000000000000000000e+00
9.000000000000000000e+00
1.500000000000000000e+01
2.200000000000000000e+01
2.200000000000000000e+01
3.200000000000000000e+01
4.100000000000000000e+01
5.200000000000000000e+01
6.000000000000000000e+01
6.000000000000000000e+01
6.600000000000000000e+01
7.800000000000000000e+01
8.400000000000000000e+01
8.400000000000000000e+01
9.200000000000000000e+01
9.900000000000000000e+01
1.020000000000000000e+02
1.060000000000000000e+02
1.060000000000000000e+02
1.120000000000000000e+02
1.160000000000000000e+02
1.240000000000000000e+02
1.240000000000000000e+02
1.330000000000000000e+02
1.370000000000000000e+02
1.470000000000000000e+02
1.540000000000000000e+02
1.540000000000000000e+02
1.580000000000000000e+02
1.660000000000000000e+02
1.720000000000000000e+02
1.800000000000000000e+02
1.800000000000000000e+02
1.860000000000000000e+02
1.970000000000000000e+02
2.060000000000000000e+02
2.060000000000000000e+02
2.140000000000000000e+02
2.210000000000000000e+02
2.320000000000000000e+02
2.420000000000000000e+02
2.420000000000000000e+02
2.500000000000000000e+02
2.570000000000000000e+02
2.640000000000000000e+02
2.640000000000000000e+02
2.700000000000000000e+02
2.750000000000000000e+02
2.850000000000000000e+02
2.890000000000000000e+02
2.890000000000000000e+02
2.970000000000000000e+02
3.030000000000000000e+02
3.110000000000000000e+02
3.110000000000000000e+02
3.210000000000000000e+02
3.210000000000000000e+02
3.210000000000000000e+02
3.210000000000000000e+02
3.210000000000000000e+02
3.210000000000000000e+02
3.210000000000000000e+02
3.210000000000000000e+02
3.210000000000000000e+02
3.210000000000000000e+02
3.210000000000000000e+02
3.200000000000000000e+02
3.180000000000000000e+02
3.180000000000000000e+02
3.160000000000000000e+02
3.150000000000000000e+02
3.130000000000000000e+02
3.110000000000000000e+02
3.080000000000000000e+02
3.070000000000000000e+02
3.040000000000000000e+02
3.020000000000000000e+02
2.950000000000000000e+02
2.910000000000000000e+02
2.900000000000000000e+02
2.870000000000000000e+02
2.810000000000000000e+02
2.780000000000000000e+02
2.770000000000000000e+02
2.690000000000000000e+02
2.640000000000000000e+02
2.590000000000000000e+02
2.560000000000000000e+02
2.530000000000000000e+02
2.500000000000000000e+02
2.470000000000000000e+02
2.430000000000000000e+02
2.360000000000000000e+02
2.310000000000000000e+02
2.270000000000000000e+02
2.250000000000000000e+02
2.200000000000000000e+02
2.100000000000000000e+02
2.060000000000000000e+02
2.000000000000000000e+02
1.950000000000000000e+02
1.900000000000000000e+02
1.870000000000000000e+02
1.840000000000000000e+02
1.780000000000000000e+02
1.710000000000000000e+02
1.640000000000000000e+02
1.610000000000000000e+02
1.590000000000000000e+02
1.550000000000000000e+02
1.490000000000000000e+02
1.470000000000000000e+02
1.440000000000000000e+02
1.380000000000000000e+02
1.290000000000000000e+02
1.240000000000000000e+02
1.200000000000000000e+02
1.140000000000000000e+02
1.040000000000000000e+02
