0.000000000000000000e+00
0.000000000000000000e+00
0.000000000000000000e+00
0.000000000000000000e+00
0.000000000000000000e+00
0.000000000000000000e+00
0.000000000000000000e+00
0.000000000000000000e+00
0.000000000000000000e+00
0.000000000000000000e+00
0.000000000000000000e+00
0.000000000000000000e+00
1.000000000000000000e+00
1.000000000000000000e+00
9.000000000000000000e+00
1.700000000000000000e+01
3.100000000000000000e+01
4.300000000000000000e+01
4.300000000000000000e+01
4.900000000000000000e+01
5.600000000000000000e+01
6.000000000000000000e+01
6.000000000000000000e+01
6.700000000000000000e+01
7.700000000000000000e+01
8.000000000000000000e+01
8.200000000000000000e+01
8.200000000000000000e+01
8.900000000000000000e+01
1.000000000000000000e+02
1.130000000000000000e+02
1.130000000000000000e+02
1.190000000000000000e+02
1.210000000000000000e+02
1.290000000000000000e+02
1.340000000000000000e+02
1.340000000000000000e+02
1.440000000000000000e+02
1.500000000000000000e+02
1.580000000000000000e+02
1.680000000000000000e+02
1.680000000000000000e+02
1.760000000000000000e+02
1.820000000000000000e+02
1.860000000000000000e+02
1.860000000000000000e+02
1.920000000000000000e+02
2.000000000000000000e+02
2.080000000000000000e+02
2.170000000000000000e+02
2.170000000000000000e+02
2.270000000000000000e+02
2.390000000000000000e+02
2.470000000000000000e+02
2.470000000000000000e+02
2.550000000000000000e+02
2.620000000000000000e+02
2.700000000000000000e+02
2.750000000000000000e+02
2.750000000000000000e+02
2.860000000000000000e+02
2.930000000000000000e+02
2.990000000000000000e+02
2.990000000000000000e+02
3.080000000000000000e+02
3.080000000000000000e+02
3.080000000000000000e+02
3.080000000000000000e+02
3.080000000000000000e+02
3.080000000000000000e+02
3.080000000000000000e+02
3.080000000000000000e+02
3.080000000000000000e+02
3.080000000000000000e+02
3.080000000000000000e+02
3.080000000000000000e+02
3.080000000000000000e+02
3.080000000000000000e+02
3.080000000000000000e+02
3.080000000000000000e+02
3.050000000000000000e+02
3.050000000000000000e+02
3.050000000000000000e+02
3.040000000000000000e+02
3.040000000000000000e+02
3.020000000000000000e+02
2.970000000000000000e+02
2.940000000000000000e+02
2.900000000000000000e+02
2.890000000000000000e+02
2.870000000000000000e+02
2.810000000000000000e+02
2.780000000000000000e+02
2.750000000000000000e+02
2.740000000000000000e+02
2.670000000000000000e+02
2.650000000000000000e+02
2.590000000000000000e+02
2.570000000000000000e+02
2.540000000000000000e+02
2.490000000000000000e+02
2.430000000000000000e+02
2.390000000000000000e+02
2.350000000000000000e+02
2.290000000000000000e+02
2.200000000000000000e+02
2.150000000000000000e+02
2.110000000000000000e+02
2.070000000000000000e+02
2.050000000000000000e+02
2.020000000000000000e+02
2.000000000000000000e+02
1.960000000000000000e+02
1.920000000000000000e+02
1.880000000000000000e+02
1.840000000000000000e+02
1.810000000000000000e+02
1.780000000000000000e+02
1.710000000000000000e+02
1.660000000000000000e+02
1.550000000000000000e+02
1.520000000000000000e+02
1.430000000000000000e+02
1.390000000000000000e+02
1.350000000000000000e+02
1.300000000000000000e+02
1.230000000000000000e+02
1.190000000000000000e+02
