0.000000000000000000e+00
0.000000000000000000e+00
0.000000000000000000e+00
0.000000000000000000e+00
0.000000000000000000e+00
0.000000000000000000e+00
0.000000000000000000e+00
0.000000000000000000e+00
0.000000000000000000e+00
0.000000000000000000e+00
0.000000000000000000e+00
0.000000000000000000e+00
0.000000000000000000e+00
0.000000000000000000e+00
0.000000000000000000e+00
0.000000000000000000e+00
0.000000000000000000e+00
0.000000000000000000e+00
0.000000000000000000e+00
3.000000000000000000e+00
9.000000000000000000e+00
1.700000000000000000e+01
1.700000000000000000e+01
2.200000000000000000e+01
3.200000000000000000e+01
3.700000000000000000e+01
4.500000000000000000e+01
4.500000000000000000e+01
5.200000000000000000e+01
5.500000000000000000e+01
6.500000000000000000e+01
6.500000000000000000e+01
6.700000000000000000e+01
7.600000000000000000e+01
8.500000000000000000e+01
9.100000000000000000e+01
9.100000000000000000e+01
9.800000000000000000e+01
1.060000000000000000e+02
1.150000000000000000e+02
1.200000000000000000e+02
1.200000000000000000e+02
1.270000000000000000e+02
1.380000000000000000e+02
1.420000000000000000e+02
1.420000000000000000e+02
1.490000000000000000e+02
1.590000000000000000e+02
1.680000000000000000e+02
1.720000000000000000e+02
1.720000000000000000e+02
1.860000000000000000e+02
2.000000000000000000e+02
2.080000000000000000e+02
2.080000000000000000e+02
2.160000000000000000e+02
2.240000000000000000e+02
2.270000000000000000e+02
2.340000000000000000e+02
2.340000000000000000e+02
2.380000000000000000e+02
2.460000000000000000e+02
2.510000000000000000e+02
2.510000000000000000e+02
2.620000000000000000e+02
2.620000000000000000e+02
2.620000000000000000e+02
2.620000000000000000e+02
2.620000000000000000e+02
2.620000000000000000e+02
2.620000000000000000e+02
2.620000000000000000e+02
2.620000000000000000e+02
2.620000000000000000e+02
2.620000000000000000e+02
2.620000000000000000e+02
2.620000000000000000e+02
2.620000000000000000e+02
2.620000000000000000e+02
2.620000000000000000e+02
2.620000000000000000e+02
2.620000000000000000e+02
2.620000000000000000e+02
2.620000000000000000e+02
2.610000000000000000e+02
2.600000000000000000e+02
2.600000000000000000e+02
2.600000000000000000e+02
2.580000000000000000e+02
2.560000000000000000e+02
2.510000000000000000e+02
2.490000000000000000e+02
2.480000000000000000e+02
2.460000000000000000e+02
2.430000000000000000e+02
2.420000000000000000e+02
2.390000000000000000e+02
2.380000000000000000e+02
2.370000000000000000e+02
2.350000000000000000e+02
2.320000000000000000e+02
2.290000000000000000e+02
2.270000000000000000e+02
2.250000000000000000e+02
2.240000000000000000e+02
2.210000000000000000e+02
2.160000000000000000e+02
2.120000000000000000e+02
2.070000000000000000e+02
2.040000000000000000e+02
2.010000000000000000e+02
1.990000000000000000e+02
1.970000000000000000e+02
1.920000000000000000e+02
1.900000000000000000e+02
1.880000000000000000e+02
1.760000000000000000e+02
1.720000000000000000e+02
1.700000000000000000e+02
1.630000000000000000e+02
1.570000000000000000e+02
1.500000000000000000e+02
1.410000000000000000e+02
1.390000000000000000e+02
1.370000000000000000e+02
1.310000000000000000e+02
1.220000000000000000e+02
1.190000000000000000e+02
