0.000000000000000000e+00
0.000000000000000000e+00
0.000000000000000000e+00
0.000000000000000000e+00
0.000000000000000000e+00
0.000000000000000000e+00
0.000000000000000000e+00
0.000000000000000000e+00
0.000000000000000000e+00
0.000000000000000000e+00
0.000000000000000000e+00
0.000000000000000000e+00
0.000000000000000000e+00
0.000000000000000000e+00
0.000000000000000000e+00
0.000000000000000000e+00
0.000000000000000000e+00
3.000000000000000000e+00
3.000000000000000000e+00
6.000000000000000000e+00
1.600000000000000000e+01
2.300000000000000000e+01
2.300000000000000000e+01
3.300000000000000000e+01
3.800000000000000000e+01
4.500000000000000000e+01
5.400000000000000000e+01
5.400000000000000000e+01
6.100000000000000000e+01
6.700000000000000000e+01
7.500000000000000000e+01
7.500000000000000000e+01
8.900000000000000000e+01
9.300000000000000000e+01
1.050000000000000000e+02
1.120000000000000000e+02
1.120000000000000000e+02
1.230000000000000000e+02
1.280000000000000000e+02
1.380000000000000000e+02
1.500000000000000000e+02
1.500000000000000000e+02
1.600000000000000000e+02
1.630000000000000000e+02
1.710000000000000000e+02
1.710000000000000000e+02
1.750000000000000000e+02
1.780000000000000000e+02
1.830000000000000000e+02
1.940000000000000000e+02
1.940000000000000000e+02
2.030000000000000000e+02
2.120000000000000000e+02
2.200000000000000000e+02
2.200000000000000000e+02
2.260000000000000000e+02
2.320000000000000000e+02
2.410000000000000000e+02
2.490000000000000000e+02
2.490000000000000000e+02
2.540000000000000000e+02
2.600000000000000000e+02
2.640000000000000000e+02
2.640000000000000000e+02
2.750000000000000000e+02
2.750000000000000000e+02
2.750000000000000000e+02
2.750000000000000000e+02
2.750000000000000000e+02
2.750000000000000000e+02
2.750000000000000000e+02
2.750000000000000000e+02
2.750000000000000000e+02
2.750000000000000000e+02
2.750000000000000000e+02
2.750000000000000000e+02
2.750000000000000000e+02
2.750000000000000000e+02
2.750000000000000000e+02
2.750000000000000000e+02
2.750000000000000000e+02
2.730000000000000000e+02
2.720000000000000000e+02
2.710000000000000000e+02
2.700000000000000000e+02
2.700000000000000000e+02
2.690000000000000000e+02
2.690000000000000000e+02
2.680000000000000000e+02
2.670000000000000000e+02
2.650000000000000000e+02
2.650000000000000000e+02
2.620000000000000000e+02
2.580000000000000000e+02
2.560000000000000000e+02
2.540000000000000000e+02
2.510000000000000000e+02
2.440000000000000000e+02
2.400000000000000000e+02
2.360000000000000000e+02
2.320000000000000000e+02
2.290000000000000000e+02
2.260000000000000000e+02
2.240000000000000000e+02
2.230000000000000000e+02
2.170000000000000000e+02
2.130000000000000000e+02
2.080000000000000000e+02
2.030000000000000000e+02
1.960000000000000000e+02
1.940000000000000000e+02
1.870000000000000000e+02
1.840000000000000000e+02
1.810000000000000000e+02
1.760000000000000000e+02
1.720000000000000000e+02
1.630000000000000000e+02
1.600000000000000000e+02
1.540000000000000000e+02
1.500000000000000000e+02
1.480000000000000000e+02
1.420000000000000000e+02
1.360000000000000000e+02
1.240000000000000000e+02
1.190000000000000000e+02
1.170000000000000000e+02
1.100000000000000000e+02
1.050000000000000000e+02
