0.000000000000000000e+00
0.000000000000000000e+00
0.000000000000000000e+00
0.000000000000000000e+00
0.000000000000000000e+00
0.000000000000000000e+00
0.000000000000000000e+00
0.000000000000000000e+00
0.000000000000000000e+00
0.000000000000000000e+00
0.000000000000000000e+00
0.000000000000000000e+00
0.000000000000000000e+00
0.000000000000000000e+00
0.000000000000000000e+00
0.000000000000000000e+00
0.000000000000000000e+00
0.000000000000000000e+00
0.000000000000000000e+00
0.000000000000000000e+00
5.000000000000000000e+00
1.500000000000000000e+01
1.500000000000000000e+01
2.000000000000000000e+01
2.500000000000000000e+01
3.400000000000000000e+01
4.200000000000000000e+01
4.200000000000000000e+01
4.900000000000000000e+01
5.800000000000000000e+01
6.400000000000000000e+01
6.400000000000000000e+01
7.200000000000000000e+01
7.900000000000000000e+01
8.300000000000000000e+01
9.300000000000000000e+01
9.300000000000000000e+01
1.050000000000000000e+02
1.110000000000000000e+02
1.150000000000000000e+02
1.240000000000000000e+02
1.240000000000000000e+02
1.290000000000000000e+02
1.320000000000000000e+02
1.380000000000000000e+02
1.380000000000000000e+02
1.440000000000000000e+02
1.510000000000000000e+02
1.580000000000000000e+02
1.700000000000000000e+02
1.700000000000000000e+02
1.750000000000000000e+02
1.820000000000000000e+02
1.880000000000000000e+02
1.880000000000000000e+02
1.910000000000000000e+02
1.970000000000000000e+02
2.060000000000000000e+02
2.160000000000000000e+02
2.160000000000000000e+02
2.190000000000000000e+02
2.220000000000000000e+02
2.280000000000000000e+02
2.280000000000000000e+02
2.340000000000000000e+02
2.340000000000000000e+02
2.340000000000000000e+02
2.340000000000000000e+02
2.340000000000000000e+02
2.340000000000000000e+02
2.340000000000000000e+02
2.340000000000000000e+02
2.340000000000000000e+02
2.340000000000000000e+02
2.340000000000000000e+02
2.340000000000000000e+02
2.340000000000000000e+02
2.340000000000000000e+02
2.340000000000000000e+02
2.340000000000000000e+02
2.340000000000000000e+02
2.340000000000000000e+02
2.340000000000000000e+02
2.340000000000000000e+02
2.340000000000000000e+02
2.320000000000000000e+02
2.320000000000000000e+02
2.320000000000000000e+02
2.310000000000000000e+02
2.300000000000000000e+02
2.260000000000000000e+02
2.260000000000000000e+02
2.240000000000000000e+02
2.220000000000000000e+02
2.210000000000000000e+02
2.180000000000000000e+02
2.170000000000000000e+02
2.140000000000000000e+02
2.110000000000000000e+02
2.090000000000000000e+02
2.040000000000000000e+02
2.010000000000000000e+02
1.970000000000000000e+02
1.910000000000000000e+02
1.860000000000000000e+02
1.830000000000000000e+02
1.770000000000000000e+02
1.760000000000000000e+02
1.680000000000000000e+02
1.640000000000000000e+02
1.600000000000000000e+02
1.540000000000000000e+02
1.490000000000000000e+02
1.470000000000000000e+02
1.420000000000000000e+02
1.400000000000000000e+02
1.340000000000000000e+02
1.310000000000000000e+02
1.240000000000000000e+02
1.170000000000000000e+02
1.140000000000000000e+02
1.100000000000000000e+02
1.060000000000000000e+02
1.030000000000000000e+02
9.700000000000000000e+01
9.300000000000000000e+01
9.100000000000000000e+01
8.400000000000000000e+01
