0.000000000000000000e+00
0.000000000000000000e+00
0.000000000000000000e+00
0.000000000000000000e+00
0.000000000000000000e+00
0.000000000000000000e+00
0.000000000000000000e+00
0.000000000000000000e+00
0.000000000000000000e+00
0.000000000000000000e+00
0.000000000000000000e+00
0.000000000000000000e+00
0.000000000000000000e+00
0.000000000000000000e+00
0.000000000000000000e+00
0.000000000000000000e+00
0.000000000000000000e+00
0.000000000000000000e+00
0.000000000000000000e+00
0.000000000000000000e+00
0.000000000000000000e+00
0.000000000000000000e+00
0.000000000000000000e+00
0.000000000000000000e+00
0.000000000000000000e+00
0.000000000000000000e+00
0.000000000000000000e+00
0.000000000000000000e+00
9.000000000000000000e+00
1.400000000000000000e+01
2.600000000000000000e+01
2.600000000000000000e+01
3.300000000000000000e+01
4.100000000000000000e+01
4.600000000000000000e+01
5.300000000000000000e+01
5.300000000000000000e+01
6.200000000000000000e+01
6.900000000000000000e+01
7.500000000000000000e+01
8.500000000000000000e+01
8.500000000000000000e+01
9.600000000000000000e+01
1.090000000000000000e+02
1.130000000000000000e+02
1.130000000000000000e+02
1.200000000000000000e+02
1.290000000000000000e+02
1.350000000000000000e+02
1.420000000000000000e+02
1.420000000000000000e+02
1.470000000000000000e+02
1.570000000000000000e+02
1.670000000000000000e+02
1.670000000000000000e+02
1.740000000000000000e+02
1.860000000000000000e+02
1.890000000000000000e+02
1.930000000000000000e+02
1.930000000000000000e+02
2.000000000000000000e+02
2.090000000000000000e+02
2.170000000000000000e+02
2.170000000000000000e+02
2.260000000000000000e+02
2.260000000000000000e+02
2.260000000000000000e+02
2.260000000000000000e+02
2.260000000000000000e+02
2.260000000000000000e+02
2.260000000000000000e+02
2.260000000000000000e+02
2.260000000000000000e+02
2.260000000000000000e+02
2.260000000000000000e+02
2.260000000000000000e+02
2.260000000000000000e+02
2.260000000000000000e+02
2.260000000000000000e+02
2.260000000000000000e+02
2.260000000000000000e+02
2.260000000000000000e+02
2.260000000000000000e+02
2.260000000000000000e+02
2.260000000000000000e+02
2.260000000000000000e+02
2.260000000000000000e+02
2.260000000000000000e+02
2.260000000000000000e+02
2.260000000000000000e+02
2.260000000000000000e+02
2.260000000000000000e+02
2.260000000000000000e+02
2.260000000000000000e+02
2.250000000000000000e+02
2.220000000000000000e+02
2.210000000000000000e+02
2.190000000000000000e+02
2.180000000000000000e+02
2.160000000000000000e+02
2.120000000000000000e+02
2.090000000000000000e+02
2.030000000000000000e+02
2.010000000000000000e+02
1.950000000000000000e+02
1.940000000000000000e+02
1.910000000000000000e+02
1.880000000000000000e+02
1.840000000000000000e+02
1.800000000000000000e+02
1.760000000000000000e+02
1.720000000000000000e+02
1.680000000000000000e+02
1.650000000000000000e+02
1.620000000000000000e+02
1.590000000000000000e+02
1.570000000000000000e+02
1.540000000000000000e+02
1.460000000000000000e+02
1.430000000000000000e+02
1.390000000000000000e+02
1.350000000000000000e+02
1.320000000000000000e+02
1.280000000000000000e+02
1.210000000000000000e+02
1.160000000000000000e+02
1.100000000000000000e+02
1.070000000000000000e+02
