0.000000000000000000e+00
0.000000000000000000e+00
0.000000000000000000e+00
0.000000000000000000e+00
0.000000000000000000e+00
0.000000000000000000e+00
0.000000000000000000e+00
0.000000000000000000e+00
0.000000000000000000e+00
0.000000000000000000e+00
0.000000000000000000e+00
0.000000000000000000e+00
0.000000000000000000e+00
0.000000000000000000e+00
0.000000000000000000e+00
3.000000000000000000e+00
1.400000000000000000e+01
2.200000000000000000e+01
2.200000000000000000e+01
2.800000000000000000e+01
3.600000000000000000e+01
4.300000000000000000e+01
4.300000000000000000e+01
5.000000000000000000e+01
5.500000000000000000e+01
6.400000000000000000e+01
6.600000000000000000e+01
6.600000000000000000e+01
7.600000000000000000e+01
9.100000000000000000e+01
9.800000000000000000e+01
9.800000000000000000e+01
1.070000000000000000e+02
1.160000000000000000e+02
1.210000000000000000e+02
1.280000000000000000e+02
1.280000000000000000e+02
1.300000000000000000e+02
1.360000000000000000e+02
1.460000000000000000e+02
1.570000000000000000e+02
1.570000000000000000e+02
1.650000000000000000e+02
1.720000000000000000e+02
1.810000000000000000e+02
1.810000000000000000e+02
1.840000000000000000e+02
1.900000000000000000e+02
2.010000000000000000e+02
2.090000000000000000e+02
2.090000000000000000e+02
2.180000000000000000e+02
2.290000000000000000e+02
2.360000000000000000e+02
2.360000000000000000e+02
2.480000000000000000e+02
2.560000000000000000e+02
2.610000000000000000e+02
2.680000000000000000e+02
2.680000000000000000e+02
2.770000000000000000e+02
2.810000000000000000e+02
2.920000000000000000e+02
2.920000000000000000e+02
3.030000000000000000e+02
3.030000000000000000e+02
3.030000000000000000e+02
3.030000000000000000e+02
3.030000000000000000e+02
3.030000000000000000e+02
3.030000000000000000e+02
3.030000000000000000e+02
3.030000000000000000e+02
3.030000000000000000e+02
3.030000000000000000e+02
3.030000000000000000e+02
3.030000000000000000e+02
3.030000000000000000e+02
3.030000000000000000e+02
3.020000000000000000e+02
3.010000000000000000e+02
3.010000000000000000e+02
3.010000000000000000e+02
3.010000000000000000e+02
2.990000000000000000e+02
2.980000000000000000e+02
2.980000000000000000e+02
2.960000000000000000e+02
2.960000000000000000e+02
2.950000000000000000e+02
2.920000000000000000e+02
2.900000000000000000e+02
2.870000000000000000e+02
2.850000000000000000e+02
2.800000000000000000e+02
2.780000000000000000e+02
2.760000000000000000e+02
2.730000000000000000e+02
2.680000000000000000e+02
2.650000000000000000e+02
2.590000000000000000e+02
2.530000000000000000e+02
2.510000000000000000e+02
2.450000000000000000e+02
2.420000000000000000e+02
2.390000000000000000e+02
2.340000000000000000e+02
2.300000000000000000e+02
2.260000000000000000e+02
2.200000000000000000e+02
2.160000000000000000e+02
2.110000000000000000e+02
2.090000000000000000e+02
2.060000000000000000e+02
2.040000000000000000e+02
1.940000000000000000e+02
1.870000000000000000e+02
1.820000000000000000e+02
1.780000000000000000e+02
1.720000000000000000e+02
1.640000000000000000e+02
1.580000000000000000e+02
1.500000000000000000e+02
1.460000000000000000e+02
1.440000000000000000e+02
1.400000000000000000e+02
1.340000000000000000e+02
1.310000000000000000e+02
