0.000000000000000000e+00
0.000000000000000000e+00
0.000000000000000000e+00
0.000000000000000000e+00
0.000000000000000000e+00
0.000000000000000000e+00
0.000000000000000000e+00
0.000000000000000000e+00
0.000000000000000000e+00
0.000000000000000000e+00
0.000000000000000000e+00
0.000000000000000000e+00
0.000000000000000000e+00
0.000000000000000000e+00
0.000000000000000000e+00
0.000000000000000000e+00
0.000000000000000000e+00
0.000000000000000000e+00
0.000000000000000000e+00
5.000000000000000000e+00
1.300000000000000000e+01
2.100000000000000000e+01
2.100000000000000000e+01
2.800000000000000000e+01
3.600000000000000000e+01
4.100000000000000000e+01
5.100000000000000000e+01
5.100000000000000000e+01
6.200000000000000000e+01
6.600000000000000000e+01
7.500000000000000000e+01
7.500000000000000000e+01
8.200000000000000000e+01
8.800000000000000000e+01
9.700000000000000000e+01
1.020000000000000000e+02
1.020000000000000000e+02
1.100000000000000000e+02
1.130000000000000000e+02
1.250000000000000000e+02
1.340000000000000000e+02
1.340000000000000000e+02
1.450000000000000000e+02
1.580000000000000000e+02
1.690000000000000000e+02
1.690000000000000000e+02
1.780000000000000000e+02
1.850000000000000000e+02
1.930000000000000000e+02
1.990000000000000000e+02
1.990000000000000000e+02
2.110000000000000000e+02
2.190000000000000000e+02
2.290000000000000000e+02
2.290000000000000000e+02
2.340000000000000000e+02
2.390000000000000000e+02
2.470000000000000000e+02
2.540000000000000000e+02
2.540000000000000000e+02
2.600000000000000000e+02
2.690000000000000000e+02
2.740000000000000000e+02
2.740000000000000000e+02
2.770000000000000000e+02
2.770000000000000000e+02
2.770000000000000000e+02
2.770000000000000000e+02
2.770000000000000000e+02
2.770000000000000000e+02
2.770000000000000000e+02
2.770000000000000000e+02
2.770000000000000000e+02
2.770000000000000000e+02
2.770000000000000000e+02
2.770000000000000000e+02
2.770000000000000000e+02
2.770000000000000000e+02
2.770000000000000000e+02
2.770000000000000000e+02
2.770000000000000000e+02
2.770000000000000000e+02
2.770000000000000000e+02
2.760000000000000000e+02
2.750000000000000000e+02
2.740000000000000000e+02
2.730000000000000000e+02
2.720000000000000000e+02
2.710000000000000000e+02
2.700000000000000000e+02
2.700000000000000000e+02
2.700000000000000000e+02
2.670000000000000000e+02
2.650000000000000000e+02
2.620000000000000000e+02
2.570000000000000000e+02
2.530000000000000000e+02
2.510000000000000000e+02
2.460000000000000000e+02
2.430000000000000000e+02
2.420000000000000000e+02
2.370000000000000000e+02
2.310000000000000000e+02
2.270000000000000000e+02
2.190000000000000000e+02
2.160000000000000000e+02
2.120000000000000000e+02
2.040000000000000000e+02
1.960000000000000000e+02
1.910000000000000000e+02
1.880000000000000000e+02
1.840000000000000000e+02
1.790000000000000000e+02
1.750000000000000000e+02
1.730000000000000000e+02
1.670000000000000000e+02
1.610000000000000000e+02
1.540000000000000000e+02
1.480000000000000000e+02
1.440000000000000000e+02
1.390000000000000000e+02
1.330000000000000000e+02
1.270000000000000000e+02
1.260000000000000000e+02
1.160000000000000000e+02
1.100000000000000000e+02
1.030000000000000000e+02
9.800000000000000000e+01
