0.000000000000000000e+00
0.000000000000000000e+00
0.000000000000000000e+00
0.000000000000000000e+00
0.000000000000000000e+00
0.000000000000000000e+00
0.000000000000000000e+00
0.000000000000000000e+00
0.000000000000000000e+00
0.000000000000000000e+00
0.000000000000000000e+00
0.000000000000000000e+00
0.000000000000000000e+00
0.000000000000000000e+00
0.000000000000000000e+00
0.000000000000000000e+00
0.000000000000000000e+00
0.000000000000000000e+00
0.000000000000000000e+00
0.000000000000000000e+00
0.000000000000000000e+00
0.000000000000000000e+00
0.000000000000000000e+00
4.000000000000000000e+00
1.000000000000000000e+01
2.000000000000000000e+01
2.500000000000000000e+01
2.500000000000000000e+01
3.400000000000000000e+01
4.100000000000000000e+01
4.500000000000000000e+01
4.500000000000000000e+01
4.900000000000000000e+01
5.600000000000000000e+01
6.400000000000000000e+01
7.100000000000000000e+01
7.100000000000000000e+01
8.200000000000000000e+01
8.900000000000000000e+01
9.600000000000000000e+01
1.080000000000000000e+02
1.080000000000000000e+02
1.170000000000000000e+02
1.200000000000000000e+02
1.290000000000000000e+02
1.290000000000000000e+02
1.360000000000000000e+02
1.480000000000000000e+02
1.530000000000000000e+02
1.610000000000000000e+02
1.610000000000000000e+02
1.700000000000000000e+02
1.760000000000000000e+02
1.770000000000000000e+02
1.770000000000000000e+02
1.830000000000000000e+02
1.870000000000000000e+02
1.890000000000000000e+02
2.000000000000000000e+02
2.000000000000000000e+02
2.070000000000000000e+02
2.150000000000000000e+02
2.200000000000000000e+02
2.200000000000000000e+02
2.270000000000000000e+02
2.270000000000000000e+02
2.270000000000000000e+02
2.270000000000000000e+02
2.270000000000000000e+02
2.270000000000000000e+02
2.270000000000000000e+02
2.270000000000000000e+02
2.270000000000000000e+02
2.270000000000000000e+02
2.270000000000000000e+02
2.270000000000000000e+02
2.270000000000000000e+02
2.270000000000000000e+02
2.270000000000000000e+02
2.270000000000000000e+02
2.270000000000000000e+02
2.270000000000000000e+02
2.270000000000000000e+02
2.270000000000000000e+02
2.270000000000000000e+02
2.270000000000000000e+02
2.270000000000000000e+02
2.270000000000000000e+02
2.270000000000000000e+02
2.250000000000000000e+02
2.240000000000000000e+02
2.240000000000000000e+02
2.240000000000000000e+02
2.190000000000000000e+02
2.170000000000000000e+02
2.160000000000000000e+02
2.160000000000000000e+02
2.150000000000000000e+02
2.130000000000000000e+02
2.120000000000000000e+02
2.080000000000000000e+02
2.030000000000000000e+02
2.020000000000000000e+02
2.000000000000000000e+02
1.910000000000000000e+02
1.910000000000000000e+02
1.900000000000000000e+02
1.880000000000000000e+02
1.870000000000000000e+02
1.830000000000000000e+02
1.770000000000000000e+02
1.690000000000000000e+02
1.670000000000000000e+02
1.610000000000000000e+02
1.560000000000000000e+02
1.540000000000000000e+02
1.490000000000000000e+02
1.430000000000000000e+02
1.400000000000000000e+02
1.350000000000000000e+02
1.280000000000000000e+02
1.230000000000000000e+02
1.210000000000000000e+02
1.140000000000000000e+02
1.110000000000000000e+02
1.100000000000000000e+02
1.060000000000000000e+02
1.020000000000000000e+02
