0.000000000000000000e+00
0.000000000000000000e+00
0.000000000000000000e+00
0.000000000000000000e+00
0.000000000000000000e+00
0.000000000000000000e+00
0.000000000000000000e+00
0.000000000000000000e+00
0.000000000000000000e+00
0.000000000000000000e+00
0.000000000000000000e+00
0.000000000000000000e+00
0.000000000000000000e+00
0.000000000000000000e+00
0.000000000000000000e+00
0.000000000000000000e+00
0.000000000000000000e+00
0.000000000000000000e+00
0.000000000000000000e+00
0.000000000000000000e+00
0.000000000000000000e+00
0.000000000000000000e+00
0.000000000000000000e+00
2.000000000000000000e+00
7.000000000000000000e+00
1.100000000000000000e+01
2.000000000000000000e+01
2.000000000000000000e+01
2.400000000000000000e+01
3.300000000000000000e+01
4.000000000000000000e+01
4.000000000000000000e+01
4.500000000000000000e+01
5.300000000000000000e+01
6.800000000000000000e+01
7.500000000000000000e+01
7.500000000000000000e+01
8.200000000000000000e+01
8.600000000000000000e+01
9.400000000000000000e+01
1.030000000000000000e+02
1.030000000000000000e+02
1.110000000000000000e+02
1.190000000000000000e+02
1.230000000000000000e+02
1.230000000000000000e+02
1.270000000000000000e+02
1.330000000000000000e+02
1.410000000000000000e+02
1.450000000000000000e+02
1.450000000000000000e+02
1.530000000000000000e+02
1.600000000000000000e+02
1.670000000000000000e+02
1.670000000000000000e+02
1.730000000000000000e+02
1.820000000000000000e+02
1.900000000000000000e+02
2.010000000000000000e+02
2.010000000000000000e+02
2.100000000000000000e+02
2.190000000000000000e+02
2.330000000000000000e+02
2.330000000000000000e+02
2.380000000000000000e+02
2.380000000000000000e+02
2.380000000000000000e+02
2.380000000000000000e+02
2.380000000000000000e+02
2.380000000000000000e+02
2.380000000000000000e+02
2.380000000000000000e+02
2.380000000000000000e+02
2.380000000000000000e+02
2.380000000000000000e+02
2.380000000000000000e+02
2.380000000000000000e+02
2.380000000000000000e+02
2.380000000000000000e+02
2.380000000000000000e+02
2.380000000000000000e+02
2.380000000000000000e+02
2.380000000000000000e+02
2.380000000000000000e+02
2.380000000000000000e+02
2.380000000000000000e+02
2.380000000000000000e+02
2.380000000000000000e+02
2.380000000000000000e+02
2.360000000000000000e+02
2.360000000000000000e+02
2.360000000000000000e+02
2.360000000000000000e+02
2.340000000000000000e+02
2.330000000000000000e+02
2.330000000000000000e+02
2.310000000000000000e+02
2.290000000000000000e+02
2.250000000000000000e+02
2.220000000000000000e+02
2.220000000000000000e+02
2.200000000000000000e+02
2.160000000000000000e+02
2.150000000000000000e+02
2.100000000000000000e+02
2.050000000000000000e+02
1.990000000000000000e+02
1.950000000000000000e+02
1.910000000000000000e+02
1.880000000000000000e+02
1.840000000000000000e+02
1.780000000000000000e+02
1.710000000000000000e+02
1.670000000000000000e+02
1.650000000000000000e+02
1.610000000000000000e+02
1.560000000000000000e+02
1.510000000000000000e+02
1.450000000000000000e+02
1.400000000000000000e+02
1.370000000000000000e+02
1.310000000000000000e+02
1.230000000000000000e+02
1.160000000000000000e+02
1.120000000000000000e+02
1.070000000000000000e+02
1.010000000000000000e+02
9.700000000000000000e+01
