0.000000000000000000e+00
0.000000000000000000e+00
0.000000000000000000e+00
0.000000000000000000e+00
0.000000000000000000e+00
0.000000000000000000e+00
0.000000000000000000e+00
0.000000000000000000e+00
0.000000000000000000e+00
0.000000000000000000e+00
0.000000000000000000e+00
0.000000000000000000e+00
0.000000000000000000e+00
0.000000000000000000e+00
0.000000000000000000e+00
0.000000000000000000e+00
0.000000000000000000e+00
0.000000000000000000e+00
0.000000000000000000e+00
1.100000000000000000e+01
2.300000000000000000e+01
3.400000000000000000e+01
3.400000000000000000e+01
4.200000000000000000e+01
4.500000000000000000e+01
5.400000000000000000e+01
6.300000000000000000e+01
6.300000000000000000e+01
6.700000000000000000e+01
7.500000000000000000e+01
8.100000000000000000e+01
8.100000000000000000e+01
9.100000000000000000e+01
9.800000000000000000e+01
1.060000000000000000e+02
1.150000000000000000e+02
1.150000000000000000e+02
1.240000000000000000e+02
1.300000000000000000e+02
1.370000000000000000e+02
1.410000000000000000e+02
1.410000000000000000e+02
1.480000000000000000e+02
1.540000000000000000e+02
1.610000000000000000e+02
1.610000000000000000e+02
1.670000000000000000e+02
1.760000000000000000e+02
1.840000000000000000e+02
1.910000000000000000e+02
1.910000000000000000e+02
1.960000000000000000e+02
2.050000000000000000e+02
2.110000000000000000e+02
2.110000000000000000e+02
2.200000000000000000e+02
2.340000000000000000e+02
2.460000000000000000e+02
2.490000000000000000e+02
2.490000000000000000e+02
2.550000000000000000e+02
2.650000000000000000e+02
2.710000000000000000e+02
2.710000000000000000e+02
2.800000000000000000e+02
2.800000000000000000e+02
2.800000000000000000e+02
2.800000000000000000e+02
2.800000000000000000e+02
2.800000000000000000e+02
2.800000000000000000e+02
2.800000000000000000e+02
2.800000000000000000e+02
2.800000000000000000e+02
2.800000000000000000e+02
2.800000000000000000e+02
2.800000000000000000e+02
2.800000000000000000e+02
2.800000000000000000e+02
2.800000000000000000e+02
2.800000000000000000e+02
2.800000000000000000e+02
2.800000000000000000e+02
2.800000000000000000e+02
2.780000000000000000e+02
2.780000000000000000e+02
2.770000000000000000e+02
2.750000000000000000e+02
2.750000000000000000e+02
2.740000000000000000e+02
2.720000000000000000e+02
2.690000000000000000e+02
2.660000000000000000e+02
2.630000000000000000e+02
2.600000000000000000e+02
2.600000000000000000e+02
2.550000000000000000e+02
2.530000000000000000e+02
2.490000000000000000e+02
2.430000000000000000e+02
2.370000000000000000e+02
2.300000000000000000e+02
2.240000000000000000e+02
2.220000000000000000e+02
2.190000000000000000e+02
2.100000000000000000e+02
2.080000000000000000e+02
1.990000000000000000e+02
1.960000000000000000e+02
1.940000000000000000e+02
1.920000000000000000e+02
1.890000000000000000e+02
1.850000000000000000e+02
1.820000000000000000e+02
1.780000000000000000e+02
1.730000000000000000e+02
1.700000000000000000e+02
1.660000000000000000e+02
1.600000000000000000e+02
1.550000000000000000e+02
1.490000000000000000e+02
1.440000000000000000e+02
1.420000000000000000e+02
1.360000000000000000e+02
1.320000000000000000e+02
1.260000000000000000e+02
1.210000000000000000e+02
1.140000000000000000e+02
