0.000000000000000000e+00
0.000000000000000000e+00
0.000000000000000000e+00
0.000000000000000000e+00
0.000000000000000000e+00
0.000000000000000000e+00
0.000000000000000000e+00
0.000000000000000000e+00
0.000000000000000000e+00
0.000000000000000000e+00
1.000000000000000000e+00
7.000000000000000000e+00
1.000000000000000000e+01
1.000000000000000000e+01
1.700000000000000000e+01
2.600000000000000000e+01
3.600000000000000000e+01
5.100000000000000000e+01
5.100000000000000000e+01
5.900000000000000000e+01
6.800000000000000000e+01
7.400000000000000000e+01
7.400000000000000000e+01
8.100000000000000000e+01
8.900000000000000000e+01
9.800000000000000000e+01
1.040000000000000000e+02
1.040000000000000000e+02
1.120000000000000000e+02
1.200000000000000000e+02
1.280000000000000000e+02
1.280000000000000000e+02
1.360000000000000000e+02
1.420000000000000000e+02
1.500000000000000000e+02
1.560000000000000000e+02
1.560000000000000000e+02
1.650000000000000000e+02
1.720000000000000000e+02
1.750000000000000000e+02
1.850000000000000000e+02
1.850000000000000000e+02
1.900000000000000000e+02
1.980000000000000000e+02
2.040000000000000000e+02
2.040000000000000000e+02
2.180000000000000000e+02
2.230000000000000000e+02
2.300000000000000000e+02
2.390000000000000000e+02
2.390000000000000000e+02
2.470000000000000000e+02
2.550000000000000000e+02
2.630000000000000000e+02
2.630000000000000000e+02
2.670000000000000000e+02
2.730000000000000000e+02
2.800000000000000000e+02
2.900000000000000000e+02
2.900000000000000000e+02
2.960000000000000000e+02
3.040000000000000000e+02
3.130000000000000000e+02
3.130000000000000000e+02
3.200000000000000000e+02
3.200000000000000000e+02
3.200000000000000000e+02
3.200000000000000000e+02
3.200000000000000000e+02
3.200000000000000000e+02
3.200000000000000000e+02
3.200000000000000000e+02
3.200000000000000000e+02
3.200000000000000000e+02
3.200000000000000000e+02
3.200000000000000000e+02
3.190000000000000000e+02
3.190000000000000000e+02
3.180000000000000000e+02
3.170000000000000000e+02
3.160000000000000000e+02
3.130000000000000000e+02
3.120000000000000000e+02
3.100000000000000000e+02
3.060000000000000000e+02
3.050000000000000000e+02
2.990000000000000000e+02
2.950000000000000000e+02
2.920000000000000000e+02
2.900000000000000000e+02
2.890000000000000000e+02
2.850000000000000000e+02
2.830000000000000000e+02
2.790000000000000000e+02
2.760000000000000000e+02
2.750000000000000000e+02
2.720000000000000000e+02
2.690000000000000000e+02
2.640000000000000000e+02
2.600000000000000000e+02
2.550000000000000000e+02
2.490000000000000000e+02
2.420000000000000000e+02
2.400000000000000000e+02
2.340000000000000000e+02
2.280000000000000000e+02
2.260000000000000000e+02
2.250000000000000000e+02
2.190000000000000000e+02
2.140000000000000000e+02
2.140000000000000000e+02
2.100000000000000000e+02
2.040000000000000000e+02
2.000000000000000000e+02
1.910000000000000000e+02
1.870000000000000000e+02
1.810000000000000000e+02
1.780000000000000000e+02
1.760000000000000000e+02
1.720000000000000000e+02
1.640000000000000000e+02
1.560000000000000000e+02
1.500000000000000000e+02
1.430000000000000000e+02
1.380000000000000000e+02
1.310000000000000000e+02
1.260000000000000000e+02
1.220000000000000000e+02
