0.000000000000000000e+00
0.000000000000000000e+00
0.000000000000000000e+00
0.000000000000000000e+00
0.000000000000000000e+00
0.000000000000000000e+00
0.000000000000000000e+00
2.000000000000000000e+00
3.000000000000000000e+00
3.000000000000000000e+00
7.000000000000000000e+00
1.400000000000000000e+01
2.300000000000000000e+01
2.300000000000000000e+01
2.900000000000000000e+01
3.400000000000000000e+01
4.100000000000000000e+01
4.500000000000000000e+01
4.500000000000000000e+01
5.100000000000000000e+01
5.500000000000000000e+01
5.800000000000000000e+01
5.800000000000000000e+01
6.500000000000000000e+01
7.500000000000000000e+01
8.200000000000000000e+01
9.400000000000000000e+01
9.400000000000000000e+01
9.900000000000000000e+01
1.100000000000000000e+02
1.160000000000000000e+02
1.160000000000000000e+02
1.290000000000000000e+02
1.360000000000000000e+02
1.420000000000000000e+02
1.520000000000000000e+02
1.520000000000000000e+02
1.610000000000000000e+02
1.710000000000000000e+02
1.820000000000000000e+02
1.880000000000000000e+02
1.880000000000000000e+02
1.960000000000000000e+02
2.040000000000000000e+02
2.100000000000000000e+02
2.100000000000000000e+02
2.190000000000000000e+02
2.320000000000000000e+02
2.390000000000000000e+02
2.460000000000000000e+02
2.460000000000000000e+02
2.520000000000000000e+02
2.620000000000000000e+02
2.730000000000000000e+02
2.730000000000000000e+02
2.870000000000000000e+02
2.930000000000000000e+02
3.000000000000000000e+02
3.070000000000000000e+02
3.070000000000000000e+02
3.170000000000000000e+02
3.270000000000000000e+02
3.320000000000000000e+02
3.320000000000000000e+02
3.380000000000000000e+02
3.380000000000000000e+02
3.380000000000000000e+02
3.380000000000000000e+02
3.380000000000000000e+02
3.380000000000000000e+02
3.380000000000000000e+02
3.380000000000000000e+02
3.380000000000000000e+02
3.380000000000000000e+02
3.380000000000000000e+02
3.370000000000000000e+02
3.370000000000000000e+02
3.350000000000000000e+02
3.340000000000000000e+02
3.330000000000000000e+02
3.320000000000000000e+02
3.310000000000000000e+02
3.290000000000000000e+02
3.280000000000000000e+02
3.260000000000000000e+02
3.240000000000000000e+02
3.210000000000000000e+02
3.200000000000000000e+02
3.200000000000000000e+02
3.170000000000000000e+02
3.130000000000000000e+02
3.110000000000000000e+02
3.060000000000000000e+02
3.060000000000000000e+02
2.990000000000000000e+02
2.960000000000000000e+02
2.930000000000000000e+02
2.900000000000000000e+02
2.880000000000000000e+02
2.860000000000000000e+02
2.830000000000000000e+02
2.770000000000000000e+02
2.740000000000000000e+02
2.700000000000000000e+02
2.670000000000000000e+02
2.600000000000000000e+02
2.530000000000000000e+02
2.460000000000000000e+02
2.410000000000000000e+02
2.400000000000000000e+02
2.350000000000000000e+02
2.270000000000000000e+02
2.240000000000000000e+02
2.240000000000000000e+02
2.200000000000000000e+02
2.140000000000000000e+02
2.090000000000000000e+02
2.000000000000000000e+02
1.930000000000000000e+02
1.880000000000000000e+02
1.840000000000000000e+02
1.770000000000000000e+02
1.690000000000000000e+02
1.580000000000000000e+02
1.520000000000000000e+02
1.480000000000000000e+02
1.440000000000000000e+02
1.380000000000000000e+02
