0.000000000000000000e+00
0.000000000000000000e+00
0.000000000000000000e+00
0.000000000000000000e+00
0.000000000000000000e+00
0.000000000000000000e+00
0.000000000000000000e+00
0.000000000000000000e+00
0.000000000000000000e+00
0.000000000000000000e+00
0.000000000000000000e+00
0.000000000000000000e+00
0.000000000000000000e+00
0.000000000000000000e+00
0.000000000000000000e+00
3.000000000000000000e+00
7.000000000000000000e+00
1.500000000000000000e+01
1.500000000000000000e+01
2.600000000000000000e+01
3.600000000000000000e+01
4.400000000000000000e+01
4.400000000000000000e+01
5.100000000000000000e+01
6.000000000000000000e+01
6.100000000000000000e+01
7.500000000000000000e+01
7.500000000000000000e+01
8.300000000000000000e+01
8.900000000000000000e+01
9.600000000000000000e+01
9.600000000000000000e+01
1.030000000000000000e+02
1.080000000000000000e+02
1.140000000000000000e+02
1.220000000000000000e+02
1.220000000000000000e+02
1.310000000000000000e+02
1.380000000000000000e+02
1.470000000000000000e+02
1.520000000000000000e+02
1.520000000000000000e+02
1.580000000000000000e+02
1.660000000000000000e+02
1.710000000000000000e+02
1.710000000000000000e+02
1.780000000000000000e+02
1.890000000000000000e+02
1.970000000000000000e+02
2.090000000000000000e+02
2.090000000000000000e+02
2.160000000000000000e+02
2.220000000000000000e+02
2.280000000000000000e+02
2.280000000000000000e+02
2.340000000000000000e+02
2.440000000000000000e+02
2.480000000000000000e+02
2.580000000000000000e+02
2.580000000000000000e+02
2.670000000000000000e+02
2.790000000000000000e+02
2.840000000000000000e+02
2.840000000000000000e+02
2.950000000000000000e+02
2.950000000000000000e+02
2.950000000000000000e+02
2.950000000000000000e+02
2.950000000000000000e+02
2.950000000000000000e+02
2.950000000000000000e+02
2.950000000000000000e+02
2.950000000000000000e+02
2.950000000000000000e+02
2.950000000000000000e+02
2.950000000000000000e+02
2.950000000000000000e+02
2.950000000000000000e+02
2.950000000000000000e+02
2.950000000000000000e+02
2.950000000000000000e+02
2.950000000000000000e+02
2.930000000000000000e+02
2.920000000000000000e+02
2.880000000000000000e+02
2.850000000000000000e+02
2.830000000000000000e+02
2.830000000000000000e+02
2.800000000000000000e+02
2.780000000000000000e+02
2.750000000000000000e+02
2.710000000000000000e+02
2.680000000000000000e+02
2.640000000000000000e+02
2.600000000000000000e+02
2.560000000000000000e+02
2.530000000000000000e+02
2.490000000000000000e+02
2.470000000000000000e+02
2.410000000000000000e+02
2.400000000000000000e+02
2.360000000000000000e+02
2.350000000000000000e+02
2.320000000000000000e+02
2.280000000000000000e+02
2.250000000000000000e+02
2.220000000000000000e+02
2.190000000000000000e+02
2.150000000000000000e+02
2.110000000000000000e+02
2.080000000000000000e+02
2.050000000000000000e+02
1.990000000000000000e+02
1.950000000000000000e+02
1.900000000000000000e+02
1.880000000000000000e+02
1.820000000000000000e+02
1.760000000000000000e+02
1.730000000000000000e+02
1.680000000000000000e+02
1.660000000000000000e+02
1.600000000000000000e+02
1.530000000000000000e+02
1.480000000000000000e+02
1.450000000000000000e+02
1.370000000000000000e+02
1.330000000000000000e+02
1.280000000000000000e+02
