0.000000000000000000e+00
0.000000000000000000e+00
0.000000000000000000e+00
0.000000000000000000e+00
0.000000000000000000e+00
0.000000000000000000e+00
0.000000000000000000e+00
0.000000000000000000e+00
0.000000000000000000e+00
0.000000000000000000e+00
0.000000000000000000e+00
0.000000000000000000e+00
0.000000000000000000e+00
0.000000000000000000e+00
0.000000000000000000e+00
0.000000000000000000e+00
0.000000000000000000e+00
0.000000000000000000e+00
0.000000000000000000e+00
4.000000000000000000e+00
6.000000000000000000e+00
1.500000000000000000e+01
1.500000000000000000e+01
2.400000000000000000e+01
4.100000000000000000e+01
4.900000000000000000e+01
5.800000000000000000e+01
5.800000000000000000e+01
6.200000000000000000e+01
7.100000000000000000e+01
7.900000000000000000e+01
7.900000000000000000e+01
8.600000000000000000e+01
9.000000000000000000e+01
9.600000000000000000e+01
1.020000000000000000e+02
1.020000000000000000e+02
1.110000000000000000e+02
1.190000000000000000e+02
1.310000000000000000e+02
1.340000000000000000e+02
1.340000000000000000e+02
1.410000000000000000e+02
1.500000000000000000e+02
1.590000000000000000e+02
1.590000000000000000e+02
1.650000000000000000e+02
1.710000000000000000e+02
1.790000000000000000e+02
1.910000000000000000e+02
1.910000000000000000e+02
2.030000000000000000e+02
2.110000000000000000e+02
2.220000000000000000e+02
2.220000000000000000e+02
2.290000000000000000e+02
2.380000000000000000e+02
2.420000000000000000e+02
2.490000000000000000e+02
2.490000000000000000e+02
2.590000000000000000e+02
2.700000000000000000e+02
2.750000000000000000e+02
2.750000000000000000e+02
2.790000000000000000e+02
2.790000000000000000e+02
2.790000000000000000e+02
2.790000000000000000e+02
2.790000000000000000e+02
2.790000000000000000e+02
2.790000000000000000e+02
2.790000000000000000e+02
2.790000000000000000e+02
2.790000000000000000e+02
2.790000000000000000e+02
2.790000000000000000e+02
2.790000000000000000e+02
2.790000000000000000e+02
2.790000000000000000e+02
2.790000000000000000e+02
2.790000000000000000e+02
2.790000000000000000e+02
2.790000000000000000e+02
2.790000000000000000e+02
2.790000000000000000e+02
2.780000000000000000e+02
2.780000000000000000e+02
2.770000000000000000e+02
2.770000000000000000e+02
2.740000000000000000e+02
2.710000000000000000e+02
2.690000000000000000e+02
2.680000000000000000e+02
2.650000000000000000e+02
2.630000000000000000e+02
2.600000000000000000e+02
2.550000000000000000e+02
2.530000000000000000e+02
2.500000000000000000e+02
2.460000000000000000e+02
2.450000000000000000e+02
2.420000000000000000e+02
2.410000000000000000e+02
2.350000000000000000e+02
2.300000000000000000e+02
2.270000000000000000e+02
2.200000000000000000e+02
2.120000000000000000e+02
2.090000000000000000e+02
2.060000000000000000e+02
2.030000000000000000e+02
1.990000000000000000e+02
1.940000000000000000e+02
1.880000000000000000e+02
1.840000000000000000e+02
1.810000000000000000e+02
1.760000000000000000e+02
1.720000000000000000e+02
1.670000000000000000e+02
1.620000000000000000e+02
1.580000000000000000e+02
1.510000000000000000e+02
1.490000000000000000e+02
1.440000000000000000e+02
1.370000000000000000e+02
1.310000000000000000e+02
1.250000000000000000e+02
1.200000000000000000e+02
