0.000000000000000000e+00
0.000000000000000000e+00
0.000000000000000000e+00
0.000000000000000000e+00
0.000000000000000000e+00
0.000000000000000000e+00
0.000000000000000000e+00
0.000000000000000000e+00
0.000000000000000000e+00
0.000000000000000000e+00
0.000000000000000000e+00
0.000000000000000000e+00
0.000000000000000000e+00
0.000000000000000000e+00
0.000000000000000000e+00
0.000000000000000000e+00
0.000000000000000000e+00
0.000000000000000000e+00
0.000000000000000000e+00
0.000000000000000000e+00
0.000000000000000000e+00
0.000000000000000000e+00
0.000000000000000000e+00
0.000000000000000000e+00
6.000000000000000000e+00
1.400000000000000000e+01
2.200000000000000000e+01
2.200000000000000000e+01
2.800000000000000000e+01
3.500000000000000000e+01
4.300000000000000000e+01
4.300000000000000000e+01
5.500000000000000000e+01
6.000000000000000000e+01
7.100000000000000000e+01
7.600000000000000000e+01
7.600000000000000000e+01
8.300000000000000000e+01
8.900000000000000000e+01
9.500000000000000000e+01
1.020000000000000000e+02
1.020000000000000000e+02
1.080000000000000000e+02
1.140000000000000000e+02
1.240000000000000000e+02
1.240000000000000000e+02
1.350000000000000000e+02
1.440000000000000000e+02
1.550000000000000000e+02
1.630000000000000000e+02
1.630000000000000000e+02
1.690000000000000000e+02
1.780000000000000000e+02
1.820000000000000000e+02
1.820000000000000000e+02
1.930000000000000000e+02
2.000000000000000000e+02
2.070000000000000000e+02
2.150000000000000000e+02
2.150000000000000000e+02
2.210000000000000000e+02
2.260000000000000000e+02
2.340000000000000000e+02
2.340000000000000000e+02
2.400000000000000000e+02
2.400000000000000000e+02
2.400000000000000000e+02
2.400000000000000000e+02
2.400000000000000000e+02
2.400000000000000000e+02
2.400000000000000000e+02
2.400000000000000000e+02
2.400000000000000000e+02
2.400000000000000000e+02
2.400000000000000000e+02
2.400000000000000000e+02
2.400000000000000000e+02
2.400000000000000000e+02
2.400000000000000000e+02
2.400000000000000000e+02
2.400000000000000000e+02
2.400000000000000000e+02
2.400000000000000000e+02
2.400000000000000000e+02
2.400000000000000000e+02
2.400000000000000000e+02
2.400000000000000000e+02
2.400000000000000000e+02
2.380000000000000000e+02
2.370000000000000000e+02
2.370000000000000000e+02
2.370000000000000000e+02
2.330000000000000000e+02
2.330000000000000000e+02
2.320000000000000000e+02
2.320000000000000000e+02
2.320000000000000000e+02
2.300000000000000000e+02
2.250000000000000000e+02
2.200000000000000000e+02
2.150000000000000000e+02
2.100000000000000000e+02
2.060000000000000000e+02
2.040000000000000000e+02
2.030000000000000000e+02
1.990000000000000000e+02
1.980000000000000000e+02
1.930000000000000000e+02
1.890000000000000000e+02
1.840000000000000000e+02
1.830000000000000000e+02
1.770000000000000000e+02
1.740000000000000000e+02
1.710000000000000000e+02
1.650000000000000000e+02
1.580000000000000000e+02
1.520000000000000000e+02
1.470000000000000000e+02
1.420000000000000000e+02
1.380000000000000000e+02
1.340000000000000000e+02
1.290000000000000000e+02
1.220000000000000000e+02
1.180000000000000000e+02
1.170000000000000000e+02
1.110000000000000000e+02
1.050000000000000000e+02
9.900000000000000000e+01
