0.000000000000000000e+00
0.000000000000000000e+00
0.000000000000000000e+00
0.000000000000000000e+00
0.000000000000000000e+00
0.000000000000000000e+00
0.000000000000000000e+00
0.000000000000000000e+00
0.000000000000000000e+00
0.000000000000000000e+00
0.000000000000000000e+00
0.000000000000000000e+00
0.000000000000000000e+00
0.000000000000000000e+00
0.000000000000000000e+00
0.000000000000000000e+00
0.000000000000000000e+00
0.000000000000000000e+00
0.000000000000000000e+00
1.300000000000000000e+01
2.300000000000000000e+01
2.600000000000000000e+01
2.600000000000000000e+01
3.100000000000000000e+01
3.600000000000000000e+01
4.400000000000000000e+01
4.900000000000000000e+01
4.900000000000000000e+01
6.000000000000000000e+01
6.300000000000000000e+01
7.300000000000000000e+01
7.300000000000000000e+01
8.300000000000000000e+01
9.500000000000000000e+01
1.040000000000000000e+02
1.100000000000000000e+02
1.100000000000000000e+02
1.180000000000000000e+02
1.250000000000000000e+02
1.300000000000000000e+02
1.380000000000000000e+02
1.380000000000000000e+02
1.490000000000000000e+02
1.540000000000000000e+02
1.580000000000000000e+02
1.580000000000000000e+02
1.700000000000000000e+02
1.760000000000000000e+02
1.860000000000000000e+02
1.940000000000000000e+02
1.940000000000000000e+02
2.030000000000000000e+02
2.050000000000000000e+02
2.110000000000000000e+02
2.110000000000000000e+02
2.170000000000000000e+02
2.210000000000000000e+02
2.330000000000000000e+02
2.410000000000000000e+02
2.410000000000000000e+02
2.500000000000000000e+02
2.570000000000000000e+02
2.620000000000000000e+02
2.620000000000000000e+02
2.700000000000000000e+02
2.700000000000000000e+02
2.700000000000000000e+02
2.700000000000000000e+02
2.700000000000000000e+02
2.700000000000000000e+02
2.700000000000000000e+02
2.700000000000000000e+02
2.700000000000000000e+02
2.700000000000000000e+02
2.700000000000000000e+02
2.700000000000000000e+02
2.700000000000000000e+02
2.700000000000000000e+02
2.700000000000000000e+02
2.700000000000000000e+02
2.700000000000000000e+02
2.700000000000000000e+02
2.700000000000000000e+02
2.700000000000000000e+02
2.690000000000000000e+02
2.690000000000000000e+02
2.680000000000000000e+02
2.670000000000000000e+02
2.660000000000000000e+02
2.620000000000000000e+02
2.590000000000000000e+02
2.570000000000000000e+02
2.570000000000000000e+02
2.520000000000000000e+02
2.500000000000000000e+02
2.470000000000000000e+02
2.460000000000000000e+02
2.440000000000000000e+02
2.410000000000000000e+02
2.390000000000000000e+02
2.370000000000000000e+02
2.340000000000000000e+02
2.290000000000000000e+02
2.230000000000000000e+02
2.190000000000000000e+02
2.140000000000000000e+02
2.100000000000000000e+02
2.030000000000000000e+02
2.010000000000000000e+02
1.990000000000000000e+02
1.910000000000000000e+02
1.860000000000000000e+02
1.850000000000000000e+02
1.830000000000000000e+02
1.800000000000000000e+02
1.740000000000000000e+02
1.620000000000000000e+02
1.570000000000000000e+02
1.500000000000000000e+02
1.440000000000000000e+02
1.400000000000000000e+02
1.340000000000000000e+02
1.280000000000000000e+02
1.220000000000000000e+02
1.160000000000000000e+02
1.100000000000000000e+02
1.060000000000000000e+02
1.020000000000000000e+02
