0.000000000000000000e+00
0.000000000000000000e+00
0.000000000000000000e+00
0.000000000000000000e+00
0.000000000000000000e+00
0.000000000000000000e+00
0.000000000000000000e+00
0.000000000000000000e+00
0.000000000000000000e+00
0.000000000000000000e+00
0.000000000000000000e+00
0.000000000000000000e+00
0.000000000000000000e+00
0.000000000000000000e+00
0.000000000000000000e+00
0.000000000000000000e+00
0.000000000000000000e+00
0.000000000000000000e+00
0.000000000000000000e+00
0.000000000000000000e+00
0.000000000000000000e+00
0.000000000000000000e+00
0.000000000000000000e+00
0.000000000000000000e+00
0.000000000000000000e+00
0.000000000000000000e+00
0.000000000000000000e+00
0.000000000000000000e+00
0.000000000000000000e+00
0.000000000000000000e+00
0.000000000000000000e+00
0.000000000000000000e+00
0.000000000000000000e+00
0.000000000000000000e+00
0.000000000000000000e+00
0.000000000000000000e+00
0.000000000000000000e+00
0.000000000000000000e+00
0.000000000000000000e+00
0.000000000000000000e+00
0.000000000000000000e+00
0.000000000000000000e+00
0.000000000000000000e+00
0.000000000000000000e+00
0.000000000000000000e+00
0.000000000000000000e+00
0.000000000000000000e+00
0.000000000000000000e+00
0.000000000000000000e+00
0.000000000000000000e+00
0.000000000000000000e+00
6.000000000000000000e+00
1.300000000000000000e+01
1.800000000000000000e+01
1.800000000000000000e+01
2.300000000000000000e+01
2.500000000000000000e+01
2.700000000000000000e+01
3.800000000000000000e+01
3.800000000000000000e+01
4.500000000000000000e+01
5.200000000000000000e+01
6.000000000000000000e+01
6.000000000000000000e+01
6.800000000000000000e+01
6.800000000000000000e+01
6.800000000000000000e+01
6.800000000000000000e+01
6.800000000000000000e+01
6.800000000000000000e+01
6.800000000000000000e+01
6.800000000000000000e+01
6.800000000000000000e+01
6.800000000000000000e+01
6.800000000000000000e+01
6.800000000000000000e+01
6.800000000000000000e+01
6.800000000000000000e+01
6.800000000000000000e+01
6.800000000000000000e+01
6.800000000000000000e+01
6.800000000000000000e+01
6.800000000000000000e+01
6.800000000000000000e+01
6.800000000000000000e+01
6.800000000000000000e+01
6.800000000000000000e+01
6.800000000000000000e+01
6.800000000000000000e+01
6.800000000000000000e+01
6.800000000000000000e+01
6.800000000000000000e+01
6.800000000000000000e+01
6.800000000000000000e+01
6.800000000000000000e+01
6.800000000000000000e+01
6.800000000000000000e+01
6.800000000000000000e+01
6.800000000000000000e+01
6.800000000000000000e+01
6.800000000000000000e+01
6.800000000000000000e+01
6.800000000000000000e+01
6.800000000000000000e+01
6.800000000000000000e+01
6.800000000000000000e+01
6.800000000000000000e+01
6.800000000000000000e+01
6.800000000000000000e+01
6.800000000000000000e+01
6.800000000000000000e+01
6.800000000000000000e+01
6.800000000000000000e+01
6.800000000000000000e+01
6.800000000000000000e+01
6.800000000000000000e+01
6.800000000000000000e+01
6.800000000000000000e+01
6.800000000000000000e+01
6.800000000000000000e+01
6.800000000000000000e+01
6.800000000000000000e+01
6.700000000000000000e+01
6.600000000000000000e+01
6.500000000000000000e+01
6.500000000000000000e+01
6.500000000000000000e+01
6.400000000000000000e+01
