0.000000000000000000e+00
0.000000000000000000e+00
0.000000000000000000e+00
0.000000000000000000e+00
0.000000000000000000e+00
0.000000000000000000e+00
0.000000000000000000e+00
0.000000000000000000e+00
0.000000000000000000e+00
0.000000000000000000e+00
0.000000000000000000e+00
0.000000000000000000e+00
0.000000000000000000e+00
0.000000000000000000e+00
0.000000000000000000e+00
0.000000000000000000e+00
0.000000000000000000e+00
0.000000000000000000e+00
0.000000000000000000e+00
1.000000000000000000e+00
7.000000000000000000e+00
1.600000000000000000e+01
1.600000000000000000e+01
2.500000000000000000e+01
3.200000000000000000e+01
4.100000000000000000e+01
5.100000000000000000e+01
5.100000000000000000e+01
6.000000000000000000e+01
6.700000000000000000e+01
7.600000000000000000e+01
7.600000000000000000e+01
8.300000000000000000e+01
9.400000000000000000e+01
1.000000000000000000e+02
1.130000000000000000e+02
1.130000000000000000e+02
1.210000000000000000e+02
1.310000000000000000e+02
1.380000000000000000e+02
1.520000000000000000e+02
1.520000000000000000e+02
1.610000000000000000e+02
1.660000000000000000e+02
1.690000000000000000e+02
1.690000000000000000e+02
1.760000000000000000e+02
1.820000000000000000e+02
1.940000000000000000e+02
2.040000000000000000e+02
2.040000000000000000e+02
2.150000000000000000e+02
2.210000000000000000e+02
2.270000000000000000e+02
2.270000000000000000e+02
2.370000000000000000e+02
2.480000000000000000e+02
2.510000000000000000e+02
2.630000000000000000e+02
2.630000000000000000e+02
2.720000000000000000e+02
2.750000000000000000e+02
2.800000000000000000e+02
2.800000000000000000e+02
2.890000000000000000e+02
2.890000000000000000e+02
2.890000000000000000e+02
2.890000000000000000e+02
2.890000000000000000e+02
2.890000000000000000e+02
2.890000000000000000e+02
2.890000000000000000e+02
2.890000000000000000e+02
2.890000000000000000e+02
2.890000000000000000e+02
2.890000000000000000e+02
2.890000000000000000e+02
2.890000000000000000e+02
2.890000000000000000e+02
2.890000000000000000e+02
2.890000000000000000e+02
2.890000000000000000e+02
2.890000000000000000e+02
2.890000000000000000e+02
2.890000000000000000e+02
2.880000000000000000e+02
2.880000000000000000e+02
2.880000000000000000e+02
2.870000000000000000e+02
2.850000000000000000e+02
2.820000000000000000e+02
2.820000000000000000e+02
2.820000000000000000e+02
2.790000000000000000e+02
2.740000000000000000e+02
2.680000000000000000e+02
2.640000000000000000e+02
2.590000000000000000e+02
2.530000000000000000e+02
2.500000000000000000e+02
2.460000000000000000e+02
2.410000000000000000e+02
2.390000000000000000e+02
2.310000000000000000e+02
2.250000000000000000e+02
2.200000000000000000e+02
2.140000000000000000e+02
2.080000000000000000e+02
2.010000000000000000e+02
1.970000000000000000e+02
1.930000000000000000e+02
1.900000000000000000e+02
1.860000000000000000e+02
1.800000000000000000e+02
1.750000000000000000e+02
1.740000000000000000e+02
1.690000000000000000e+02
1.590000000000000000e+02
1.530000000000000000e+02
1.430000000000000000e+02
1.380000000000000000e+02
1.370000000000000000e+02
1.290000000000000000e+02
1.250000000000000000e+02
1.190000000000000000e+02
1.120000000000000000e+02
1.080000000000000000e+02
1.010000000000000000e+02
