0.000000000000000000e+00
0.000000000000000000e+00
0.000000000000000000e+00
0.000000000000000000e+00
0.000000000000000000e+00
0.000000000000000000e+00
0.000000000000000000e+00
0.000000000000000000e+00
0.000000000000000000e+00
0.000000000000000000e+00
0.000000000000000000e+00
0.000000000000000000e+00
0.000000000000000000e+00
0.000000000000000000e+00
0.000000000000000000e+00
0.000000000000000000e+00
0.000000000000000000e+00
0.000000000000000000e+00
0.000000000000000000e+00
0.000000000000000000e+00
0.000000000000000000e+00
0.000000000000000000e+00
0.000000000000000000e+00
4.000000000000000000e+00
1.500000000000000000e+01
2.500000000000000000e+01
3.300000000000000000e+01
3.300000000000000000e+01
4.000000000000000000e+01
4.700000000000000000e+01
5.200000000000000000e+01
5.200000000000000000e+01
5.700000000000000000e+01
6.500000000000000000e+01
7.500000000000000000e+01
8.300000000000000000e+01
8.300000000000000000e+01
8.900000000000000000e+01
9.500000000000000000e+01
1.060000000000000000e+02
1.130000000000000000e+02
1.130000000000000000e+02
1.190000000000000000e+02
1.260000000000000000e+02
1.340000000000000000e+02
1.340000000000000000e+02
1.490000000000000000e+02
1.540000000000000000e+02
1.580000000000000000e+02
1.660000000000000000e+02
1.660000000000000000e+02
1.710000000000000000e+02
1.790000000000000000e+02
1.900000000000000000e+02
1.900000000000000000e+02
1.970000000000000000e+02
2.050000000000000000e+02
2.150000000000000000e+02
2.230000000000000000e+02
2.230000000000000000e+02
2.300000000000000000e+02
2.350000000000000000e+02
2.400000000000000000e+02
2.400000000000000000e+02
2.480000000000000000e+02
2.480000000000000000e+02
2.480000000000000000e+02
2.480000000000000000e+02
2.480000000000000000e+02
2.480000000000000000e+02
2.480000000000000000e+02
2.480000000000000000e+02
2.480000000000000000e+02
2.480000000000000000e+02
2.480000000000000000e+02
2.480000000000000000e+02
2.480000000000000000e+02
2.480000000000000000e+02
2.480000000000000000e+02
2.480000000000000000e+02
2.480000000000000000e+02
2.480000000000000000e+02
2.480000000000000000e+02
2.480000000000000000e+02
2.480000000000000000e+02
2.480000000000000000e+02
2.480000000000000000e+02
2.480000000000000000e+02
2.460000000000000000e+02
2.460000000000000000e+02
2.420000000000000000e+02
2.420000000000000000e+02
2.390000000000000000e+02
2.350000000000000000e+02
2.340000000000000000e+02
2.330000000000000000e+02
2.320000000000000000e+02
2.310000000000000000e+02
2.290000000000000000e+02
2.270000000000000000e+02
2.250000000000000000e+02
2.220000000000000000e+02
2.200000000000000000e+02
2.160000000000000000e+02
2.100000000000000000e+02
2.090000000000000000e+02
2.070000000000000000e+02
2.030000000000000000e+02
2.000000000000000000e+02
1.940000000000000000e+02
1.900000000000000000e+02
1.880000000000000000e+02
1.830000000000000000e+02
1.760000000000000000e+02
1.670000000000000000e+02
1.620000000000000000e+02
1.580000000000000000e+02
1.530000000000000000e+02
1.490000000000000000e+02
1.430000000000000000e+02
1.430000000000000000e+02
1.410000000000000000e+02
1.380000000000000000e+02
1.310000000000000000e+02
1.270000000000000000e+02
1.230000000000000000e+02
1.220000000000000000e+02
1.180000000000000000e+02
