0.000000000000000000e+00
0.000000000000000000e+00
0.000000000000000000e+00
0.000000000000000000e+00
0.000000000000000000e+00
0.000000000000000000e+00
0.000000000000000000e+00
0.000000000000000000e+00
0.000000000000000000e+00
0.000000000000000000e+00
0.000000000000000000e+00
0.000000000000000000e+00
1.000000000000000000e+00
1.000000000000000000e+00
1.000000000000000000e+00
3.000000000000000000e+00
6.000000000000000000e+00
1.600000000000000000e+01
1.600000000000000000e+01
2.100000000000000000e+01
3.200000000000000000e+01
4.400000000000000000e+01
4.400000000000000000e+01
4.700000000000000000e+01
5.700000000000000000e+01
6.500000000000000000e+01
7.600000000000000000e+01
7.600000000000000000e+01
8.400000000000000000e+01
9.500000000000000000e+01
1.050000000000000000e+02
1.050000000000000000e+02
1.090000000000000000e+02
1.190000000000000000e+02
1.270000000000000000e+02
1.350000000000000000e+02
1.350000000000000000e+02
1.480000000000000000e+02
1.550000000000000000e+02
1.620000000000000000e+02
1.660000000000000000e+02
1.660000000000000000e+02
1.760000000000000000e+02
1.850000000000000000e+02
1.900000000000000000e+02
1.900000000000000000e+02
1.970000000000000000e+02
2.030000000000000000e+02
2.160000000000000000e+02
2.210000000000000000e+02
2.210000000000000000e+02
2.300000000000000000e+02
2.360000000000000000e+02
2.450000000000000000e+02
2.450000000000000000e+02
2.530000000000000000e+02
2.610000000000000000e+02
2.710000000000000000e+02
2.830000000000000000e+02
2.830000000000000000e+02
2.870000000000000000e+02
2.940000000000000000e+02
2.970000000000000000e+02
2.970000000000000000e+02
3.050000000000000000e+02
3.050000000000000000e+02
3.050000000000000000e+02
3.050000000000000000e+02
3.050000000000000000e+02
3.050000000000000000e+02
3.050000000000000000e+02
3.050000000000000000e+02
3.050000000000000000e+02
3.050000000000000000e+02
3.050000000000000000e+02
3.050000000000000000e+02
3.050000000000000000e+02
3.050000000000000000e+02
3.050000000000000000e+02
3.050000000000000000e+02
3.050000000000000000e+02
3.050000000000000000e+02
3.050000000000000000e+02
3.040000000000000000e+02
3.040000000000000000e+02
3.040000000000000000e+02
3.030000000000000000e+02
3.020000000000000000e+02
2.990000000000000000e+02
2.990000000000000000e+02
2.970000000000000000e+02
2.950000000000000000e+02
2.910000000000000000e+02
2.890000000000000000e+02
2.860000000000000000e+02
2.840000000000000000e+02
2.810000000000000000e+02
2.770000000000000000e+02
2.700000000000000000e+02
2.620000000000000000e+02
2.580000000000000000e+02
2.570000000000000000e+02
2.530000000000000000e+02
2.440000000000000000e+02
2.410000000000000000e+02
2.350000000000000000e+02
2.320000000000000000e+02
2.280000000000000000e+02
2.200000000000000000e+02
2.160000000000000000e+02
2.120000000000000000e+02
2.020000000000000000e+02
1.970000000000000000e+02
1.900000000000000000e+02
1.840000000000000000e+02
1.780000000000000000e+02
1.710000000000000000e+02
1.640000000000000000e+02
1.600000000000000000e+02
1.550000000000000000e+02
1.500000000000000000e+02
1.460000000000000000e+02
1.430000000000000000e+02
1.380000000000000000e+02
1.330000000000000000e+02
1.290000000000000000e+02
1.210000000000000000e+02
1.200000000000000000e+02
