0.000000000000000000e+00
0.000000000000000000e+00
0.000000000000000000e+00
0.000000000000000000e+00
0.000000000000000000e+00
0.000000000000000000e+00
0.000000000000000000e+00
0.000000000000000000e+00
0.000000000000000000e+00
0.000000000000000000e+00
0.000000000000000000e+00
0.000000000000000000e+00
0.000000000000000000e+00
0.000000000000000000e+00
4.000000000000000000e+00
1.100000000000000000e+01
1.500000000000000000e+01
2.000000000000000000e+01
2.000000000000000000e+01
3.100000000000000000e+01
3.500000000000000000e+01
4.000000000000000000e+01
4.000000000000000000e+01
4.600000000000000000e+01
5.700000000000000000e+01
6.700000000000000000e+01
7.100000000000000000e+01
7.100000000000000000e+01
7.900000000000000000e+01
8.600000000000000000e+01
9.100000000000000000e+01
9.100000000000000000e+01
1.010000000000000000e+02
1.080000000000000000e+02
1.160000000000000000e+02
1.230000000000000000e+02
1.230000000000000000e+02
1.300000000000000000e+02
1.390000000000000000e+02
1.450000000000000000e+02
1.500000000000000000e+02
1.500000000000000000e+02
1.570000000000000000e+02
1.610000000000000000e+02
1.680000000000000000e+02
1.680000000000000000e+02
1.750000000000000000e+02
1.830000000000000000e+02
1.930000000000000000e+02
2.010000000000000000e+02
2.010000000000000000e+02
2.090000000000000000e+02
2.240000000000000000e+02
2.320000000000000000e+02
2.320000000000000000e+02
2.440000000000000000e+02
2.520000000000000000e+02
2.560000000000000000e+02
2.700000000000000000e+02
2.700000000000000000e+02
2.760000000000000000e+02
2.860000000000000000e+02
2.960000000000000000e+02
2.960000000000000000e+02
3.010000000000000000e+02
3.010000000000000000e+02
3.010000000000000000e+02
3.010000000000000000e+02
3.010000000000000000e+02
3.010000000000000000e+02
3.010000000000000000e+02
3.010000000000000000e+02
3.010000000000000000e+02
3.010000000000000000e+02
3.010000000000000000e+02
3.010000000000000000e+02
3.010000000000000000e+02
3.010000000000000000e+02
3.010000000000000000e+02
3.010000000000000000e+02
3.000000000000000000e+02
3.000000000000000000e+02
2.980000000000000000e+02
2.980000000000000000e+02
2.980000000000000000e+02
2.970000000000000000e+02
2.960000000000000000e+02
2.950000000000000000e+02
2.930000000000000000e+02
2.910000000000000000e+02
2.880000000000000000e+02
2.850000000000000000e+02
2.810000000000000000e+02
2.800000000000000000e+02
2.770000000000000000e+02
2.720000000000000000e+02
2.670000000000000000e+02
2.600000000000000000e+02
2.580000000000000000e+02
2.550000000000000000e+02
2.530000000000000000e+02
2.490000000000000000e+02
2.430000000000000000e+02
2.410000000000000000e+02
2.340000000000000000e+02
2.320000000000000000e+02
2.260000000000000000e+02
2.180000000000000000e+02
2.170000000000000000e+02
2.150000000000000000e+02
2.110000000000000000e+02
2.090000000000000000e+02
2.080000000000000000e+02
2.040000000000000000e+02
2.030000000000000000e+02
2.010000000000000000e+02
1.960000000000000000e+02
1.920000000000000000e+02
1.810000000000000000e+02
1.750000000000000000e+02
1.700000000000000000e+02
1.630000000000000000e+02
1.610000000000000000e+02
1.540000000000000000e+02
1.500000000000000000e+02
1.480000000000000000e+02
1.450000000000000000e+02
1.370000000000000000e+02
