0.000000000000000000e+00
0.000000000000000000e+00
0.000000000000000000e+00
0.000000000000000000e+00
0.000000000000000000e+00
0.000000000000000000e+00
0.000000000000000000e+00
0.000000000000000000e+00
0.000000000000000000e+00
0.000000000000000000e+00
0.000000000000000000e+00
0.000000000000000000e+00
0.000000000000000000e+00
0.000000000000000000e+00
0.000000000000000000e+00
0.000000000000000000e+00
0.000000000000000000e+00
6.000000000000000000e+00
6.000000000000000000e+00
1.500000000000000000e+01
2.100000000000000000e+01
2.800000000000000000e+01
2.800000000000000000e+01
3.600000000000000000e+01
4.900000000000000000e+01
6.000000000000000000e+01
6.900000000000000000e+01
6.900000000000000000e+01
7.300000000000000000e+01
8.500000000000000000e+01
8.800000000000000000e+01
8.800000000000000000e+01
9.700000000000000000e+01
1.050000000000000000e+02
1.100000000000000000e+02
1.170000000000000000e+02
1.170000000000000000e+02
1.230000000000000000e+02
1.330000000000000000e+02
1.420000000000000000e+02
1.550000000000000000e+02
1.550000000000000000e+02
1.620000000000000000e+02
1.780000000000000000e+02
1.910000000000000000e+02
1.910000000000000000e+02
1.970000000000000000e+02
2.020000000000000000e+02
2.080000000000000000e+02
2.200000000000000000e+02
2.200000000000000000e+02
2.250000000000000000e+02
2.290000000000000000e+02
2.320000000000000000e+02
2.320000000000000000e+02
2.420000000000000000e+02
2.520000000000000000e+02
2.630000000000000000e+02
2.710000000000000000e+02
2.710000000000000000e+02
2.800000000000000000e+02
2.890000000000000000e+02
2.960000000000000000e+02
2.960000000000000000e+02
3.020000000000000000e+02
3.020000000000000000e+02
3.020000000000000000e+02
3.020000000000000000e+02
3.020000000000000000e+02
3.020000000000000000e+02
3.020000000000000000e+02
3.020000000000000000e+02
3.020000000000000000e+02
3.020000000000000000e+02
3.020000000000000000e+02
3.020000000000000000e+02
3.020000000000000000e+02
3.020000000000000000e+02
3.020000000000000000e+02
3.020000000000000000e+02
3.020000000000000000e+02
3.020000000000000000e+02
3.020000000000000000e+02
3.020000000000000000e+02
3.000000000000000000e+02
2.990000000000000000e+02
2.970000000000000000e+02
2.960000000000000000e+02
2.960000000000000000e+02
2.910000000000000000e+02
2.890000000000000000e+02
2.860000000000000000e+02
2.820000000000000000e+02
2.780000000000000000e+02
2.750000000000000000e+02
2.730000000000000000e+02
2.660000000000000000e+02
2.640000000000000000e+02
2.550000000000000000e+02
2.510000000000000000e+02
2.450000000000000000e+02
2.420000000000000000e+02
2.360000000000000000e+02
2.360000000000000000e+02
2.300000000000000000e+02
2.250000000000000000e+02
2.240000000000000000e+02
2.200000000000000000e+02
2.130000000000000000e+02
2.110000000000000000e+02
2.040000000000000000e+02
2.000000000000000000e+02
1.950000000000000000e+02
1.910000000000000000e+02
1.870000000000000000e+02
1.780000000000000000e+02
1.690000000000000000e+02
1.660000000000000000e+02
1.600000000000000000e+02
1.530000000000000000e+02
1.460000000000000000e+02
1.340000000000000000e+02
1.230000000000000000e+02
1.180000000000000000e+02
1.120000000000000000e+02
1.040000000000000000e+02
9.900000000000000000e+01
9.600000000000000000e+01
