9.500000000000000000e+01
1.000000000000000000e+02
1.040000000000000000e+02
1.080000000000000000e+02
1.080000000000000000e+02
1.150000000000000000e+02
1.200000000000000000e+02
1.260000000000000000e+02
1.360000000000000000e+02
1.360000000000000000e+02
1.450000000000000000e+02
1.530000000000000000e+02
1.560000000000000000e+02
1.560000000000000000e+02
1.650000000000000000e+02
1.700000000000000000e+02
1.770000000000000000e+02
1.880000000000000000e+02
1.880000000000000000e+02
1.920000000000000000e+02
2.020000000000000000e+02
2.110000000000000000e+02
2.110000000000000000e+02
2.170000000000000000e+02
2.260000000000000000e+02
2.300000000000000000e+02
2.410000000000000000e+02
2.410000000000000000e+02
2.510000000000000000e+02
2.590000000000000000e+02
2.630000000000000000e+02
2.630000000000000000e+02
2.670000000000000000e+02
2.740000000000000000e+02
2.810000000000000000e+02
2.890000000000000000e+02
2.890000000000000000e+02
2.950000000000000000e+02
3.070000000000000000e+02
3.170000000000000000e+02
3.210000000000000000e+02
3.210000000000000000e+02
3.300000000000000000e+02
3.330000000000000000e+02
3.370000000000000000e+02
3.370000000000000000e+02
3.460000000000000000e+02
3.520000000000000000e+02
3.600000000000000000e+02
3.690000000000000000e+02
3.690000000000000000e+02
3.750000000000000000e+02
3.810000000000000000e+02
3.890000000000000000e+02
3.890000000000000000e+02
3.990000000000000000e+02
4.050000000000000000e+02
4.110000000000000000e+02
4.210000000000000000e+02
4.210000000000000000e+02
4.300000000000000000e+02
4.420000000000000000e+02
4.520000000000000000e+02
4.520000000000000000e+02
4.530000000000000000e+02
4.470000000000000000e+02
4.400000000000000000e+02
4.370000000000000000e+02
4.300000000000000000e+02
4.190000000000000000e+02
4.120000000000000000e+02
4.070000000000000000e+02
4.040000000000000000e+02
4.010000000000000000e+02
3.960000000000000000e+02
3.900000000000000000e+02
3.810000000000000000e+02
3.720000000000000000e+02
3.660000000000000000e+02
3.640000000000000000e+02
3.620000000000000000e+02
3.590000000000000000e+02
3.580000000000000000e+02
3.560000000000000000e+02
3.540000000000000000e+02
3.500000000000000000e+02
3.470000000000000000e+02
3.420000000000000000e+02
3.390000000000000000e+02
3.370000000000000000e+02
3.370000000000000000e+02
3.350000000000000000e+02
3.320000000000000000e+02
3.260000000000000000e+02
3.200000000000000000e+02
3.180000000000000000e+02
3.150000000000000000e+02
3.120000000000000000e+02
3.070000000000000000e+02
3.020000000000000000e+02
3.000000000000000000e+02
2.900000000000000000e+02
2.810000000000000000e+02
2.720000000000000000e+02
2.670000000000000000e+02
2.610000000000000000e+02
2.530000000000000000e+02
2.470000000000000000e+02
2.420000000000000000e+02
2.340000000000000000e+02
2.240000000000000000e+02
2.180000000000000000e+02
2.100000000000000000e+02
2.040000000000000000e+02
1.990000000000000000e+02
1.940000000000000000e+02
1.920000000000000000e+02
1.780000000000000000e+02
1.730000000000000000e+02
1.670000000000000000e+02
1.590000000000000000e+02
1.520000000000000000e+02
1.450000000000000000e+02
1.400000000000000000e+02
1.350000000000000000e+02
1.300000000000000000e+02
1.250000000000000000e+02
1.170000000000000000e+02
