0.000000000000000000e+00
0.000000000000000000e+00
0.000000000000000000e+00
0.000000000000000000e+00
0.000000000000000000e+00
0.000000000000000000e+00
0.000000000000000000e+00
0.000000000000000000e+00
0.000000000000000000e+00
0.000000000000000000e+00
0.000000000000000000e+00
0.000000000000000000e+00
0.000000000000000000e+00
0.000000000000000000e+00
0.000000000000000000e+00
0.000000000000000000e+00
0.000000000000000000e+00
0.000000000000000000e+00
0.000000000000000000e+00
0.000000000000000000e+00
0.000000000000000000e+00
0.000000000000000000e+00
0.000000000000000000e+00
7.000000000000000000e+00
1.300000000000000000e+01
1.900000000000000000e+01
2.500000000000000000e+01
2.500000000000000000e+01
3.200000000000000000e+01
3.600000000000000000e+01
4.200000000000000000e+01
4.200000000000000000e+01
5.000000000000000000e+01
5.700000000000000000e+01
6.600000000000000000e+01
7.300000000000000000e+01
7.300000000000000000e+01
8.100000000000000000e+01
8.900000000000000000e+01
9.600000000000000000e+01
1.020000000000000000e+02
1.020000000000000000e+02
1.140000000000000000e+02
1.240000000000000000e+02
1.320000000000000000e+02
1.320000000000000000e+02
1.380000000000000000e+02
1.470000000000000000e+02
1.550000000000000000e+02
1.590000000000000000e+02
1.590000000000000000e+02
1.650000000000000000e+02
1.720000000000000000e+02
1.800000000000000000e+02
1.800000000000000000e+02
1.860000000000000000e+02
1.910000000000000000e+02
1.960000000000000000e+02
2.090000000000000000e+02
2.090000000000000000e+02
2.130000000000000000e+02
2.210000000000000000e+02
2.310000000000000000e+02
2.310000000000000000e+02
2.390000000000000000e+02
2.390000000000000000e+02
2.390000000000000000e+02
2.390000000000000000e+02
2.390000000000000000e+02
2.390000000000000000e+02
2.390000000000000000e+02
2.390000000000000000e+02
2.390000000000000000e+02
2.390000000000000000e+02
2.390000000000000000e+02
2.390000000000000000e+02
2.390000000000000000e+02
2.390000000000000000e+02
2.390000000000000000e+02
2.390000000000000000e+02
2.390000000000000000e+02
2.390000000000000000e+02
2.390000000000000000e+02
2.390000000000000000e+02
2.390000000000000000e+02
2.390000000000000000e+02
2.390000000000000000e+02
2.390000000000000000e+02
2.380000000000000000e+02
2.370000000000000000e+02
2.330000000000000000e+02
2.320000000000000000e+02
2.300000000000000000e+02
2.280000000000000000e+02
2.270000000000000000e+02
2.250000000000000000e+02
2.230000000000000000e+02
2.230000000000000000e+02
2.200000000000000000e+02
2.170000000000000000e+02
2.160000000000000000e+02
2.130000000000000000e+02
2.110000000000000000e+02
2.100000000000000000e+02
2.070000000000000000e+02
2.010000000000000000e+02
1.960000000000000000e+02
1.940000000000000000e+02
1.890000000000000000e+02
1.830000000000000000e+02
1.790000000000000000e+02
1.730000000000000000e+02
1.710000000000000000e+02
1.690000000000000000e+02
1.630000000000000000e+02
1.570000000000000000e+02
1.520000000000000000e+02
1.490000000000000000e+02
1.430000000000000000e+02
1.390000000000000000e+02
1.320000000000000000e+02
1.250000000000000000e+02
1.230000000000000000e+02
1.160000000000000000e+02
1.050000000000000000e+02
1.020000000000000000e+02
9.500000000000000000e+01
9.000000000000000000e+01
