0.000000000000000000e+00
0.000000000000000000e+00
0.000000000000000000e+00
0.000000000000000000e+00
0.000000000000000000e+00
0.000000000000000000e+00
0.000000000000000000e+00
0.000000000000000000e+00
0.000000000000000000e+00
0.000000000000000000e+00
0.000000000000000000e+00
0.000000000000000000e+00
0.000000000000000000e+00
0.000000000000000000e+00
0.000000000000000000e+00
0.000000000000000000e+00
0.000000000000000000e+00
0.000000000000000000e+00
0.000000000000000000e+00
0.000000000000000000e+00
0.000000000000000000e+00
0.000000000000000000e+00
0.000000000000000000e+00
0.000000000000000000e+00
0.000000000000000000e+00
6.000000000000000000e+00
2.000000000000000000e+01
2.000000000000000000e+01
2.600000000000000000e+01
3.100000000000000000e+01
3.400000000000000000e+01
3.400000000000000000e+01
4.500000000000000000e+01
5.500000000000000000e+01
6.100000000000000000e+01
7.600000000000000000e+01
7.600000000000000000e+01
8.200000000000000000e+01
8.500000000000000000e+01
8.800000000000000000e+01
9.700000000000000000e+01
9.700000000000000000e+01
1.050000000000000000e+02
1.170000000000000000e+02
1.210000000000000000e+02
1.210000000000000000e+02
1.230000000000000000e+02
1.290000000000000000e+02
1.370000000000000000e+02
1.450000000000000000e+02
1.450000000000000000e+02
1.520000000000000000e+02
1.600000000000000000e+02
1.660000000000000000e+02
1.660000000000000000e+02
1.700000000000000000e+02
1.780000000000000000e+02
1.870000000000000000e+02
1.920000000000000000e+02
1.920000000000000000e+02
2.010000000000000000e+02
2.120000000000000000e+02
2.230000000000000000e+02
2.230000000000000000e+02
2.300000000000000000e+02
2.300000000000000000e+02
2.300000000000000000e+02
2.300000000000000000e+02
2.300000000000000000e+02
2.300000000000000000e+02
2.300000000000000000e+02
2.300000000000000000e+02
2.300000000000000000e+02
2.300000000000000000e+02
2.300000000000000000e+02
2.300000000000000000e+02
2.300000000000000000e+02
2.300000000000000000e+02
2.300000000000000000e+02
2.300000000000000000e+02
2.300000000000000000e+02
2.300000000000000000e+02
2.300000000000000000e+02
2.300000000000000000e+02
2.300000000000000000e+02
2.300000000000000000e+02
2.300000000000000000e+02
2.300000000000000000e+02
2.300000000000000000e+02
2.300000000000000000e+02
2.300000000000000000e+02
2.290000000000000000e+02
2.290000000000000000e+02
2.290000000000000000e+02
2.290000000000000000e+02
2.290000000000000000e+02
2.260000000000000000e+02
2.250000000000000000e+02
2.210000000000000000e+02
2.190000000000000000e+02
2.160000000000000000e+02
2.140000000000000000e+02
2.110000000000000000e+02
2.110000000000000000e+02
2.090000000000000000e+02
2.080000000000000000e+02
2.060000000000000000e+02
2.020000000000000000e+02
1.990000000000000000e+02
1.910000000000000000e+02
1.890000000000000000e+02
1.830000000000000000e+02
1.780000000000000000e+02
1.770000000000000000e+02
1.760000000000000000e+02
1.680000000000000000e+02
1.620000000000000000e+02
1.580000000000000000e+02
1.500000000000000000e+02
1.450000000000000000e+02
1.410000000000000000e+02
1.340000000000000000e+02
1.330000000000000000e+02
1.240000000000000000e+02
1.200000000000000000e+02
1.140000000000000000e+02
1.090000000000000000e+02
1.070000000000000000e+02
