7.000000000000000000e+00
8.000000000000000000e+00
8.000000000000000000e+00
1.000000000000000000e+01
1.000000000000000000e+01
1.000000000000000000e+01
1.100000000000000000e+01
1.100000000000000000e+01
1.100000000000000000e+01
1.100000000000000000e+01
1.200000000000000000e+01
1.700000000000000000e+01
2.200000000000000000e+01
2.200000000000000000e+01
3.000000000000000000e+01
3.900000000000000000e+01
4.500000000000000000e+01
5.000000000000000000e+01
5.000000000000000000e+01
5.600000000000000000e+01
6.700000000000000000e+01
7.700000000000000000e+01
7.700000000000000000e+01
8.800000000000000000e+01
9.400000000000000000e+01
1.060000000000000000e+02
1.140000000000000000e+02
1.140000000000000000e+02
1.200000000000000000e+02
1.320000000000000000e+02
1.390000000000000000e+02
1.390000000000000000e+02
1.430000000000000000e+02
1.540000000000000000e+02
1.600000000000000000e+02
1.680000000000000000e+02
1.680000000000000000e+02
1.760000000000000000e+02
1.840000000000000000e+02
1.900000000000000000e+02
1.940000000000000000e+02
1.940000000000000000e+02
1.960000000000000000e+02
2.030000000000000000e+02
2.090000000000000000e+02
2.090000000000000000e+02
2.150000000000000000e+02
2.270000000000000000e+02
2.360000000000000000e+02
2.400000000000000000e+02
2.400000000000000000e+02
2.460000000000000000e+02
2.550000000000000000e+02
2.640000000000000000e+02
2.640000000000000000e+02
2.710000000000000000e+02
2.730000000000000000e+02
2.780000000000000000e+02
2.860000000000000000e+02
2.860000000000000000e+02
2.980000000000000000e+02
3.040000000000000000e+02
3.090000000000000000e+02
3.090000000000000000e+02
3.150000000000000000e+02
3.150000000000000000e+02
3.150000000000000000e+02
3.150000000000000000e+02
3.150000000000000000e+02
3.150000000000000000e+02
3.150000000000000000e+02
3.150000000000000000e+02
3.150000000000000000e+02
3.150000000000000000e+02
3.150000000000000000e+02
3.150000000000000000e+02
3.150000000000000000e+02
3.150000000000000000e+02
3.150000000000000000e+02
3.150000000000000000e+02
3.140000000000000000e+02
3.130000000000000000e+02
3.130000000000000000e+02
3.110000000000000000e+02
3.080000000000000000e+02
3.050000000000000000e+02
3.010000000000000000e+02
3.000000000000000000e+02
3.000000000000000000e+02
2.990000000000000000e+02
2.920000000000000000e+02
2.900000000000000000e+02
2.830000000000000000e+02
2.740000000000000000e+02
2.680000000000000000e+02
2.630000000000000000e+02
2.580000000000000000e+02
2.550000000000000000e+02
2.460000000000000000e+02
2.430000000000000000e+02
2.390000000000000000e+02
2.350000000000000000e+02
2.300000000000000000e+02
2.290000000000000000e+02
2.230000000000000000e+02
2.160000000000000000e+02
2.120000000000000000e+02
2.080000000000000000e+02
2.040000000000000000e+02
2.020000000000000000e+02
1.920000000000000000e+02
1.850000000000000000e+02
1.780000000000000000e+02
1.710000000000000000e+02
1.690000000000000000e+02
1.660000000000000000e+02
1.610000000000000000e+02
1.560000000000000000e+02
1.490000000000000000e+02
1.440000000000000000e+02
1.400000000000000000e+02
1.390000000000000000e+02
1.340000000000000000e+02
1.290000000000000000e+02
1.270000000000000000e+02
1.190000000000000000e+02
1.180000000000000000e+02
1.060000000000000000e+02
