0.000000000000000000e+00
0.000000000000000000e+00
0.000000000000000000e+00
0.000000000000000000e+00
0.000000000000000000e+00
0.000000000000000000e+00
0.000000000000000000e+00
0.000000000000000000e+00
0.000000000000000000e+00
0.000000000000000000e+00
0.000000000000000000e+00
0.000000000000000000e+00
0.000000000000000000e+00
0.000000000000000000e+00
0.000000000000000000e+00
0.000000000000000000e+00
3.000000000000000000e+00
1.100000000000000000e+01
1.100000000000000000e+01
1.700000000000000000e+01
2.500000000000000000e+01
3.000000000000000000e+01
3.000000000000000000e+01
3.900000000000000000e+01
4.700000000000000000e+01
5.400000000000000000e+01
5.700000000000000000e+01
5.700000000000000000e+01
6.400000000000000000e+01
7.000000000000000000e+01
7.500000000000000000e+01
7.500000000000000000e+01
8.600000000000000000e+01
9.800000000000000000e+01
1.030000000000000000e+02
1.130000000000000000e+02
1.130000000000000000e+02
1.200000000000000000e+02
1.240000000000000000e+02
1.290000000000000000e+02
1.380000000000000000e+02
1.380000000000000000e+02
1.450000000000000000e+02
1.530000000000000000e+02
1.630000000000000000e+02
1.630000000000000000e+02
1.690000000000000000e+02
1.730000000000000000e+02
1.770000000000000000e+02
1.890000000000000000e+02
1.890000000000000000e+02
1.940000000000000000e+02
2.020000000000000000e+02
2.120000000000000000e+02
2.120000000000000000e+02
2.190000000000000000e+02
2.280000000000000000e+02
2.390000000000000000e+02
2.530000000000000000e+02
2.530000000000000000e+02
2.690000000000000000e+02
2.740000000000000000e+02
2.840000000000000000e+02
2.840000000000000000e+02
2.930000000000000000e+02
2.930000000000000000e+02
2.930000000000000000e+02
2.930000000000000000e+02
2.930000000000000000e+02
2.930000000000000000e+02
2.930000000000000000e+02
2.930000000000000000e+02
2.930000000000000000e+02
2.930000000000000000e+02
2.930000000000000000e+02
2.930000000000000000e+02
2.930000000000000000e+02
2.930000000000000000e+02
2.930000000000000000e+02
2.930000000000000000e+02
2.930000000000000000e+02
2.930000000000000000e+02
2.910000000000000000e+02
2.900000000000000000e+02
2.880000000000000000e+02
2.870000000000000000e+02
2.850000000000000000e+02
2.810000000000000000e+02
2.800000000000000000e+02
2.800000000000000000e+02
2.800000000000000000e+02
2.780000000000000000e+02
2.760000000000000000e+02
2.740000000000000000e+02
2.730000000000000000e+02
2.710000000000000000e+02
2.660000000000000000e+02
2.630000000000000000e+02
2.610000000000000000e+02
2.580000000000000000e+02
2.560000000000000000e+02
2.490000000000000000e+02
2.400000000000000000e+02
2.390000000000000000e+02
2.320000000000000000e+02
2.310000000000000000e+02
2.260000000000000000e+02
2.230000000000000000e+02
2.200000000000000000e+02
2.160000000000000000e+02
2.090000000000000000e+02
2.070000000000000000e+02
2.020000000000000000e+02
1.980000000000000000e+02
1.940000000000000000e+02
1.910000000000000000e+02
1.820000000000000000e+02
1.740000000000000000e+02
1.700000000000000000e+02
1.680000000000000000e+02
1.600000000000000000e+02
1.560000000000000000e+02
1.520000000000000000e+02
1.500000000000000000e+02
1.450000000000000000e+02
1.400000000000000000e+02
1.320000000000000000e+02
1.270000000000000000e+02
