0.000000000000000000e+00
0.000000000000000000e+00
0.000000000000000000e+00
0.000000000000000000e+00
0.000000000000000000e+00
0.000000000000000000e+00
0.000000000000000000e+00
0.000000000000000000e+00
0.000000000000000000e+00
0.000000000000000000e+00
0.000000000000000000e+00
0.000000000000000000e+00
1.000000000000000000e+00
1.000000000000000000e+00
1.000000000000000000e+00
1.200000000000000000e+01
1.500000000000000000e+01
2.500000000000000000e+01
2.500000000000000000e+01
3.100000000000000000e+01
4.000000000000000000e+01
4.700000000000000000e+01
4.700000000000000000e+01
4.900000000000000000e+01
5.100000000000000000e+01
5.900000000000000000e+01
6.600000000000000000e+01
6.600000000000000000e+01
7.300000000000000000e+01
8.000000000000000000e+01
9.600000000000000000e+01
9.600000000000000000e+01
1.030000000000000000e+02
1.080000000000000000e+02
1.160000000000000000e+02
1.270000000000000000e+02
1.270000000000000000e+02
1.390000000000000000e+02
1.450000000000000000e+02
1.530000000000000000e+02
1.560000000000000000e+02
1.560000000000000000e+02
1.650000000000000000e+02
1.750000000000000000e+02
1.810000000000000000e+02
1.810000000000000000e+02
1.860000000000000000e+02
1.900000000000000000e+02
2.010000000000000000e+02
2.040000000000000000e+02
2.040000000000000000e+02
2.130000000000000000e+02
2.190000000000000000e+02
2.230000000000000000e+02
2.230000000000000000e+02
2.350000000000000000e+02
2.400000000000000000e+02
2.490000000000000000e+02
2.560000000000000000e+02
2.560000000000000000e+02
2.670000000000000000e+02
2.750000000000000000e+02
2.870000000000000000e+02
2.870000000000000000e+02
2.950000000000000000e+02
2.950000000000000000e+02
2.950000000000000000e+02
2.950000000000000000e+02
2.950000000000000000e+02
2.950000000000000000e+02
2.950000000000000000e+02
2.950000000000000000e+02
2.950000000000000000e+02
2.950000000000000000e+02
2.950000000000000000e+02
2.950000000000000000e+02
2.950000000000000000e+02
2.950000000000000000e+02
2.950000000000000000e+02
2.940000000000000000e+02
2.940000000000000000e+02
2.940000000000000000e+02
2.940000000000000000e+02
2.930000000000000000e+02
2.920000000000000000e+02
2.890000000000000000e+02
2.890000000000000000e+02
2.860000000000000000e+02
2.850000000000000000e+02
2.840000000000000000e+02
2.820000000000000000e+02
2.810000000000000000e+02
2.780000000000000000e+02
2.760000000000000000e+02
2.730000000000000000e+02
2.680000000000000000e+02
2.630000000000000000e+02
2.580000000000000000e+02
2.540000000000000000e+02
2.510000000000000000e+02
2.480000000000000000e+02
2.470000000000000000e+02
2.440000000000000000e+02
2.360000000000000000e+02
2.270000000000000000e+02
2.230000000000000000e+02
2.230000000000000000e+02
2.190000000000000000e+02
2.150000000000000000e+02
2.130000000000000000e+02
2.080000000000000000e+02
2.020000000000000000e+02
1.970000000000000000e+02
1.910000000000000000e+02
1.860000000000000000e+02
1.810000000000000000e+02
1.740000000000000000e+02
1.670000000000000000e+02
1.630000000000000000e+02
1.600000000000000000e+02
1.520000000000000000e+02
1.490000000000000000e+02
1.430000000000000000e+02
1.380000000000000000e+02
1.310000000000000000e+02
1.260000000000000000e+02
1.180000000000000000e+02
1.130000000000000000e+02
