0.000000000000000000e+00
0.000000000000000000e+00
0.000000000000000000e+00
0.000000000000000000e+00
0.000000000000000000e+00
0.000000000000000000e+00
0.000000000000000000e+00
0.000000000000000000e+00
0.000000000000000000e+00
0.000000000000000000e+00
0.000000000000000000e+00
0.000000000000000000e+00
1.000000000000000000e+00
1.000000000000000000e+00
1.000000000000000000e+00
1.000000000000000000e+00
9.000000000000000000e+00
2.400000000000000000e+01
2.400000000000000000e+01
3.300000000000000000e+01
3.800000000000000000e+01
4.500000000000000000e+01
4.500000000000000000e+01
5.200000000000000000e+01
6.500000000000000000e+01
7.500000000000000000e+01
8.100000000000000000e+01
8.100000000000000000e+01
8.600000000000000000e+01
9.700000000000000000e+01
1.050000000000000000e+02
1.050000000000000000e+02
1.120000000000000000e+02
1.200000000000000000e+02
1.280000000000000000e+02
1.360000000000000000e+02
1.360000000000000000e+02
1.440000000000000000e+02
1.520000000000000000e+02
1.630000000000000000e+02
1.700000000000000000e+02
1.700000000000000000e+02
1.720000000000000000e+02
1.780000000000000000e+02
1.860000000000000000e+02
1.860000000000000000e+02
1.920000000000000000e+02
2.030000000000000000e+02
2.110000000000000000e+02
2.230000000000000000e+02
2.230000000000000000e+02
2.310000000000000000e+02
2.360000000000000000e+02
2.480000000000000000e+02
2.480000000000000000e+02
2.540000000000000000e+02
2.590000000000000000e+02
2.680000000000000000e+02
2.760000000000000000e+02
2.760000000000000000e+02
2.810000000000000000e+02
2.860000000000000000e+02
2.990000000000000000e+02
2.990000000000000000e+02
3.070000000000000000e+02
3.070000000000000000e+02
3.070000000000000000e+02
3.070000000000000000e+02
3.070000000000000000e+02
3.070000000000000000e+02
3.070000000000000000e+02
3.070000000000000000e+02
3.070000000000000000e+02
3.070000000000000000e+02
3.070000000000000000e+02
3.070000000000000000e+02
3.070000000000000000e+02
3.070000000000000000e+02
3.070000000000000000e+02
3.070000000000000000e+02
3.070000000000000000e+02
3.040000000000000000e+02
3.040000000000000000e+02
3.030000000000000000e+02
3.010000000000000000e+02
3.010000000000000000e+02
2.980000000000000000e+02
2.970000000000000000e+02
2.930000000000000000e+02
2.890000000000000000e+02
2.880000000000000000e+02
2.870000000000000000e+02
2.860000000000000000e+02
2.820000000000000000e+02
2.770000000000000000e+02
2.700000000000000000e+02
2.640000000000000000e+02
2.600000000000000000e+02
2.550000000000000000e+02
2.490000000000000000e+02
2.420000000000000000e+02
2.380000000000000000e+02
2.340000000000000000e+02
2.300000000000000000e+02
2.290000000000000000e+02
2.210000000000000000e+02
2.160000000000000000e+02
2.140000000000000000e+02
2.090000000000000000e+02
2.090000000000000000e+02
2.060000000000000000e+02
2.010000000000000000e+02
1.940000000000000000e+02
1.840000000000000000e+02
1.800000000000000000e+02
1.760000000000000000e+02
1.680000000000000000e+02
1.620000000000000000e+02
1.620000000000000000e+02
1.570000000000000000e+02
1.530000000000000000e+02
1.500000000000000000e+02
1.460000000000000000e+02
1.430000000000000000e+02
1.370000000000000000e+02
1.330000000000000000e+02
1.260000000000000000e+02
1.240000000000000000e+02
