0.000000000000000000e+00
0.000000000000000000e+00
0.000000000000000000e+00
0.000000000000000000e+00
0.000000000000000000e+00
0.000000000000000000e+00
0.000000000000000000e+00
0.000000000000000000e+00
1.000000000000000000e+00
1.000000000000000000e+00
7.000000000000000000e+00
1.100000000000000000e+01
2.600000000000000000e+01
2.600000000000000000e+01
3.100000000000000000e+01
3.500000000000000000e+01
4.100000000000000000e+01
4.500000000000000000e+01
4.500000000000000000e+01
5.600000000000000000e+01
6.200000000000000000e+01
7.200000000000000000e+01
7.200000000000000000e+01
8.100000000000000000e+01
9.000000000000000000e+01
9.700000000000000000e+01
1.020000000000000000e+02
1.020000000000000000e+02
1.090000000000000000e+02
1.160000000000000000e+02
1.180000000000000000e+02
1.180000000000000000e+02
1.260000000000000000e+02
1.320000000000000000e+02
1.450000000000000000e+02
1.510000000000000000e+02
1.510000000000000000e+02
1.590000000000000000e+02
1.650000000000000000e+02
1.740000000000000000e+02
1.810000000000000000e+02
1.810000000000000000e+02
1.860000000000000000e+02
1.940000000000000000e+02
1.980000000000000000e+02
1.980000000000000000e+02
2.070000000000000000e+02
2.110000000000000000e+02
2.170000000000000000e+02
2.240000000000000000e+02
2.240000000000000000e+02
2.280000000000000000e+02
2.390000000000000000e+02
2.450000000000000000e+02
2.450000000000000000e+02
2.490000000000000000e+02
2.570000000000000000e+02
2.700000000000000000e+02
2.760000000000000000e+02
2.760000000000000000e+02
2.860000000000000000e+02
2.970000000000000000e+02
3.100000000000000000e+02
3.100000000000000000e+02
3.180000000000000000e+02
3.180000000000000000e+02
3.180000000000000000e+02
3.180000000000000000e+02
3.180000000000000000e+02
3.180000000000000000e+02
3.180000000000000000e+02
3.180000000000000000e+02
3.180000000000000000e+02
3.180000000000000000e+02
3.170000000000000000e+02
3.170000000000000000e+02
3.170000000000000000e+02
3.170000000000000000e+02
3.160000000000000000e+02
3.140000000000000000e+02
3.140000000000000000e+02
3.130000000000000000e+02
3.100000000000000000e+02
3.060000000000000000e+02
3.030000000000000000e+02
3.010000000000000000e+02
2.980000000000000000e+02
2.950000000000000000e+02
2.950000000000000000e+02
2.910000000000000000e+02
2.850000000000000000e+02
2.830000000000000000e+02
2.830000000000000000e+02
2.800000000000000000e+02
2.780000000000000000e+02
2.770000000000000000e+02
2.730000000000000000e+02
2.700000000000000000e+02
2.670000000000000000e+02
2.610000000000000000e+02
2.580000000000000000e+02
2.560000000000000000e+02
2.520000000000000000e+02
2.510000000000000000e+02
2.440000000000000000e+02
2.360000000000000000e+02
2.340000000000000000e+02
2.300000000000000000e+02
2.260000000000000000e+02
2.190000000000000000e+02
2.120000000000000000e+02
2.090000000000000000e+02
2.030000000000000000e+02
1.980000000000000000e+02
1.940000000000000000e+02
1.920000000000000000e+02
1.910000000000000000e+02
1.860000000000000000e+02
1.820000000000000000e+02
1.800000000000000000e+02
1.730000000000000000e+02
1.680000000000000000e+02
1.550000000000000000e+02
1.500000000000000000e+02
1.440000000000000000e+02
1.370000000000000000e+02
1.330000000000000000e+02
1.300000000000000000e+02
