0.000000000000000000e+00
0.000000000000000000e+00
0.000000000000000000e+00
0.000000000000000000e+00
0.000000000000000000e+00
0.000000000000000000e+00
0.000000000000000000e+00
0.000000000000000000e+00
0.000000000000000000e+00
0.000000000000000000e+00
0.000000000000000000e+00
0.000000000000000000e+00
0.000000000000000000e+00
0.000000000000000000e+00
3.000000000000000000e+00
1.000000000000000000e+01
1.300000000000000000e+01
1.800000000000000000e+01
1.800000000000000000e+01
2.300000000000000000e+01
3.000000000000000000e+01
4.500000000000000000e+01
4.500000000000000000e+01
5.500000000000000000e+01
6.400000000000000000e+01
7.100000000000000000e+01
8.200000000000000000e+01
8.200000000000000000e+01
8.200000000000000000e+01
8.400000000000000000e+01
9.300000000000000000e+01
9.300000000000000000e+01
1.020000000000000000e+02
1.120000000000000000e+02
1.190000000000000000e+02
1.260000000000000000e+02
1.260000000000000000e+02
1.330000000000000000e+02
1.430000000000000000e+02
1.490000000000000000e+02
1.610000000000000000e+02
1.610000000000000000e+02
1.670000000000000000e+02
1.710000000000000000e+02
1.820000000000000000e+02
1.820000000000000000e+02
1.870000000000000000e+02
1.940000000000000000e+02
2.070000000000000000e+02
2.140000000000000000e+02
2.140000000000000000e+02
2.250000000000000000e+02
2.320000000000000000e+02
2.450000000000000000e+02
2.450000000000000000e+02
2.520000000000000000e+02
2.660000000000000000e+02
2.730000000000000000e+02
2.800000000000000000e+02
2.800000000000000000e+02
2.890000000000000000e+02
2.950000000000000000e+02
3.020000000000000000e+02
3.020000000000000000e+02
3.100000000000000000e+02
3.100000000000000000e+02
3.100000000000000000e+02
3.100000000000000000e+02
3.100000000000000000e+02
3.100000000000000000e+02
3.100000000000000000e+02
3.100000000000000000e+02
3.100000000000000000e+02
3.100000000000000000e+02
3.100000000000000000e+02
3.100000000000000000e+02
3.100000000000000000e+02
3.100000000000000000e+02
3.090000000000000000e+02
3.090000000000000000e+02
3.090000000000000000e+02
3.090000000000000000e+02
3.080000000000000000e+02
3.060000000000000000e+02
3.060000000000000000e+02
3.040000000000000000e+02
2.980000000000000000e+02
2.960000000000000000e+02
2.940000000000000000e+02
2.920000000000000000e+02
2.900000000000000000e+02
2.870000000000000000e+02
2.840000000000000000e+02
2.840000000000000000e+02
2.820000000000000000e+02
2.780000000000000000e+02
2.730000000000000000e+02
2.670000000000000000e+02
2.670000000000000000e+02
2.640000000000000000e+02
2.630000000000000000e+02
2.570000000000000000e+02
2.530000000000000000e+02
2.520000000000000000e+02
2.460000000000000000e+02
2.430000000000000000e+02
2.410000000000000000e+02
2.350000000000000000e+02
2.310000000000000000e+02
2.230000000000000000e+02
2.230000000000000000e+02
2.170000000000000000e+02
2.110000000000000000e+02
2.050000000000000000e+02
2.040000000000000000e+02
1.950000000000000000e+02
1.930000000000000000e+02
1.860000000000000000e+02
1.820000000000000000e+02
1.770000000000000000e+02
1.710000000000000000e+02
1.670000000000000000e+02
1.600000000000000000e+02
1.510000000000000000e+02
1.460000000000000000e+02
1.400000000000000000e+02
1.300000000000000000e+02
1.220000000000000000e+02
