0.000000000000000000e+00
0.000000000000000000e+00
0.000000000000000000e+00
0.000000000000000000e+00
0.000000000000000000e+00
0.000000000000000000e+00
0.000000000000000000e+00
0.000000000000000000e+00
0.000000000000000000e+00
0.000000000000000000e+00
0.000000000000000000e+00
0.000000000000000000e+00
0.000000000000000000e+00
0.000000000000000000e+00
3.000000000000000000e+00
5.000000000000000000e+00
1.200000000000000000e+01
2.500000000000000000e+01
2.500000000000000000e+01
2.800000000000000000e+01
3.200000000000000000e+01
4.100000000000000000e+01
4.100000000000000000e+01
4.900000000000000000e+01
5.600000000000000000e+01
6.500000000000000000e+01
7.900000000000000000e+01
7.900000000000000000e+01
8.300000000000000000e+01
9.000000000000000000e+01
9.600000000000000000e+01
9.600000000000000000e+01
1.050000000000000000e+02
1.100000000000000000e+02
1.200000000000000000e+02
1.310000000000000000e+02
1.310000000000000000e+02
1.410000000000000000e+02
1.470000000000000000e+02
1.570000000000000000e+02
1.660000000000000000e+02
1.660000000000000000e+02
1.720000000000000000e+02
1.810000000000000000e+02
1.850000000000000000e+02
1.850000000000000000e+02
1.900000000000000000e+02
1.940000000000000000e+02
2.010000000000000000e+02
2.070000000000000000e+02
2.070000000000000000e+02
2.180000000000000000e+02
2.260000000000000000e+02
2.390000000000000000e+02
2.390000000000000000e+02
2.490000000000000000e+02
2.540000000000000000e+02
2.600000000000000000e+02
2.740000000000000000e+02
2.740000000000000000e+02
2.820000000000000000e+02
2.840000000000000000e+02
2.950000000000000000e+02
2.950000000000000000e+02
3.030000000000000000e+02
3.030000000000000000e+02
3.030000000000000000e+02
3.030000000000000000e+02
3.030000000000000000e+02
3.030000000000000000e+02
3.030000000000000000e+02
3.030000000000000000e+02
3.030000000000000000e+02
3.030000000000000000e+02
3.030000000000000000e+02
3.030000000000000000e+02
3.030000000000000000e+02
3.030000000000000000e+02
3.030000000000000000e+02
3.030000000000000000e+02
3.030000000000000000e+02
3.000000000000000000e+02
2.990000000000000000e+02
2.980000000000000000e+02
2.980000000000000000e+02
2.970000000000000000e+02
2.950000000000000000e+02
2.950000000000000000e+02
2.940000000000000000e+02
2.920000000000000000e+02
2.880000000000000000e+02
2.850000000000000000e+02
2.820000000000000000e+02
2.790000000000000000e+02
2.740000000000000000e+02
2.710000000000000000e+02
2.660000000000000000e+02
2.620000000000000000e+02
2.580000000000000000e+02
2.540000000000000000e+02
2.510000000000000000e+02
2.440000000000000000e+02
2.340000000000000000e+02
2.330000000000000000e+02
2.270000000000000000e+02
2.240000000000000000e+02
2.220000000000000000e+02
2.190000000000000000e+02
2.140000000000000000e+02
2.070000000000000000e+02
2.040000000000000000e+02
2.020000000000000000e+02
1.980000000000000000e+02
1.940000000000000000e+02
1.910000000000000000e+02
1.890000000000000000e+02
1.820000000000000000e+02
1.750000000000000000e+02
1.680000000000000000e+02
1.640000000000000000e+02
1.590000000000000000e+02
1.540000000000000000e+02
1.470000000000000000e+02
1.430000000000000000e+02
1.350000000000000000e+02
1.330000000000000000e+02
1.250000000000000000e+02
1.180000000000000000e+02
