0.000000000000000000e+00
0.000000000000000000e+00
0.000000000000000000e+00
0.000000000000000000e+00
0.000000000000000000e+00
0.000000000000000000e+00
0.000000000000000000e+00
0.000000000000000000e+00
0.000000000000000000e+00
0.000000000000000000e+00
5.000000000000000000e+00
1.100000000000000000e+01
2.100000000000000000e+01
2.100000000000000000e+01
2.900000000000000000e+01
3.200000000000000000e+01
4.300000000000000000e+01
5.200000000000000000e+01
5.200000000000000000e+01
6.300000000000000000e+01
6.800000000000000000e+01
8.000000000000000000e+01
8.000000000000000000e+01
8.500000000000000000e+01
9.900000000000000000e+01
1.070000000000000000e+02
1.130000000000000000e+02
1.130000000000000000e+02
1.210000000000000000e+02
1.330000000000000000e+02
1.360000000000000000e+02
1.360000000000000000e+02
1.410000000000000000e+02
1.490000000000000000e+02
1.570000000000000000e+02
1.650000000000000000e+02
1.650000000000000000e+02
1.710000000000000000e+02
1.830000000000000000e+02
1.920000000000000000e+02
1.970000000000000000e+02
1.970000000000000000e+02
2.080000000000000000e+02
2.160000000000000000e+02
2.240000000000000000e+02
2.240000000000000000e+02
2.280000000000000000e+02
2.310000000000000000e+02
2.400000000000000000e+02
2.450000000000000000e+02
2.450000000000000000e+02
2.560000000000000000e+02
2.630000000000000000e+02
2.690000000000000000e+02
2.690000000000000000e+02
2.730000000000000000e+02
2.800000000000000000e+02
2.870000000000000000e+02
2.980000000000000000e+02
2.980000000000000000e+02
3.060000000000000000e+02
3.180000000000000000e+02
3.230000000000000000e+02
3.230000000000000000e+02
3.300000000000000000e+02
3.300000000000000000e+02
3.300000000000000000e+02
3.300000000000000000e+02
3.300000000000000000e+02
3.300000000000000000e+02
3.300000000000000000e+02
3.300000000000000000e+02
3.300000000000000000e+02
3.300000000000000000e+02
3.300000000000000000e+02
3.290000000000000000e+02
3.290000000000000000e+02
3.280000000000000000e+02
3.280000000000000000e+02
3.270000000000000000e+02
3.250000000000000000e+02
3.240000000000000000e+02
3.190000000000000000e+02
3.160000000000000000e+02
3.130000000000000000e+02
3.120000000000000000e+02
3.090000000000000000e+02
3.050000000000000000e+02
2.990000000000000000e+02
2.970000000000000000e+02
2.920000000000000000e+02
2.890000000000000000e+02
2.880000000000000000e+02
2.820000000000000000e+02
2.770000000000000000e+02
2.730000000000000000e+02
2.710000000000000000e+02
2.680000000000000000e+02
2.660000000000000000e+02
2.610000000000000000e+02
2.540000000000000000e+02
2.490000000000000000e+02
2.400000000000000000e+02
2.350000000000000000e+02
2.300000000000000000e+02
2.270000000000000000e+02
2.190000000000000000e+02
2.150000000000000000e+02
2.050000000000000000e+02
2.010000000000000000e+02
1.940000000000000000e+02
1.900000000000000000e+02
1.840000000000000000e+02
1.800000000000000000e+02
1.710000000000000000e+02
1.680000000000000000e+02
1.610000000000000000e+02
1.540000000000000000e+02
1.500000000000000000e+02
1.490000000000000000e+02
1.480000000000000000e+02
1.430000000000000000e+02
1.360000000000000000e+02
1.320000000000000000e+02
1.250000000000000000e+02
1.220000000000000000e+02
1.150000000000000000e+02
1.110000000000000000e+02
