0.000000000000000000e+00
0.000000000000000000e+00
0.000000000000000000e+00
0.000000000000000000e+00
0.000000000000000000e+00
0.000000000000000000e+00
0.000000000000000000e+00
0.000000000000000000e+00
0.000000000000000000e+00
0.000000000000000000e+00
0.000000000000000000e+00
0.000000000000000000e+00
0.000000000000000000e+00
0.000000000000000000e+00
0.000000000000000000e+00
0.000000000000000000e+00
0.000000000000000000e+00
0.000000000000000000e+00
0.000000000000000000e+00
0.000000000000000000e+00
0.000000000000000000e+00
0.000000000000000000e+00
0.000000000000000000e+00
5.000000000000000000e+00
1.000000000000000000e+01
1.900000000000000000e+01
3.000000000000000000e+01
3.000000000000000000e+01
3.500000000000000000e+01
4.000000000000000000e+01
4.500000000000000000e+01
4.500000000000000000e+01
5.300000000000000000e+01
5.900000000000000000e+01
6.500000000000000000e+01
7.200000000000000000e+01
7.200000000000000000e+01
8.100000000000000000e+01
8.300000000000000000e+01
9.000000000000000000e+01
1.030000000000000000e+02
1.030000000000000000e+02
1.130000000000000000e+02
1.210000000000000000e+02
1.260000000000000000e+02
1.260000000000000000e+02
1.330000000000000000e+02
1.440000000000000000e+02
1.550000000000000000e+02
1.640000000000000000e+02
1.640000000000000000e+02
1.760000000000000000e+02
1.840000000000000000e+02
1.950000000000000000e+02
1.950000000000000000e+02
2.070000000000000000e+02
2.210000000000000000e+02
2.270000000000000000e+02
2.350000000000000000e+02
2.350000000000000000e+02
2.430000000000000000e+02
2.500000000000000000e+02
2.540000000000000000e+02
2.540000000000000000e+02
2.650000000000000000e+02
2.650000000000000000e+02
2.650000000000000000e+02
2.650000000000000000e+02
2.650000000000000000e+02
2.650000000000000000e+02
2.650000000000000000e+02
2.650000000000000000e+02
2.650000000000000000e+02
2.650000000000000000e+02
2.650000000000000000e+02
2.650000000000000000e+02
2.650000000000000000e+02
2.650000000000000000e+02
2.650000000000000000e+02
2.650000000000000000e+02
2.650000000000000000e+02
2.650000000000000000e+02
2.650000000000000000e+02
2.650000000000000000e+02
2.650000000000000000e+02
2.650000000000000000e+02
2.650000000000000000e+02
2.650000000000000000e+02
2.650000000000000000e+02
2.630000000000000000e+02
2.600000000000000000e+02
2.590000000000000000e+02
2.590000000000000000e+02
2.590000000000000000e+02
2.560000000000000000e+02
2.540000000000000000e+02
2.530000000000000000e+02
2.500000000000000000e+02
2.470000000000000000e+02
2.430000000000000000e+02
2.410000000000000000e+02
2.400000000000000000e+02
2.360000000000000000e+02
2.340000000000000000e+02
2.300000000000000000e+02
2.260000000000000000e+02
2.220000000000000000e+02
2.180000000000000000e+02
2.160000000000000000e+02
2.120000000000000000e+02
2.080000000000000000e+02
2.050000000000000000e+02
2.000000000000000000e+02
1.970000000000000000e+02
1.930000000000000000e+02
1.890000000000000000e+02
1.810000000000000000e+02
1.740000000000000000e+02
1.650000000000000000e+02
1.580000000000000000e+02
1.560000000000000000e+02
1.480000000000000000e+02
1.420000000000000000e+02
1.390000000000000000e+02
1.350000000000000000e+02
1.320000000000000000e+02
1.240000000000000000e+02
1.180000000000000000e+02
