0.000000000000000000e+00
0.000000000000000000e+00
0.000000000000000000e+00
0.000000000000000000e+00
0.000000000000000000e+00
0.000000000000000000e+00
0.000000000000000000e+00
0.000000000000000000e+00
0.000000000000000000e+00
0.000000000000000000e+00
9.000000000000000000e+00
1.500000000000000000e+01
2.600000000000000000e+01
2.600000000000000000e+01
3.100000000000000000e+01
4.000000000000000000e+01
4.500000000000000000e+01
5.600000000000000000e+01
5.600000000000000000e+01
6.500000000000000000e+01
7.400000000000000000e+01
7.700000000000000000e+01
7.700000000000000000e+01
8.300000000000000000e+01
9.100000000000000000e+01
9.800000000000000000e+01
1.090000000000000000e+02
1.090000000000000000e+02
1.160000000000000000e+02
1.210000000000000000e+02
1.330000000000000000e+02
1.330000000000000000e+02
1.490000000000000000e+02
1.630000000000000000e+02
1.720000000000000000e+02
1.790000000000000000e+02
1.790000000000000000e+02
1.900000000000000000e+02
1.980000000000000000e+02
2.040000000000000000e+02
2.100000000000000000e+02
2.100000000000000000e+02
2.140000000000000000e+02
2.180000000000000000e+02
2.270000000000000000e+02
2.270000000000000000e+02
2.340000000000000000e+02
2.420000000000000000e+02
2.490000000000000000e+02
2.530000000000000000e+02
2.530000000000000000e+02
2.660000000000000000e+02
2.770000000000000000e+02
2.860000000000000000e+02
2.860000000000000000e+02
2.930000000000000000e+02
2.970000000000000000e+02
3.070000000000000000e+02
3.120000000000000000e+02
3.120000000000000000e+02
3.160000000000000000e+02
3.180000000000000000e+02
3.270000000000000000e+02
3.270000000000000000e+02
3.330000000000000000e+02
3.330000000000000000e+02
3.330000000000000000e+02
3.330000000000000000e+02
3.330000000000000000e+02
3.330000000000000000e+02
3.330000000000000000e+02
3.330000000000000000e+02
3.330000000000000000e+02
3.330000000000000000e+02
3.320000000000000000e+02
3.300000000000000000e+02
3.300000000000000000e+02
3.290000000000000000e+02
3.270000000000000000e+02
3.260000000000000000e+02
3.230000000000000000e+02
3.210000000000000000e+02
3.190000000000000000e+02
3.180000000000000000e+02
3.120000000000000000e+02
3.090000000000000000e+02
3.070000000000000000e+02
3.050000000000000000e+02
3.030000000000000000e+02
3.000000000000000000e+02
2.960000000000000000e+02
2.930000000000000000e+02
2.900000000000000000e+02
2.880000000000000000e+02
2.840000000000000000e+02
2.820000000000000000e+02
2.800000000000000000e+02
2.750000000000000000e+02
2.700000000000000000e+02
2.670000000000000000e+02
2.620000000000000000e+02
2.560000000000000000e+02
2.520000000000000000e+02
2.500000000000000000e+02
2.450000000000000000e+02
2.380000000000000000e+02
2.320000000000000000e+02
2.250000000000000000e+02
2.210000000000000000e+02
2.160000000000000000e+02
2.070000000000000000e+02
2.030000000000000000e+02
1.970000000000000000e+02
1.890000000000000000e+02
1.830000000000000000e+02
1.740000000000000000e+02
1.660000000000000000e+02
1.600000000000000000e+02
1.570000000000000000e+02
1.500000000000000000e+02
1.440000000000000000e+02
1.380000000000000000e+02
1.350000000000000000e+02
1.320000000000000000e+02
1.300000000000000000e+02
1.250000000000000000e+02
1.150000000000000000e+02
1.110000000000000000e+02
