2.500000000000000000e+01
2.500000000000000000e+01
2.500000000000000000e+01
2.600000000000000000e+01
2.900000000000000000e+01
3.200000000000000000e+01
3.800000000000000000e+01
4.700000000000000000e+01
5.400000000000000000e+01
5.800000000000000000e+01
6.600000000000000000e+01
6.700000000000000000e+01
7.000000000000000000e+01
7.400000000000000000e+01
8.000000000000000000e+01
8.100000000000000000e+01
8.500000000000000000e+01
9.100000000000000000e+01
9.300000000000000000e+01
9.800000000000000000e+01
1.030000000000000000e+02
1.070000000000000000e+02
1.130000000000000000e+02
1.170000000000000000e+02
1.230000000000000000e+02
1.230000000000000000e+02
1.240000000000000000e+02
1.240000000000000000e+02
1.250000000000000000e+02
1.260000000000000000e+02
1.260000000000000000e+02
1.260000000000000000e+02
1.270000000000000000e+02
1.290000000000000000e+02
1.320000000000000000e+02
1.330000000000000000e+02
1.340000000000000000e+02
1.390000000000000000e+02
1.390000000000000000e+02
1.390000000000000000e+02
1.390000000000000000e+02
1.390000000000000000e+02
1.390000000000000000e+02
1.390000000000000000e+02
1.390000000000000000e+02
1.440000000000000000e+02
1.500000000000000000e+02
1.580000000000000000e+02
1.670000000000000000e+02
1.550000000000000000e+02
1.500000000000000000e+02
1.500000000000000000e+02
1.500000000000000000e+02
1.500000000000000000e+02
1.500000000000000000e+02
1.490000000000000000e+02
1.440000000000000000e+02
1.430000000000000000e+02
1.400000000000000000e+02
1.390000000000000000e+02
1.380000000000000000e+02
1.360000000000000000e+02
1.320000000000000000e+02
1.310000000000000000e+02
1.280000000000000000e+02
1.270000000000000000e+02
1.240000000000000000e+02
1.170000000000000000e+02
1.130000000000000000e+02
1.110000000000000000e+02
1.060000000000000000e+02
1.010000000000000000e+02
9.600000000000000000e+01
8.900000000000000000e+01
8.200000000000000000e+01
7.900000000000000000e+01
7.600000000000000000e+01
6.800000000000000000e+01
6.500000000000000000e+01
6.100000000000000000e+01
6.000000000000000000e+01
6.000000000000000000e+01
5.900000000000000000e+01
5.900000000000000000e+01
5.800000000000000000e+01
4.900000000000000000e+01
4.600000000000000000e+01
4.200000000000000000e+01
4.100000000000000000e+01
4.000000000000000000e+01
4.000000000000000000e+01
3.900000000000000000e+01
3.900000000000000000e+01
3.800000000000000000e+01
3.800000000000000000e+01
3.700000000000000000e+01
