2.300000000000000000e+01
2.300000000000000000e+01
2.300000000000000000e+01
2.300000000000000000e+01
2.300000000000000000e+01
2.300000000000000000e+01
2.300000000000000000e+01
2.300000000000000000e+01
2.400000000000000000e+01
2.600000000000000000e+01
2.900000000000000000e+01
3.300000000000000000e+01
4.100000000000000000e+01
4.300000000000000000e+01
4.800000000000000000e+01
5.200000000000000000e+01
5.900000000000000000e+01
6.500000000000000000e+01
7.200000000000000000e+01
7.600000000000000000e+01
8.800000000000000000e+01
9.300000000000000000e+01
1.030000000000000000e+02
1.120000000000000000e+02
1.150000000000000000e+02
1.210000000000000000e+02
1.220000000000000000e+02
1.240000000000000000e+02
1.290000000000000000e+02
1.340000000000000000e+02
1.390000000000000000e+02
1.400000000000000000e+02
1.430000000000000000e+02
1.480000000000000000e+02
1.500000000000000000e+02
1.520000000000000000e+02
1.550000000000000000e+02
1.590000000000000000e+02
1.640000000000000000e+02
1.680000000000000000e+02
1.690000000000000000e+02
1.730000000000000000e+02
1.730000000000000000e+02
1.740000000000000000e+02
1.770000000000000000e+02
1.830000000000000000e+02
1.910000000000000000e+02
1.960000000000000000e+02
1.980000000000000000e+02
1.850000000000000000e+02
1.850000000000000000e+02
1.850000000000000000e+02
1.850000000000000000e+02
1.850000000000000000e+02
1.850000000000000000e+02
1.850000000000000000e+02
1.850000000000000000e+02
1.850000000000000000e+02
1.850000000000000000e+02
1.850000000000000000e+02
1.850000000000000000e+02
1.840000000000000000e+02
1.820000000000000000e+02
1.800000000000000000e+02
1.780000000000000000e+02
1.780000000000000000e+02
1.770000000000000000e+02
1.750000000000000000e+02
1.750000000000000000e+02
1.740000000000000000e+02
1.720000000000000000e+02
1.640000000000000000e+02
1.600000000000000000e+02
1.560000000000000000e+02
1.520000000000000000e+02
1.420000000000000000e+02
1.340000000000000000e+02
1.310000000000000000e+02
1.270000000000000000e+02
1.230000000000000000e+02
1.160000000000000000e+02
1.090000000000000000e+02
1.030000000000000000e+02
1.020000000000000000e+02
9.800000000000000000e+01
9.300000000000000000e+01
8.900000000000000000e+01
8.000000000000000000e+01
7.000000000000000000e+01
6.700000000000000000e+01
6.200000000000000000e+01
5.300000000000000000e+01
4.900000000000000000e+01
3.700000000000000000e+01
3.400000000000000000e+01
3.400000000000000000e+01
