2.600000000000000000e+01
3.100000000000000000e+01
3.400000000000000000e+01
3.500000000000000000e+01
3.600000000000000000e+01
3.900000000000000000e+01
4.000000000000000000e+01
4.100000000000000000e+01
4.100000000000000000e+01
4.100000000000000000e+01
4.100000000000000000e+01
4.100000000000000000e+01
4.100000000000000000e+01
4.100000000000000000e+01
4.100000000000000000e+01
4.100000000000000000e+01
4.100000000000000000e+01
4.100000000000000000e+01
4.100000000000000000e+01
4.100000000000000000e+01
4.100000000000000000e+01
4.100000000000000000e+01
4.400000000000000000e+01
5.200000000000000000e+01
6.600000000000000000e+01
7.400000000000000000e+01
7.900000000000000000e+01
8.600000000000000000e+01
9.900000000000000000e+01
1.060000000000000000e+02
1.130000000000000000e+02
1.140000000000000000e+02
1.190000000000000000e+02
1.220000000000000000e+02
1.250000000000000000e+02
1.320000000000000000e+02
1.390000000000000000e+02
1.440000000000000000e+02
1.460000000000000000e+02
1.530000000000000000e+02
1.610000000000000000e+02
1.620000000000000000e+02
1.650000000000000000e+02
1.690000000000000000e+02
1.750000000000000000e+02
1.820000000000000000e+02
1.910000000000000000e+02
1.950000000000000000e+02
2.140000000000000000e+02
2.140000000000000000e+02
2.140000000000000000e+02
2.140000000000000000e+02
2.140000000000000000e+02
2.140000000000000000e+02
2.140000000000000000e+02
2.010000000000000000e+02
1.890000000000000000e+02
1.790000000000000000e+02
1.730000000000000000e+02
1.730000000000000000e+02
1.730000000000000000e+02
1.730000000000000000e+02
1.730000000000000000e+02
1.730000000000000000e+02
1.730000000000000000e+02
1.730000000000000000e+02
1.730000000000000000e+02
1.730000000000000000e+02
1.730000000000000000e+02
1.730000000000000000e+02
1.730000000000000000e+02
1.730000000000000000e+02
1.720000000000000000e+02
1.680000000000000000e+02
1.660000000000000000e+02
1.650000000000000000e+02
1.640000000000000000e+02
1.610000000000000000e+02
1.570000000000000000e+02
1.540000000000000000e+02
1.480000000000000000e+02
1.460000000000000000e+02
1.410000000000000000e+02
1.380000000000000000e+02
1.350000000000000000e+02
1.330000000000000000e+02
1.310000000000000000e+02
1.290000000000000000e+02
1.250000000000000000e+02
1.250000000000000000e+02
1.220000000000000000e+02
1.200000000000000000e+02
1.200000000000000000e+02
1.200000000000000000e+02
1.180000000000000000e+02
1.070000000000000000e+02
