0.000000000000000000e+00
0.000000000000000000e+00
0.000000000000000000e+00
0.000000000000000000e+00
0.000000000000000000e+00
0.000000000000000000e+00
0.000000000000000000e+00
0.000000000000000000e+00
0.000000000000000000e+00
0.000000000000000000e+00
0.000000000000000000e+00
0.000000000000000000e+00
0.000000000000000000e+00
0.000000000000000000e+00
0.000000000000000000e+00
0.000000000000000000e+00
0.000000000000000000e+00
0.000000000000000000e+00
0.000000000000000000e+00
0.000000000000000000e+00
0.000000000000000000e+00
0.000000000000000000e+00
0.000000000000000000e+00
0.000000000000000000e+00
0.000000000000000000e+00
2.000000000000000000e+00
1.100000000000000000e+01
2.400000000000000000e+01
3.000000000000000000e+01
3.300000000000000000e+01
4.200000000000000000e+01
4.900000000000000000e+01
5.400000000000000000e+01
6.400000000000000000e+01
7.300000000000000000e+01
8.100000000000000000e+01
8.900000000000000000e+01
9.900000000000000000e+01
1.080000000000000000e+02
1.120000000000000000e+02
1.200000000000000000e+02
1.320000000000000000e+02
1.410000000000000000e+02
1.460000000000000000e+02
1.510000000000000000e+02
1.590000000000000000e+02
1.640000000000000000e+02
1.690000000000000000e+02
1.840000000000000000e+02
1.840000000000000000e+02
1.840000000000000000e+02
1.840000000000000000e+02
1.840000000000000000e+02
1.840000000000000000e+02
1.840000000000000000e+02
1.840000000000000000e+02
1.840000000000000000e+02
1.840000000000000000e+02
1.840000000000000000e+02
1.840000000000000000e+02
1.840000000000000000e+02
1.840000000000000000e+02
1.840000000000000000e+02
1.840000000000000000e+02
1.840000000000000000e+02
1.840000000000000000e+02
1.840000000000000000e+02
1.840000000000000000e+02
1.840000000000000000e+02
1.840000000000000000e+02
1.840000000000000000e+02
1.840000000000000000e+02
1.840000000000000000e+02
1.840000000000000000e+02
1.840000000000000000e+02
1.840000000000000000e+02
1.830000000000000000e+02
1.800000000000000000e+02
1.790000000000000000e+02
1.770000000000000000e+02
1.740000000000000000e+02
1.700000000000000000e+02
1.670000000000000000e+02
1.660000000000000000e+02
1.620000000000000000e+02
1.560000000000000000e+02
1.530000000000000000e+02
1.480000000000000000e+02
1.410000000000000000e+02
1.340000000000000000e+02
1.260000000000000000e+02
1.220000000000000000e+02
1.190000000000000000e+02
1.150000000000000000e+02
1.070000000000000000e+02
1.020000000000000000e+02
