0.000000000000000000e+00
1.290000000000000000e+02
1.320000000000000000e+02
1.350000000000000000e+02
1.350000000000000000e+02
1.390000000000000000e+02
1.430000000000000000e+02
1.460000000000000000e+02
1.480000000000000000e+02
1.480000000000000000e+02
1.490000000000000000e+02
1.500000000000000000e+02
1.530000000000000000e+02
1.530000000000000000e+02
1.530000000000000000e+02
1.550000000000000000e+02
1.550000000000000000e+02
1.560000000000000000e+02
1.530000000000000000e+02
1.480000000000000000e+02
1.470000000000000000e+02
1.480000000000000000e+02
1.450000000000000000e+02
1.440000000000000000e+02
1.430000000000000000e+02
1.420000000000000000e+02
1.480000000000000000e+02
1.450000000000000000e+02
1.450000000000000000e+02
1.450000000000000000e+02
1.460000000000000000e+02
1.420000000000000000e+02
1.440000000000000000e+02
1.460000000000000000e+02
1.510000000000000000e+02
1.480000000000000000e+02
1.460000000000000000e+02
1.480000000000000000e+02
1.470000000000000000e+02
1.490000000000000000e+02
1.480000000000000000e+02
1.460000000000000000e+02
1.440000000000000000e+02
1.440000000000000000e+02
1.430000000000000000e+02
1.400000000000000000e+02
1.400000000000000000e+02
1.380000000000000000e+02
1.390000000000000000e+02
1.400000000000000000e+02
1.370000000000000000e+02
1.410000000000000000e+02
1.400000000000000000e+02
1.370000000000000000e+02
1.350000000000000000e+02
1.350000000000000000e+02
1.350000000000000000e+02
1.390000000000000000e+02
1.390000000000000000e+02
1.360000000000000000e+02
1.370000000000000000e+02
1.410000000000000000e+02
1.430000000000000000e+02
1.410000000000000000e+02
1.390000000000000000e+02
1.380000000000000000e+02
1.340000000000000000e+02
1.330000000000000000e+02
1.330000000000000000e+02
1.320000000000000000e+02
1.290000000000000000e+02
1.230000000000000000e+02
1.170000000000000000e+02
1.130000000000000000e+02
1.090000000000000000e+02
1.070000000000000000e+02
1.070000000000000000e+02
1.030000000000000000e+02
1.020000000000000000e+02
1.000000000000000000e+02
1.000000000000000000e+02
9.600000000000000000e+01
9.300000000000000000e+01
9.100000000000000000e+01
8.900000000000000000e+01
8.500000000000000000e+01
8.500000000000000000e+01
8.500000000000000000e+01
8.100000000000000000e+01
8.000000000000000000e+01
7.700000000000000000e+01
7.600000000000000000e+01
6.900000000000000000e+01
6.800000000000000000e+01
6.700000000000000000e+01
6.700000000000000000e+01
6.700000000000000000e+01
6.600000000000000000e+01
6.200000000000000000e+01
6.200000000000000000e+01
5.900000000000000000e+01
5.800000000000000000e+01
5.600000000000000000e+01
5.600000000000000000e+01
5.300000000000000000e+01
5.000000000000000000e+01
4.900000000000000000e+01
4.600000000000000000e+01
4.600000000000000000e+01
4.600000000000000000e+01
4.300000000000000000e+01
4.200000000000000000e+01
3.700000000000000000e+01
3.600000000000000000e+01
3.300000000000000000e+01
3.300000000000000000e+01
3.300000000000000000e+01
3.200000000000000000e+01
3.100000000000000000e+01
3.000000000000000000e+01
3.000000000000000000e+01
3.000000000000000000e+01
2.900000000000000000e+01
2.900000000000000000e+01
2.900000000000000000e+01
2.800000000000000000e+01
2.600000000000000000e+01
2.500000000000000000e+01
