0.000000000000000000e+00
0.000000000000000000e+00
0.000000000000000000e+00
0.000000000000000000e+00
0.000000000000000000e+00
0.000000000000000000e+00
0.000000000000000000e+00
0.000000000000000000e+00
0.000000000000000000e+00
0.000000000000000000e+00
0.000000000000000000e+00
0.000000000000000000e+00
0.000000000000000000e+00
0.000000000000000000e+00
0.000000000000000000e+00
0.000000000000000000e+00
0.000000000000000000e+00
0.000000000000000000e+00
0.000000000000000000e+00
0.000000000000000000e+00
0.000000000000000000e+00
0.000000000000000000e+00
0.000000000000000000e+00
0.000000000000000000e+00
0.000000000000000000e+00
0.000000000000000000e+00
0.000000000000000000e+00
0.000000000000000000e+00
0.000000000000000000e+00
0.000000000000000000e+00
0.000000000000000000e+00
0.000000000000000000e+00
0.000000000000000000e+00
0.000000000000000000e+00
0.000000000000000000e+00
0.000000000000000000e+00
0.000000000000000000e+00
0.000000000000000000e+00
0.000000000000000000e+00
0.000000000000000000e+00
0.000000000000000000e+00
0.000000000000000000e+00
0.000000000000000000e+00
0.000000000000000000e+00
0.000000000000000000e+00
0.000000000000000000e+00
0.000000000000000000e+00
1.000000000000000000e+00
9.000000000000000000e+00
1.000000000000000000e+01
1.000000000000000000e+01
1.500000000000000000e+01
1.900000000000000000e+01
2.300000000000000000e+01
2.300000000000000000e+01
2.700000000000000000e+01
3.100000000000000000e+01
3.900000000000000000e+01
4.200000000000000000e+01
4.200000000000000000e+01
4.500000000000000000e+01
4.900000000000000000e+01
5.300000000000000000e+01
5.300000000000000000e+01
5.400000000000000000e+01
5.700000000000000000e+01
5.800000000000000000e+01
6.300000000000000000e+01
6.300000000000000000e+01
6.700000000000000000e+01
7.000000000000000000e+01
7.400000000000000000e+01
7.700000000000000000e+01
7.700000000000000000e+01
8.200000000000000000e+01
8.500000000000000000e+01
8.700000000000000000e+01
8.700000000000000000e+01
9.200000000000000000e+01
9.300000000000000000e+01
9.700000000000000000e+01
9.900000000000000000e+01
9.700000000000000000e+01
9.900000000000000000e+01
1.000000000000000000e+02
1.050000000000000000e+02
1.030000000000000000e+02
1.050000000000000000e+02
1.080000000000000000e+02
1.100000000000000000e+02
1.110000000000000000e+02
1.110000000000000000e+02
1.110000000000000000e+02
1.140000000000000000e+02
1.170000000000000000e+02
1.160000000000000000e+02
1.180000000000000000e+02
1.280000000000000000e+02
1.300000000000000000e+02
1.330000000000000000e+02
1.330000000000000000e+02
1.360000000000000000e+02
1.390000000000000000e+02
1.420000000000000000e+02
1.440000000000000000e+02
1.420000000000000000e+02
1.430000000000000000e+02
1.460000000000000000e+02
1.470000000000000000e+02
1.460000000000000000e+02
1.460000000000000000e+02
1.480000000000000000e+02
1.460000000000000000e+02
1.460000000000000000e+02
1.450000000000000000e+02
1.460000000000000000e+02
1.480000000000000000e+02
1.510000000000000000e+02
1.490000000000000000e+02
1.500000000000000000e+02
1.540000000000000000e+02
1.540000000000000000e+02
1.550000000000000000e+02
1.530000000000000000e+02
1.530000000000000000e+02
1.520000000000000000e+02
1.550000000000000000e+02
1.530000000000000000e+02
