0.000000000000000000e+00
1.280000000000000000e+02
1.330000000000000000e+02
1.360000000000000000e+02
1.340000000000000000e+02
1.340000000000000000e+02
1.330000000000000000e+02
1.330000000000000000e+02
1.350000000000000000e+02
1.340000000000000000e+02
1.370000000000000000e+02
1.390000000000000000e+02
1.390000000000000000e+02
1.350000000000000000e+02
1.360000000000000000e+02
1.340000000000000000e+02
1.340000000000000000e+02
1.320000000000000000e+02
1.310000000000000000e+02
1.340000000000000000e+02
1.360000000000000000e+02
1.370000000000000000e+02
1.350000000000000000e+02
1.320000000000000000e+02
1.320000000000000000e+02
1.330000000000000000e+02
1.320000000000000000e+02
1.320000000000000000e+02
1.320000000000000000e+02
1.330000000000000000e+02
1.330000000000000000e+02
1.290000000000000000e+02
1.290000000000000000e+02
1.290000000000000000e+02
1.320000000000000000e+02
1.330000000000000000e+02
1.330000000000000000e+02
1.320000000000000000e+02
1.310000000000000000e+02
1.370000000000000000e+02
1.360000000000000000e+02
1.340000000000000000e+02
1.340000000000000000e+02
1.370000000000000000e+02
1.400000000000000000e+02
1.390000000000000000e+02
1.410000000000000000e+02
1.400000000000000000e+02
1.420000000000000000e+02
1.460000000000000000e+02
1.420000000000000000e+02
1.410000000000000000e+02
1.440000000000000000e+02
1.460000000000000000e+02
1.440000000000000000e+02
1.500000000000000000e+02
1.520000000000000000e+02
1.530000000000000000e+02
1.560000000000000000e+02
1.540000000000000000e+02
1.570000000000000000e+02
1.550000000000000000e+02
1.530000000000000000e+02
1.490000000000000000e+02
1.480000000000000000e+02
1.470000000000000000e+02
1.430000000000000000e+02
1.430000000000000000e+02
1.390000000000000000e+02
1.380000000000000000e+02
1.340000000000000000e+02
1.340000000000000000e+02
1.280000000000000000e+02
1.240000000000000000e+02
1.210000000000000000e+02
1.190000000000000000e+02
1.140000000000000000e+02
1.100000000000000000e+02
1.100000000000000000e+02
1.080000000000000000e+02
1.070000000000000000e+02
1.060000000000000000e+02
1.010000000000000000e+02
9.800000000000000000e+01
9.600000000000000000e+01
9.000000000000000000e+01
8.600000000000000000e+01
8.500000000000000000e+01
8.400000000000000000e+01
8.100000000000000000e+01
7.600000000000000000e+01
7.500000000000000000e+01
7.100000000000000000e+01
6.700000000000000000e+01
6.500000000000000000e+01
6.300000000000000000e+01
6.000000000000000000e+01
6.200000000000000000e+01
6.700000000000000000e+01
6.800000000000000000e+01
6.500000000000000000e+01
6.600000000000000000e+01
6.200000000000000000e+01
5.800000000000000000e+01
5.500000000000000000e+01
5.400000000000000000e+01
5.300000000000000000e+01
5.100000000000000000e+01
5.100000000000000000e+01
4.800000000000000000e+01
4.800000000000000000e+01
4.600000000000000000e+01
4.500000000000000000e+01
4.400000000000000000e+01
4.400000000000000000e+01
4.400000000000000000e+01
4.300000000000000000e+01
4.100000000000000000e+01
3.900000000000000000e+01
3.600000000000000000e+01
3.400000000000000000e+01
3.200000000000000000e+01
3.000000000000000000e+01
3.000000000000000000e+01
2.800000000000000000e+01
2.700000000000000000e+01
2.700000000000000000e+01
2.600000000000000000e+01
