0.000000000000000000e+00
1.120000000000000000e+02
1.130000000000000000e+02
1.180000000000000000e+02
1.160000000000000000e+02
1.150000000000000000e+02
1.120000000000000000e+02
1.120000000000000000e+02
1.120000000000000000e+02
1.100000000000000000e+02
1.140000000000000000e+02
1.140000000000000000e+02
1.170000000000000000e+02
1.150000000000000000e+02
1.180000000000000000e+02
1.220000000000000000e+02
1.200000000000000000e+02
1.240000000000000000e+02
1.210000000000000000e+02
1.230000000000000000e+02
1.270000000000000000e+02
1.280000000000000000e+02
1.270000000000000000e+02
1.250000000000000000e+02
1.220000000000000000e+02
1.190000000000000000e+02
1.260000000000000000e+02
1.260000000000000000e+02
1.310000000000000000e+02
1.330000000000000000e+02
1.350000000000000000e+02
1.340000000000000000e+02
1.370000000000000000e+02
1.400000000000000000e+02
1.420000000000000000e+02
1.460000000000000000e+02
1.450000000000000000e+02
1.420000000000000000e+02
1.410000000000000000e+02
1.410000000000000000e+02
1.430000000000000000e+02
1.430000000000000000e+02
1.430000000000000000e+02
1.380000000000000000e+02
1.360000000000000000e+02
1.350000000000000000e+02
1.340000000000000000e+02
1.300000000000000000e+02
1.290000000000000000e+02
1.260000000000000000e+02
1.240000000000000000e+02
1.250000000000000000e+02
1.240000000000000000e+02
1.230000000000000000e+02
1.180000000000000000e+02
1.110000000000000000e+02
1.100000000000000000e+02
1.090000000000000000e+02
1.080000000000000000e+02
1.050000000000000000e+02
1.000000000000000000e+02
9.900000000000000000e+01
9.800000000000000000e+01
9.600000000000000000e+01
9.600000000000000000e+01
9.200000000000000000e+01
8.900000000000000000e+01
8.800000000000000000e+01
8.200000000000000000e+01
8.200000000000000000e+01
7.800000000000000000e+01
7.100000000000000000e+01
7.100000000000000000e+01
6.900000000000000000e+01
6.900000000000000000e+01
6.800000000000000000e+01
6.400000000000000000e+01
6.100000000000000000e+01
6.200000000000000000e+01
5.900000000000000000e+01
5.600000000000000000e+01
5.600000000000000000e+01
5.400000000000000000e+01
5.200000000000000000e+01
4.700000000000000000e+01
4.200000000000000000e+01
4.000000000000000000e+01
3.900000000000000000e+01
3.700000000000000000e+01
3.700000000000000000e+01
3.700000000000000000e+01
3.600000000000000000e+01
3.500000000000000000e+01
3.600000000000000000e+01
3.400000000000000000e+01
3.300000000000000000e+01
3.200000000000000000e+01
3.400000000000000000e+01
3.100000000000000000e+01
3.100000000000000000e+01
3.100000000000000000e+01
3.100000000000000000e+01
3.000000000000000000e+01
3.000000000000000000e+01
2.900000000000000000e+01
2.700000000000000000e+01
2.500000000000000000e+01
2.400000000000000000e+01
2.500000000000000000e+01
2.400000000000000000e+01
2.400000000000000000e+01
2.500000000000000000e+01
2.700000000000000000e+01
2.700000000000000000e+01
2.700000000000000000e+01
2.700000000000000000e+01
2.700000000000000000e+01
2.900000000000000000e+01
2.900000000000000000e+01
3.000000000000000000e+01
3.300000000000000000e+01
3.700000000000000000e+01
3.900000000000000000e+01
3.900000000000000000e+01
4.300000000000000000e+01
4.800000000000000000e+01
5.300000000000000000e+01
5.300000000000000000e+01
