0.000000000000000000e+00
1.390000000000000000e+02
1.410000000000000000e+02
1.410000000000000000e+02
1.380000000000000000e+02
1.450000000000000000e+02
1.450000000000000000e+02
1.460000000000000000e+02
1.470000000000000000e+02
1.430000000000000000e+02
1.430000000000000000e+02
1.440000000000000000e+02
1.470000000000000000e+02
1.440000000000000000e+02
1.440000000000000000e+02
1.440000000000000000e+02
1.470000000000000000e+02
1.490000000000000000e+02
1.480000000000000000e+02
1.450000000000000000e+02
1.470000000000000000e+02
1.490000000000000000e+02
1.460000000000000000e+02
1.460000000000000000e+02
1.480000000000000000e+02
1.450000000000000000e+02
1.440000000000000000e+02
1.420000000000000000e+02
1.460000000000000000e+02
1.470000000000000000e+02
1.470000000000000000e+02
1.450000000000000000e+02
1.470000000000000000e+02
1.450000000000000000e+02
1.480000000000000000e+02
1.510000000000000000e+02
1.510000000000000000e+02
1.510000000000000000e+02
1.520000000000000000e+02
1.510000000000000000e+02
1.490000000000000000e+02
1.480000000000000000e+02
1.480000000000000000e+02
1.440000000000000000e+02
1.440000000000000000e+02
1.410000000000000000e+02
1.410000000000000000e+02
1.420000000000000000e+02
1.430000000000000000e+02
1.430000000000000000e+02
1.430000000000000000e+02
1.450000000000000000e+02
1.470000000000000000e+02
1.470000000000000000e+02
1.420000000000000000e+02
1.430000000000000000e+02
1.400000000000000000e+02
1.430000000000000000e+02
1.420000000000000000e+02
1.360000000000000000e+02
1.380000000000000000e+02
1.380000000000000000e+02
1.330000000000000000e+02
1.330000000000000000e+02
1.280000000000000000e+02
1.230000000000000000e+02
1.230000000000000000e+02
1.200000000000000000e+02
1.150000000000000000e+02
1.140000000000000000e+02
1.110000000000000000e+02
1.100000000000000000e+02
1.070000000000000000e+02
1.050000000000000000e+02
1.010000000000000000e+02
1.000000000000000000e+02
9.600000000000000000e+01
9.300000000000000000e+01
9.200000000000000000e+01
8.900000000000000000e+01
8.700000000000000000e+01
8.200000000000000000e+01
7.800000000000000000e+01
7.700000000000000000e+01
7.300000000000000000e+01
6.900000000000000000e+01
6.700000000000000000e+01
6.500000000000000000e+01
6.300000000000000000e+01
5.900000000000000000e+01
5.900000000000000000e+01
5.300000000000000000e+01
5.200000000000000000e+01
4.800000000000000000e+01
4.400000000000000000e+01
4.400000000000000000e+01
4.400000000000000000e+01
4.200000000000000000e+01
4.000000000000000000e+01
3.800000000000000000e+01
3.500000000000000000e+01
3.200000000000000000e+01
2.900000000000000000e+01
2.900000000000000000e+01
2.900000000000000000e+01
2.600000000000000000e+01
2.400000000000000000e+01
2.400000000000000000e+01
2.400000000000000000e+01
2.200000000000000000e+01
2.000000000000000000e+01
1.700000000000000000e+01
1.800000000000000000e+01
2.000000000000000000e+01
2.000000000000000000e+01
2.500000000000000000e+01
3.200000000000000000e+01
3.400000000000000000e+01
3.100000000000000000e+01
3.400000000000000000e+01
3.700000000000000000e+01
4.000000000000000000e+01
4.200000000000000000e+01
4.100000000000000000e+01
4.300000000000000000e+01
4.600000000000000000e+01
4.900000000000000000e+01
4.800000000000000000e+01
