0.000000000000000000e+00
5.000000000000000000e+01
5.200000000000000000e+01
5.700000000000000000e+01
5.700000000000000000e+01
6.000000000000000000e+01
6.100000000000000000e+01
6.300000000000000000e+01
6.400000000000000000e+01
6.400000000000000000e+01
6.800000000000000000e+01
7.200000000000000000e+01
7.800000000000000000e+01
7.800000000000000000e+01
8.000000000000000000e+01
8.600000000000000000e+01
9.500000000000000000e+01
1.000000000000000000e+02
1.000000000000000000e+02
1.000000000000000000e+02
1.010000000000000000e+02
1.030000000000000000e+02
1.030000000000000000e+02
1.050000000000000000e+02
1.130000000000000000e+02
1.180000000000000000e+02
1.250000000000000000e+02
1.250000000000000000e+02
1.300000000000000000e+02
1.300000000000000000e+02
1.340000000000000000e+02
1.340000000000000000e+02
1.370000000000000000e+02
1.390000000000000000e+02
1.450000000000000000e+02
1.540000000000000000e+02
1.540000000000000000e+02
1.570000000000000000e+02
1.600000000000000000e+02
1.620000000000000000e+02
1.650000000000000000e+02
1.620000000000000000e+02
1.690000000000000000e+02
1.670000000000000000e+02
1.750000000000000000e+02
1.740000000000000000e+02
1.770000000000000000e+02
1.760000000000000000e+02
1.720000000000000000e+02
1.650000000000000000e+02
1.610000000000000000e+02
1.570000000000000000e+02
1.570000000000000000e+02
1.540000000000000000e+02
1.510000000000000000e+02
1.510000000000000000e+02
1.500000000000000000e+02
1.480000000000000000e+02
1.440000000000000000e+02
1.420000000000000000e+02
1.370000000000000000e+02
1.360000000000000000e+02
1.320000000000000000e+02
1.300000000000000000e+02
1.270000000000000000e+02
1.230000000000000000e+02
1.220000000000000000e+02
1.170000000000000000e+02
1.140000000000000000e+02
1.100000000000000000e+02
1.080000000000000000e+02
1.060000000000000000e+02
1.030000000000000000e+02
9.800000000000000000e+01
9.300000000000000000e+01
8.700000000000000000e+01
8.200000000000000000e+01
7.900000000000000000e+01
7.700000000000000000e+01
7.200000000000000000e+01
7.100000000000000000e+01
6.500000000000000000e+01
6.400000000000000000e+01
6.200000000000000000e+01
6.200000000000000000e+01
6.200000000000000000e+01
5.800000000000000000e+01
5.400000000000000000e+01
4.900000000000000000e+01
4.700000000000000000e+01
4.500000000000000000e+01
4.200000000000000000e+01
4.200000000000000000e+01
4.200000000000000000e+01
4.000000000000000000e+01
3.900000000000000000e+01
3.900000000000000000e+01
3.800000000000000000e+01
3.700000000000000000e+01
3.500000000000000000e+01
3.500000000000000000e+01
3.500000000000000000e+01
3.400000000000000000e+01
3.300000000000000000e+01
3.300000000000000000e+01
3.200000000000000000e+01
3.000000000000000000e+01
3.000000000000000000e+01
2.900000000000000000e+01
2.600000000000000000e+01
2.300000000000000000e+01
2.200000000000000000e+01
2.100000000000000000e+01
2.000000000000000000e+01
2.000000000000000000e+01
1.800000000000000000e+01
1.600000000000000000e+01
1.500000000000000000e+01
1.400000000000000000e+01
1.400000000000000000e+01
1.300000000000000000e+01
1.000000000000000000e+01
1.000000000000000000e+01
1.000000000000000000e+01
1.000000000000000000e+01
1.000000000000000000e+01
9.000000000000000000e+00
9.000000000000000000e+00
