0.000000000000000000e+00
6.200000000000000000e+01
6.100000000000000000e+01
5.900000000000000000e+01
5.600000000000000000e+01
5.400000000000000000e+01
5.300000000000000000e+01
5.400000000000000000e+01
5.700000000000000000e+01
5.600000000000000000e+01
5.500000000000000000e+01
6.000000000000000000e+01
6.100000000000000000e+01
6.200000000000000000e+01
6.700000000000000000e+01
7.200000000000000000e+01
7.400000000000000000e+01
7.600000000000000000e+01
7.900000000000000000e+01
8.100000000000000000e+01
7.900000000000000000e+01
7.300000000000000000e+01
7.500000000000000000e+01
7.000000000000000000e+01
6.900000000000000000e+01
6.900000000000000000e+01
7.200000000000000000e+01
6.900000000000000000e+01
7.200000000000000000e+01
7.700000000000000000e+01
8.100000000000000000e+01
8.500000000000000000e+01
8.700000000000000000e+01
9.100000000000000000e+01
9.500000000000000000e+01
9.300000000000000000e+01
9.700000000000000000e+01
1.000000000000000000e+02
1.010000000000000000e+02
1.020000000000000000e+02
1.070000000000000000e+02
1.100000000000000000e+02
1.110000000000000000e+02
1.130000000000000000e+02
1.090000000000000000e+02
1.110000000000000000e+02
1.130000000000000000e+02
1.140000000000000000e+02
1.140000000000000000e+02
1.180000000000000000e+02
1.210000000000000000e+02
1.250000000000000000e+02
1.240000000000000000e+02
1.260000000000000000e+02
1.270000000000000000e+02
1.300000000000000000e+02
1.270000000000000000e+02
1.290000000000000000e+02
1.310000000000000000e+02
1.330000000000000000e+02
1.400000000000000000e+02
1.420000000000000000e+02
1.440000000000000000e+02
1.410000000000000000e+02
1.450000000000000000e+02
1.450000000000000000e+02
1.480000000000000000e+02
1.440000000000000000e+02
1.480000000000000000e+02
1.550000000000000000e+02
1.520000000000000000e+02
1.530000000000000000e+02
1.600000000000000000e+02
1.600000000000000000e+02
1.610000000000000000e+02
1.660000000000000000e+02
1.650000000000000000e+02
1.680000000000000000e+02
1.680000000000000000e+02
1.680000000000000000e+02
1.660000000000000000e+02
1.680000000000000000e+02
1.720000000000000000e+02
1.670000000000000000e+02
1.650000000000000000e+02
1.660000000000000000e+02
1.640000000000000000e+02
1.600000000000000000e+02
1.550000000000000000e+02
1.570000000000000000e+02
1.580000000000000000e+02
1.550000000000000000e+02
1.590000000000000000e+02
1.610000000000000000e+02
1.580000000000000000e+02
1.590000000000000000e+02
