0.000000000000000000e+00
8.500000000000000000e+01
8.300000000000000000e+01
8.000000000000000000e+01
7.800000000000000000e+01
7.400000000000000000e+01
7.100000000000000000e+01
6.800000000000000000e+01
6.600000000000000000e+01
6.400000000000000000e+01
6.000000000000000000e+01
5.500000000000000000e+01
5.000000000000000000e+01
4.700000000000000000e+01
4.500000000000000000e+01
4.200000000000000000e+01
3.500000000000000000e+01
3.100000000000000000e+01
2.600000000000000000e+01
2.400000000000000000e+01
2.000000000000000000e+01
1.900000000000000000e+01
1.400000000000000000e+01
1.300000000000000000e+01
1.200000000000000000e+01
1.000000000000000000e+01
6.000000000000000000e+00
5.000000000000000000e+00
6.000000000000000000e+00
6.000000000000000000e+00
6.000000000000000000e+00
6.000000000000000000e+00
6.000000000000000000e+00
7.000000000000000000e+00
8.000000000000000000e+00
8.000000000000000000e+00
1.200000000000000000e+01
1.300000000000000000e+01
1.500000000000000000e+01
1.900000000000000000e+01
2.400000000000000000e+01
2.500000000000000000e+01
2.600000000000000000e+01
2.900000000000000000e+01
3.200000000000000000e+01
3.200000000000000000e+01
3.700000000000000000e+01
4.000000000000000000e+01
4.400000000000000000e+01
4.600000000000000000e+01
4.900000000000000000e+01
5.100000000000000000e+01
5.400000000000000000e+01
5.800000000000000000e+01
6.300000000000000000e+01
6.700000000000000000e+01
6.800000000000000000e+01
7.100000000000000000e+01
7.600000000000000000e+01
8.000000000000000000e+01
8.300000000000000000e+01
8.300000000000000000e+01
8.400000000000000000e+01
8.700000000000000000e+01
8.800000000000000000e+01
9.100000000000000000e+01
9.400000000000000000e+01
9.500000000000000000e+01
9.500000000000000000e+01
9.700000000000000000e+01
1.000000000000000000e+02
1.040000000000000000e+02
1.120000000000000000e+02
1.130000000000000000e+02
1.150000000000000000e+02
1.160000000000000000e+02
1.150000000000000000e+02
1.180000000000000000e+02
1.210000000000000000e+02
1.260000000000000000e+02
1.250000000000000000e+02
1.260000000000000000e+02
1.270000000000000000e+02
1.270000000000000000e+02
1.250000000000000000e+02
1.320000000000000000e+02
1.370000000000000000e+02
1.370000000000000000e+02
1.360000000000000000e+02
1.380000000000000000e+02
1.380000000000000000e+02
1.400000000000000000e+02
1.400000000000000000e+02
1.390000000000000000e+02
1.430000000000000000e+02
1.450000000000000000e+02
