0.000000000000000000e+00
3.400000000000000000e+01
3.100000000000000000e+01
3.200000000000000000e+01
3.000000000000000000e+01
2.800000000000000000e+01
2.600000000000000000e+01
2.700000000000000000e+01
2.800000000000000000e+01
3.000000000000000000e+01
3.100000000000000000e+01
3.100000000000000000e+01
3.300000000000000000e+01
3.400000000000000000e+01
3.500000000000000000e+01
3.600000000000000000e+01
3.700000000000000000e+01
3.400000000000000000e+01
3.400000000000000000e+01
3.100000000000000000e+01
2.900000000000000000e+01
3.000000000000000000e+01
3.100000000000000000e+01
2.900000000000000000e+01
2.900000000000000000e+01
2.900000000000000000e+01
3.000000000000000000e+01
3.300000000000000000e+01
3.200000000000000000e+01
3.500000000000000000e+01
3.400000000000000000e+01
3.400000000000000000e+01
3.800000000000000000e+01
4.200000000000000000e+01
4.700000000000000000e+01
4.800000000000000000e+01
5.000000000000000000e+01
5.100000000000000000e+01
5.600000000000000000e+01
6.000000000000000000e+01
6.800000000000000000e+01
6.900000000000000000e+01
7.200000000000000000e+01
7.200000000000000000e+01
7.200000000000000000e+01
7.600000000000000000e+01
7.900000000000000000e+01
7.900000000000000000e+01
8.400000000000000000e+01
8.500000000000000000e+01
8.700000000000000000e+01
8.700000000000000000e+01
9.000000000000000000e+01
9.100000000000000000e+01
9.500000000000000000e+01
1.000000000000000000e+02
9.900000000000000000e+01
9.900000000000000000e+01
1.010000000000000000e+02
1.030000000000000000e+02
1.070000000000000000e+02
1.120000000000000000e+02
1.170000000000000000e+02
1.150000000000000000e+02
1.170000000000000000e+02
1.190000000000000000e+02
1.190000000000000000e+02
1.190000000000000000e+02
1.210000000000000000e+02
1.230000000000000000e+02
1.220000000000000000e+02
1.220000000000000000e+02
1.260000000000000000e+02
1.260000000000000000e+02
1.240000000000000000e+02
1.220000000000000000e+02
1.240000000000000000e+02
1.240000000000000000e+02
1.240000000000000000e+02
1.220000000000000000e+02
1.230000000000000000e+02
1.240000000000000000e+02
1.240000000000000000e+02
1.260000000000000000e+02
1.260000000000000000e+02
1.240000000000000000e+02
1.290000000000000000e+02
1.280000000000000000e+02
1.300000000000000000e+02
1.250000000000000000e+02
1.280000000000000000e+02
1.290000000000000000e+02
1.260000000000000000e+02
1.250000000000000000e+02
1.240000000000000000e+02
1.240000000000000000e+02
