0.000000000000000000e+00
1.800000000000000000e+01
1.500000000000000000e+01
1.400000000000000000e+01
1.500000000000000000e+01
1.700000000000000000e+01
1.800000000000000000e+01
1.800000000000000000e+01
2.000000000000000000e+01
2.300000000000000000e+01
2.600000000000000000e+01
2.900000000000000000e+01
3.200000000000000000e+01
3.500000000000000000e+01
3.700000000000000000e+01
4.000000000000000000e+01
4.200000000000000000e+01
4.600000000000000000e+01
5.000000000000000000e+01
5.100000000000000000e+01
5.000000000000000000e+01
5.400000000000000000e+01
5.700000000000000000e+01
6.000000000000000000e+01
6.700000000000000000e+01
6.800000000000000000e+01
7.100000000000000000e+01
7.100000000000000000e+01
7.600000000000000000e+01
7.700000000000000000e+01
7.900000000000000000e+01
8.000000000000000000e+01
8.200000000000000000e+01
8.700000000000000000e+01
8.900000000000000000e+01
9.400000000000000000e+01
9.500000000000000000e+01
9.600000000000000000e+01
9.900000000000000000e+01
1.040000000000000000e+02
1.100000000000000000e+02
1.130000000000000000e+02
1.150000000000000000e+02
1.180000000000000000e+02
1.230000000000000000e+02
1.280000000000000000e+02
1.290000000000000000e+02
1.320000000000000000e+02
1.390000000000000000e+02
1.420000000000000000e+02
1.420000000000000000e+02
1.400000000000000000e+02
1.400000000000000000e+02
1.410000000000000000e+02
1.430000000000000000e+02
1.450000000000000000e+02
1.450000000000000000e+02
1.460000000000000000e+02
1.480000000000000000e+02
1.540000000000000000e+02
1.550000000000000000e+02
1.560000000000000000e+02
1.530000000000000000e+02
1.570000000000000000e+02
1.590000000000000000e+02
1.590000000000000000e+02
1.580000000000000000e+02
1.600000000000000000e+02
1.570000000000000000e+02
1.560000000000000000e+02
1.530000000000000000e+02
1.530000000000000000e+02
1.560000000000000000e+02
1.560000000000000000e+02
1.570000000000000000e+02
1.540000000000000000e+02
1.560000000000000000e+02
1.550000000000000000e+02
1.520000000000000000e+02
1.500000000000000000e+02
1.560000000000000000e+02
1.560000000000000000e+02
1.560000000000000000e+02
1.560000000000000000e+02
1.540000000000000000e+02
1.490000000000000000e+02
1.490000000000000000e+02
1.500000000000000000e+02
1.500000000000000000e+02
1.510000000000000000e+02
1.490000000000000000e+02
1.480000000000000000e+02
1.460000000000000000e+02
1.440000000000000000e+02
1.420000000000000000e+02
1.430000000000000000e+02
