0.000000000000000000e+00
1.250000000000000000e+02
1.260000000000000000e+02
1.320000000000000000e+02
1.320000000000000000e+02
1.350000000000000000e+02
1.360000000000000000e+02
1.430000000000000000e+02
1.460000000000000000e+02
1.420000000000000000e+02
1.410000000000000000e+02
1.430000000000000000e+02
1.460000000000000000e+02
1.450000000000000000e+02
1.420000000000000000e+02
1.410000000000000000e+02
1.440000000000000000e+02
1.430000000000000000e+02
1.430000000000000000e+02
1.470000000000000000e+02
1.470000000000000000e+02
1.500000000000000000e+02
1.450000000000000000e+02
1.460000000000000000e+02
1.500000000000000000e+02
1.510000000000000000e+02
1.500000000000000000e+02
1.440000000000000000e+02
1.460000000000000000e+02
1.450000000000000000e+02
1.430000000000000000e+02
1.410000000000000000e+02
1.390000000000000000e+02
1.380000000000000000e+02
1.390000000000000000e+02
1.380000000000000000e+02
1.370000000000000000e+02
1.370000000000000000e+02
1.370000000000000000e+02
1.370000000000000000e+02
1.360000000000000000e+02
1.350000000000000000e+02
1.370000000000000000e+02
1.360000000000000000e+02
1.360000000000000000e+02
1.330000000000000000e+02
1.290000000000000000e+02
1.260000000000000000e+02
1.300000000000000000e+02
1.300000000000000000e+02
1.240000000000000000e+02
1.190000000000000000e+02
1.210000000000000000e+02
1.230000000000000000e+02
1.230000000000000000e+02
1.190000000000000000e+02
1.180000000000000000e+02
1.180000000000000000e+02
1.150000000000000000e+02
1.130000000000000000e+02
1.100000000000000000e+02
1.060000000000000000e+02
1.050000000000000000e+02
1.050000000000000000e+02
1.020000000000000000e+02
9.900000000000000000e+01
9.800000000000000000e+01
9.500000000000000000e+01
9.000000000000000000e+01
8.600000000000000000e+01
8.300000000000000000e+01
8.200000000000000000e+01
8.000000000000000000e+01
7.700000000000000000e+01
7.600000000000000000e+01
7.300000000000000000e+01
7.300000000000000000e+01
7.100000000000000000e+01
6.800000000000000000e+01
6.400000000000000000e+01
6.100000000000000000e+01
5.800000000000000000e+01
5.700000000000000000e+01
5.200000000000000000e+01
5.000000000000000000e+01
4.800000000000000000e+01
4.400000000000000000e+01
4.000000000000000000e+01
3.300000000000000000e+01
3.200000000000000000e+01
3.100000000000000000e+01
3.000000000000000000e+01
2.500000000000000000e+01
2.400000000000000000e+01
2.200000000000000000e+01
1.800000000000000000e+01
1.700000000000000000e+01
1.700000000000000000e+01
1.400000000000000000e+01
1.300000000000000000e+01
1.200000000000000000e+01
1.200000000000000000e+01
1.200000000000000000e+01
1.200000000000000000e+01
1.100000000000000000e+01
1.000000000000000000e+01
1.000000000000000000e+01
9.000000000000000000e+00
9.000000000000000000e+00
8.000000000000000000e+00
8.000000000000000000e+00
8.000000000000000000e+00
7.000000000000000000e+00
7.000000000000000000e+00
7.000000000000000000e+00
7.000000000000000000e+00
7.000000000000000000e+00
7.000000000000000000e+00
6.000000000000000000e+00
6.000000000000000000e+00
6.000000000000000000e+00
6.000000000000000000e+00
6.000000000000000000e+00
6.000000000000000000e+00
6.000000000000000000e+00
6.000000000000000000e+00
6.000000000000000000e+00
6.000000000000000000e+00
